$2022-03-25 09:45:50, 7701640, 7049890, 6.5318484, 27.9176, 30.95445, 21.86504, 160.7, 8.29
$2022-03-25 09:45:52, 7700492, 7048729, 6.5405469, 16.3755, 30.48753, 21.87839, 151.0, 8.29
$2022-03-25 09:45:54, 7699564, 7047669, 6.5478482, 13.8270, 30.31052, 21.87839, 150.0, 8.29
$2022-03-25 09:45:56, 7698814, 7046845, 6.5526938, 9.2149, 30.12284, 21.87839, 150.3, 8.29
$2022-03-25 09:45:58, 7698107, 7046028, 6.5572000, 8.5789, 30.04959, 21.89174, 150.3, 8.29
$2022-03-25 09:46:04, 7696278, 7044101, 6.5636382, 0.4522, 29.82071, 21.93446, 150.7, 8.29
$2022-03-25 09:46:06, 7695622, 7043432, 6.5656457, 3.8099, 29.74594, 21.92111, 150.7, 8.28
$2022-03-25 09:46:08, 7694965, 7042731, 6.5679259, 4.2968, 29.66049, 21.94782, 150.7, 8.28
$2022-03-25 09:46:10, 7694295, 7042072, 6.5693116, 2.6082, 29.51705, 21.97719, 151.0, 8.28
$2022-03-25 09:46:12, 7693608, 7041378, 6.5708938, 2.9899, 29.50332, 21.99054, 151.0, 8.28
$2022-03-25 09:46:14, 7692863, 7040636, 6.5723338, 2.7185, 29.40261, 22.00389, 151.0, 8.28
$2022-03-25 09:46:16, 7692132, 7039886, 6.5740037, 3.1415, 29.36141, 22.03326, 151.0, 8.28
$2022-03-25 09:46:18, 7691369, 7039130, 6.5752683, 2.3724, 29.26070, 22.04662, 151.3, 8.28
$2022-03-25 09:46:20, 7690536, 7038312, 6.5764909, 2.3074, 29.28969, 22.05997, 150.7, 8.28
$2022-03-25 09:46:22, 7689702, 7037484, 6.5778003, 2.4809, 29.26528, 22.08934, 151.0, 8.28
$2022-03-25 09:46:24, 7688854, 7036654, 6.5789342, 2.1448, 29.21950, 22.08934, 151.0, 8.28
$2022-03-25 09:46:26, 7687936, 7035769, 6.5799060, 1.8367, 29.23781, 22.13207, 151.0, 8.28
$2022-03-25 09:46:28, 7687052, 7034897, 6.5811381, 2.3380, 29.19661, 22.14542, 151.0, 8.28
$2022-03-25 09:46:30, 7686062, 7033969, 6.5817389, 1.1376, 29.13405, 22.14542, 151.0, 8.28
$2022-03-25 09:46:32, 7685061, 7033014, 6.5825782, 1.5900, 29.10964, 22.17213, 151.0, 8.28
$2022-03-25 09:46:34, 7684065, 7032070, 6.5832982, 1.3643, 29.09591, 22.18815, 151.0, 8.28
$2022-03-25 09:46:36, 7683023, 7031065, 6.5843015, 1.9004, 29.08370, 22.22820, 151.0, 8.28
$2022-03-25 09:46:38, 7681939, 7030035, 6.5850978, 1.5046, 29.05623, 22.24422, 151.3, 8.28
$2022-03-25 09:46:40, 7680843, 7029020, 6.5854802, 0.7183, 29.05623, 22.24422, 151.3, 8.28
$2022-03-25 09:46:42, 7679681, 7027926, 6.5861459, 1.2499, 28.98604, 22.27360, 151.3, 8.28
$2022-03-25 09:46:44, 7678506, 7026816, 6.5868764, 1.3787, 28.95552, 22.27360, 151.7, 8.28
$2022-03-25 09:46:46, 7677330, 7025707, 6.5875640, 1.2790, 28.97230, 22.28695, 151.7, 8.27
$2022-03-25 09:46:48, 7676121, 7024530, 6.5917096, 7.8135, 28.88991, 22.34303, 151.7, 8.27
$2022-03-25 09:46:50, 7674884, 7023399, 6.5919166, 0.3904, 28.90516, 22.35905, 151.7, 8.27
$2022-03-25 09:46:52, 7673659, 7022229, 6.5928330, 1.7245, 28.84871, 22.38575, 152.0, 8.27
$2022-03-25 09:46:54, 7672353, 7021027, 6.5931382, 0.5740, 28.87617, 22.37240, 152.0, 8.27
$2022-03-25 09:46:56, 7671097, 7019835, 6.5939889, 1.5678, 28.80445, 22.39910, 154.1, 8.27
$2022-03-25 09:46:58, 7669782, 7018601, 6.5946431, 1.2230, 28.79072, 22.41512, 152.0, 8.27
$2022-03-25 09:47:00, 7668477, 7017385, 6.5951667, 0.9876, 28.74800, 22.41512, 151.7, 8.27
$2022-03-25 09:47:02, 7667185, 7016195, 6.5955167, 0.6566, 28.73579, 22.45785, 151.7, 8.27
$2022-03-25 09:47:04, 7665851, 7014911, 6.5966716, 2.1618, 28.69764, 22.49790, 151.7, 8.27
$2022-03-25 09:47:06, 7664484, 7013688, 6.5965085, -0.3059, 28.66560, 22.49790, 151.7, 8.27
$2022-03-25 09:47:08, 7663202, 7012515, 6.5967708, 0.4938, 28.62440, 22.49790, 151.3, 8.27
$2022-03-25 09:47:12, 7660058, 7009665, 6.5966392, -0.1093, 28.46876, 22.57000, 151.7, 8.27
$2022-03-25 09:47:14, 7658694, 7008397, 6.5971742, 1.0009, 28.41077, 22.58335, 151.3, 8.27
$2022-03-25 09:47:16, 7657284, 7007121, 6.5972285, 0.1027, 28.33753, 22.58335, 151.3, 8.27
$2022-03-25 09:47:18, 7655858, 7005825, 6.5973372, 0.2050, 28.34058, 22.62608, 151.3, 8.27
$2022-03-25 09:47:20, 7654506, 7004583, 6.5976758, 0.6404, 28.31312, 22.63943, 151.3, 8.27
$2022-03-25 09:47:22, 7653103, 7003314, 6.5977082, 0.0613, 28.28107, 22.63943, 151.3, 8.27
$2022-03-25 09:47:24, 7651670, 7002049, 6.5972829, -0.8046, 28.24140, 22.68215, 151.3, 8.27
$2022-03-25 09:47:26, 7650326, 7000824, 6.5975013, 0.4108, 28.15747, 22.70885, 151.3, 8.27
$2022-03-25 09:47:28, 7648899, 6999508, 6.5978827, 0.7166, 28.20020, 22.70885, 151.0, 8.27
$2022-03-25 09:47:30, 7647488, 6998208, 6.5982757, 0.7432, 28.11627, 22.73823, 151.3, 8.27
$2022-03-25 09:47:32, 7646059, 6996929, 6.5981126, -0.3024, 28.09949, 22.73823, 151.0, 8.27
$2022-03-25 09:47:34, 7644591, 6995600, 6.5981774, 0.1222, 28.14527, 22.76493, 151.0, 8.27
$2022-03-25 09:47:36, 7643233, 6994375, 6.5981774, 0.0000, 28.06134, 22.78095, 151.0, 8.27
$2022-03-25 09:47:38, 7641882, 6993127, 6.5985923, 0.7844, 28.00183, 22.79430, 151.0, 8.27
$2022-03-25 09:47:40, 7640456, 6991859, 6.5982976, -0.5537, 27.96063, 22.82368, 151.0, 8.27
$2022-03-25 09:47:43, 7639062, 6990640, 6.5977521, -1.0290, 27.88892, 22.83970, 151.0, 8.27
$2022-03-25 09:47:45, 7637635, 6989268, 6.5989518, 2.2580, 27.87366, 22.85306, 150.7, 8.27
$2022-03-25 09:47:47, 7636207, 6987966, 6.5991263, 0.3303, 27.83246, 22.85306, 150.7, 8.27
$2022-03-25 09:47:49, 7634851, 6986723, 6.5994315, 0.5790, 27.82025, 22.92248, 150.7, 8.27
$2022-03-25 09:47:51, 7633413, 6985439, 6.5992246, -0.3904, 27.77447, 22.89578, 150.7, 8.27
$2022-03-25 09:47:53, 7632008, 6984167, 6.5992789, 0.1026, 27.77752, 22.93584, 150.7, 8.27
$2022-03-25 09:47:55, 7630635, 6982943, 6.5990615, -0.4101, 27.82330, 22.93584, 150.7, 8.27
$2022-03-25 09:47:57, 7629241, 6981670, 6.5992904, 0.4320, 27.85535, 22.99191, 150.7, 8.27
$2022-03-25 09:47:59, 7627876, 6980411, 6.5996938, 0.7672, 27.84161, 22.99191, 150.3, 8.27
$2022-03-25 09:48:01, 7626479, 6979173, 6.5993657, -0.6216, 27.82788, 23.00793, 150.3, 8.27
$2022-03-25 09:48:03, 7625100, 6977936, 6.5992789, -0.1651, 27.82940, 23.02129, 150.3, 8.27
$2022-03-25 09:48:05, 7623775, 6976721, 6.5995736, 0.5562, 27.81567, 23.06401, 150.3, 8.27
$2022-03-25 09:48:07, 7622405, 6975480, 6.5996280, 0.1031, 27.75921, 23.05066, 150.3, 8.27
$2022-03-25 09:48:09, 7621020, 6974200, 6.6000428, 0.7808, 27.83246, 23.06401, 150.7, 8.27
$2022-03-25 09:48:11, 7619688, 6973015, 6.5998139, -0.4342, 27.81872, 23.09071, 150.3, 8.27
$2022-03-25 09:48:15, 7616652, 6970277, 6.5995193, -0.2479, 27.73633, 23.16281, 150.3, 8.26
$2022-03-25 09:48:17, 7615340, 6969083, 6.5996718, 0.2905, 27.69513, 23.18952, 150.3, 8.27
$2022-03-25 09:48:19, 7613997, 6967885, 6.5994973, -0.3319, 27.69513, 23.18952, 150.3, 8.27
$2022-03-25 09:48:21, 7612654, 6966671, 6.5995297, 0.0618, 27.64935, 23.18952, 150.3, 8.26
$2022-03-25 09:48:23, 7611356, 6965483, 6.5997910, 0.4988, 27.64019, 23.21890, 150.0, 8.26
$2022-03-25 09:48:25, 7610042, 6964295, 6.5998359, 0.0853, 27.66766, 23.23225, 150.3, 8.27
$2022-03-25 09:48:27, 7608744, 6963120, 6.5999007, 0.1235, 27.64172, 23.24560, 150.3, 8.26
$2022-03-25 09:48:29, 7607469, 6961972, 6.5998797, -0.0400, 27.62798, 23.27497, 150.3, 8.27
$2022-03-25 09:48:31, 7606161, 6960779, 6.6000543, 0.3320, 27.59899, 23.27497, 150.3, 8.26
$2022-03-25 09:48:33, 7604864, 6959592, 6.6002936, 0.4559, 27.57153, 23.28832, 150.3, 8.26
$2022-03-25 09:48:35, 7603590, 6958466, 6.5999885, -0.5792, 27.55779, 23.31770, 150.3, 8.26
$2022-03-25 09:48:37, 7602274, 6957265, 6.6001735, 0.3525, 27.45708, 23.34440, 150.3, 8.26
$2022-03-25 09:48:39, 7601018, 6956126, 6.6002936, 0.2293, 27.44030, 23.34440, 150.0, 8.26
$2022-03-25 09:48:41, 7599748, 6954968, 6.6004567, 0.3101, 27.44335, 23.36042, 150.3, 8.26
$2022-03-25 09:48:43, 7598442, 6953794, 6.6003919, -0.1237, 27.38537, 23.36042, 150.0, 8.26
$2022-03-25 09:48:45, 7597218, 6952647, 6.6010346, 1.2258, 27.36095, 23.40315, 150.0, 8.26
$2022-03-25 09:48:47, 7595934, 6951476, 6.6012206, 0.3546, 27.38842, 23.41650, 150.0, 8.26
$2022-03-25 09:48:49, 7594668, 6950326, 6.6013513, 0.2488, 27.31670, 23.43252, 150.3, 8.26
$2022-03-25 09:48:51, 7593443, 6949257, 6.6008172, -1.0179, 27.34722, 23.43252, 150.0, 8.26
$2022-03-25 09:48:53, 7592185, 6948114, 6.6009593, 0.2711, 27.33349, 23.44587, 150.0, 8.26
$2022-03-25 09:48:55, 7590926, 6946991, 6.6007733, -0.3526, 27.33501, 23.47257, 150.0, 8.26
$2022-03-25 09:48:57, 7589710, 6945887, 6.6008935, 0.2279, 27.24804, 23.50195, 150.0, 8.26
$2022-03-25 09:48:59, 7588482, 6944724, 6.6016898, 1.5168, 27.32433, 23.52865, 150.0, 8.26
$2022-03-25 09:49:01, 7587241, 6943621, 6.6014504, -0.4543, 27.23430, 23.52865, 150.0, 8.26
$2022-03-25 09:49:03, 7586054, 6942558, 6.6013513, -0.1891, 27.23735, 23.54467, 150.0, 8.26
$2022-03-25 09:49:05, 7584815, 6941432, 6.6014829, 0.2507, 27.16564, 23.57137, 150.3, 8.26
$2022-03-25 09:49:07, 7583628, 6940337, 6.6018205, 0.6388, 27.13817, 23.58473, 150.0, 8.26
$2022-03-25 09:49:09, 7582397, 6939235, 6.6017232, -0.1847, 27.12444, 23.60075, 150.3, 8.26
$2022-03-25 09:49:11, 7581203, 6938135, 6.6020494, 0.6235, 27.02220, 23.61410, 150.0, 8.26
$2022-03-25 09:49:13, 7580002, 6937078, 6.6017003, -0.6642, 26.96422, 23.62745, 150.3, 8.26
$2022-03-25 09:49:18, 7577281, 6934605, 6.6016898, -0.0088, 26.95354, 23.68353, 150.3, 8.26
$2022-03-25 09:49:20, 7576120, 6933537, 6.6019731, 0.5392, 26.95354, 23.67018, 150.3, 8.26
$2022-03-25 09:49:22, 7574954, 6932483, 6.6019845, 0.0218, 26.95506, 23.69955, 150.0, 8.26
$2022-03-25 09:49:24, 7573753, 6931400, 6.6020055, 0.0400, 26.89861, 23.71290, 150.0, 8.26
$2022-03-25 09:49:26, 7572619, 6930349, 6.6024308, 0.8120, 26.88487, 23.75562, 150.0, 8.26
$2022-03-25 09:49:28, 7571441, 6929287, 6.6024203, -0.0200, 26.85435, 23.72625, 150.0, 8.26
$2022-03-25 09:49:30, 7570278, 6928257, 6.6021476, -0.5192, 26.84367, 23.75562, 150.3, 8.26
$2022-03-25 09:49:32, 7569150, 6927231, 6.6022782, 0.2489, 26.78569, 23.76898, 150.3, 8.26
$2022-03-25 09:49:34, 7567961, 6926145, 6.6024642, 0.3546, 26.78569, 23.78233, 150.0, 8.26
$2022-03-25 09:49:36, 7566795, 6925090, 6.6025300, 0.1253, 26.78874, 23.79568, 150.3, 8.26
$2022-03-25 09:49:38, 7565686, 6924093, 6.6024642, -0.1244, 26.77195, 23.79568, 150.0, 8.26
$2022-03-25 09:49:40, 7564530, 6923018, 6.6029553, 0.9292, 26.77653, 23.85175, 150.3, 8.26
$2022-03-25 09:49:42, 7563347, 6921971, 6.6026387, -0.6031, 26.72923, 23.82505, 150.3, 8.26
$2022-03-25 09:49:44, 7562230, 6920958, 6.6027150, 0.1451, 26.71702, 23.83840, 150.3, 8.26
$2022-03-25 09:49:46, 7561086, 6919945, 6.6024642, -0.4777, 26.72007, 23.86778, 150.3, 8.26
$2022-03-25 09:49:48, 7560002, 6918941, 6.6028352, 0.7068, 26.77958, 23.88113, 150.0, 8.26
$2022-03-25 09:49:50, 7558880, 6917932, 6.6028132, -0.0417, 26.73533, 23.92653, 150.3, 8.26
$2022-03-25 09:49:52, 7557767, 6916939, 6.6026607, -0.2906, 26.72465, 23.92653, 150.3, 8.26
$2022-03-25 09:49:54, 7556675, 6915966, 6.6024861, -0.3321, 26.73533, 23.92653, 150.3, 8.26
$2022-03-25 09:49:56, 7555551, 6914927, 6.6028571, 0.7019, 26.63767, 23.95323, 150.3, 8.26
$2022-03-25 09:49:58, 7554435, 6913921, 6.6028676, 0.0198, 26.60716, 23.98261, 150.3, 8.26
$2022-03-25 09:50:00, 7553346, 6912966, 6.6024642, -0.7676, 26.61021, 23.99596, 150.3, 8.26
$2022-03-25 09:50:02, 7552229, 6911966, 6.6023765, -0.1662, 26.59647, 24.00931, 150.3, 8.26
$2022-03-25 09:50:04, 7551126, 6911013, 6.6017871, -1.1125, 26.52323, 24.02533, 150.3, 8.26
$2022-03-25 09:50:06, 7550070, 6910013, 6.6024756, 1.3016, 26.53849, 24.02533, 150.3, 8.26
$2022-03-25 09:50:08, 7548954, 6909002, 6.6025405, 0.1222, 26.48203, 24.03868, 150.3, 8.26
$2022-03-25 09:50:10, 7547844, 6908007, 6.6024642, -0.1453, 26.48356, 24.06538, 150.3, 8.26
$2022-03-25 09:50:12, 7546806, 6907055, 6.6026931, 0.4363, 26.51408, 24.08141, 150.3, 8.26
$2022-03-25 09:50:14, 7545700, 6906070, 6.6024966, -0.3730, 26.46983, 24.09476, 150.3, 8.26
$2022-03-25 09:50:16, 7544675, 6905149, 6.6024528, -0.0834, 26.48356, 24.09476, 150.7, 8.26
$2022-03-25 09:50:20, 7542254, 6902961, 6.6022677, -0.1535, 26.44541, 24.13748, 150.0, 8.26
$2022-03-25 09:50:22, 7541195, 6902006, 6.6022897, 0.0418, 26.37217, 24.15083, 150.3, 8.26
$2022-03-25 09:50:24, 7540140, 6901068, 6.6020827, -0.3937, 26.37217, 24.15083, 150.3, 8.26
$2022-03-25 09:50:26, 7539060, 6900082, 6.6022353, 0.2902, 26.35996, 24.18021, 150.3, 8.26
$2022-03-25 09:50:28, 7538063, 6899169, 6.6024642, 0.4357, 26.30350, 24.20691, 150.3, 8.26
$2022-03-25 09:50:30, 7537040, 6898222, 6.6028352, 0.7076, 26.31724, 24.20691, 150.3, 8.26
$2022-03-25 09:50:32, 7535985, 6897249, 6.6031404, 0.5789, 26.27299, 24.20691, 150.3, 8.26
$2022-03-25 09:50:34, 7534961, 6896355, 6.6027036, -0.8311, 26.28672, 24.20691, 150.3, 8.26
$2022-03-25 09:50:36, 7533929, 6895388, 6.6032491, 1.0319, 26.21652, 24.23629, 150.0, 8.26
$2022-03-25 09:50:38, 7532898, 6894448, 6.6033807, 0.2507, 26.24399, 24.23629, 150.3, 8.26
$2022-03-25 09:50:40, 7531894, 6893548, 6.6032929, -0.1659, 26.20279, 24.26299, 150.3, 8.26
$2022-03-25 09:50:42, 7530863, 6892561, 6.6041331, 1.5986, 26.20279, 24.26299, 150.7, 8.26
$2022-03-25 09:50:44, 7529842, 6891615, 6.6045041, 0.7039, 26.13413, 24.30572, 150.7, 8.26
$2022-03-25 09:50:46, 7528829, 6890728, 6.6041551, -0.6598, 26.12039, 24.33242, 150.3, 8.26
$2022-03-25 09:50:48, 7527804, 6889814, 6.6040130, -0.2710, 26.19364, 24.33242, 150.3, 8.26
$2022-03-25 09:50:50, 7526814, 6888903, 6.6042638, 0.4734, 26.16312, 24.31907, 150.3, 8.26
$2022-03-25 09:50:52, 7525812, 6887993, 6.6043620, 0.1855, 26.19516, 24.36179, 150.7, 8.26
$2022-03-25 09:50:54, 7524795, 6887067, 6.6044602, 0.1867, 26.12039, 24.34844, 150.7, 8.26
$2022-03-25 09:50:56, 7523860, 6886200, 6.6048198, 0.6783, 26.09445, 24.36179, 150.3, 8.26
$2022-03-25 09:50:58, 7522859, 6885324, 6.6044383, -0.7223, 26.12497, 24.38850, 150.7, 8.26
$2022-03-25 09:51:00, 7521857, 6884411, 6.6045690, 0.2483, 26.08072, 24.40452, 150.7, 8.26
$2022-03-25 09:51:02, 7520891, 6883541, 6.6045690, 0.0000, 26.09903, 24.43122, 150.3, 8.26
$2022-03-25 09:51:04, 7519909, 6882659, 6.6045260, -0.0815, 26.05325, 24.44724, 150.7, 8.26
$2022-03-25 09:51:06, 7518939, 6881771, 6.6047435, 0.4134, 25.98306, 24.46326, 150.3, 8.26
$2022-03-25 09:51:08, 7517980, 6880921, 6.6045041, -0.4530, 25.99680, 24.46326, 150.7, 8.26
$2022-03-25 09:51:10, 7516966, 6880023, 6.6042743, -0.4324, 25.99832, 24.47662, 150.7, 8.26
$2022-03-25 09:51:12, 7516007, 6879161, 6.6042314, -0.0817, 25.95560, 24.50599, 150.3, 8.26
$2022-03-25 09:51:14, 7515036, 6878266, 6.6045041, 0.5172, 25.93881, 24.47662, 150.7, 8.26
$2022-03-25 09:51:16, 7514084, 6877403, 6.6045585, 0.1034, 26.00137, 24.50599, 150.3, 8.26
$2022-03-25 09:51:18, 7513158, 6876605, 6.6040235, -1.0166, 25.91135, 24.50599, 150.7, 8.26
$2022-03-25 09:51:57, 7497375, 6861675, 6.5734801, 21.4776, 26.41032, 24.68757, 163.8, 8.26
$2022-03-25 09:51:59, 7496673, 6861317, 6.5797305, 11.7944, 26.12955, 24.70092, 151.0, 8.26
$2022-03-25 09:52:01, 7496190, 6860908, 6.5855565, 10.9604, 26.05631, 24.68757, 150.7, 8.26
$2022-03-25 09:52:03, 7495733, 6860548, 6.5889497, 6.1765, 25.86557, 24.68757, 150.7, 8.26
$2022-03-25 09:52:05, 7495271, 6860188, 6.5910869, 1.5248, 25.80911, 24.71694, 150.7, 8.26
$2022-03-25 09:52:10, 7494092, 6859312, 6.5904660, -1.1699, 25.72213, 24.71694, 150.7, 8.26
$2022-03-25 09:52:12, 7493707, 6859038, 6.5911422, 1.2835, 25.67636, 24.71694, 150.7, 8.26
$2022-03-25 09:52:14, 7493257, 6858655, 6.5921350, 1.8859, 25.67330, 24.70092, 150.7, 8.26
$2022-03-25 09:52:16, 7492809, 6858285, 6.5927672, 1.2008, 25.66262, 24.71694, 150.7, 8.26
$2022-03-25 09:52:18, 7492400, 6857935, 6.5934110, 1.2178, 25.66415, 24.73029, 150.7, 8.26
$2022-03-25 09:52:20, 7491947, 6857575, 6.5935092, 0.1846, 25.59091, 24.75700, 150.7, 8.26
$2022-03-25 09:52:22, 7491477, 6857194, 6.5935521, 0.0814, 25.66415, 24.74365, 151.0, 8.26
$2022-03-25 09:52:24, 7491027, 6856805, 6.5938687, 0.5887, 25.57717, 24.75700, 151.0, 8.26
$2022-03-25 09:52:26, 7490529, 6856348, 6.5944686, 1.1291, 25.60769, 24.78637, 151.0, 8.26
$2022-03-25 09:52:28, 7490036, 6855921, 6.5946431, 0.3302, 25.57717, 24.75700, 151.0, 8.26
$2022-03-25 09:52:30, 7489532, 6855475, 6.5948834, 0.4551, 25.62142, 24.78637, 151.0, 8.26
$2022-03-25 09:52:32, 7488992, 6854985, 6.5952439, 0.6796, 25.60769, 24.78637, 150.7, 8.26
$2022-03-25 09:52:34, 7488504, 6854534, 6.5957341, 0.9314, 25.58175, 24.82909, 150.7, 8.26
$2022-03-25 09:52:36, 7487957, 6854018, 6.5963445, 1.1578, 25.56649, 24.82909, 150.7, 8.26
$2022-03-25 09:52:38, 7487404, 6853489, 6.5969996, 1.2368, 25.52224, 24.82909, 150.7, 8.26
$2022-03-25 09:52:40, 7486837, 6852972, 6.5973048, 0.5796, 25.51156, 24.85580, 150.7, 8.26
$2022-03-25 09:52:42, 7486230, 6852415, 6.5976424, 0.6370, 25.48104, 24.88517, 150.7, 8.26
$2022-03-25 09:52:44, 7485609, 6851851, 6.5978284, 0.3509, 25.49478, 24.85580, 150.7, 8.26
$2022-03-25 09:52:46, 7484982, 6851245, 6.5985703, 1.4050, 25.48104, 24.88517, 150.7, 8.26
$2022-03-25 09:52:48, 7484332, 6850637, 6.5990062, 0.8256, 25.51156, 24.88517, 150.7, 8.26
$2022-03-25 09:52:50, 7483696, 6850050, 6.5993228, 0.5962, 25.49783, 24.88517, 150.7, 8.26
$2022-03-25 09:52:52, 7483045, 6849446, 6.5996499, 0.6019, 25.51309, 24.91188, 150.7, 8.26
$2022-03-25 09:52:54, 7482334, 6848797, 6.5998359, 0.3497, 25.52987, 24.91188, 150.7, 8.26
$2022-03-25 09:52:56, 7481654, 6848182, 6.6042314, 8.3570, 25.53140, 24.94125, 150.7, 8.26
$2022-03-25 09:52:58, 7480955, 6847522, 6.6046243, 0.7455, 25.55886, 24.94125, 150.7, 8.26
$2022-03-25 09:53:00, 7480245, 6846842, 6.6051698, 1.0335, 25.57565, 24.94125, 151.0, 8.26
$2022-03-25 09:53:02, 7479571, 6846233, 6.6051698, 0.0000, 25.51614, 24.95461, 150.7, 8.26
$2022-03-25 09:53:04, 7478849, 6845559, 6.6055064, 0.6379, 25.50241, 24.95461, 151.0, 8.26
$2022-03-25 09:53:06, 7478133, 6844894, 6.6057687, 0.4979, 25.46120, 24.99733, 150.7, 8.26
$2022-03-25 09:53:08, 7477420, 6844232, 6.6060309, 0.4981, 25.44442, 24.96796, 150.7, 8.26
$2022-03-25 09:53:10, 7476685, 6843580, 6.6058450, -0.3526, 25.43069, 24.99733, 150.7, 8.26
$2022-03-25 09:53:12, 7475946, 6842885, 6.6062598, 0.7875, 25.38796, 24.99733, 150.7, 8.26
$2022-03-25 09:53:14, 7475224, 6842212, 6.6065650, 0.5797, 25.35744, 25.01335, 150.7, 8.26
$2022-03-25 09:53:16, 7474439, 6841531, 6.6061616, -0.7680, 25.35744, 25.01335, 150.7, 8.26
$2022-03-25 09:53:21, 7472764, 6839968, 6.6067500, 0.4926, 25.27352, 25.05608, 150.7, 8.26
$2022-03-25 09:53:23, 7471988, 6839263, 6.6068044, 0.1025, 25.25979, 25.06943, 150.7, 8.26
$2022-03-25 09:53:25, 7471235, 6838576, 6.6069474, 0.2705, 25.21859, 25.09880, 150.7, 8.25
$2022-03-25 09:53:27, 7470481, 6837889, 6.6070561, 0.2064, 25.13161, 25.12550, 150.7, 8.25
$2022-03-25 09:53:29, 7469697, 6837168, 6.6072297, 0.3294, 25.15908, 25.09880, 150.7, 8.25
$2022-03-25 09:53:31, 7468904, 6836439, 6.6074700, 0.4536, 25.11483, 25.11215, 150.7, 8.25
$2022-03-25 09:53:33, 7468155, 6835769, 6.6073833, -0.1636, 25.10109, 25.12550, 150.7, 8.25
$2022-03-25 09:53:35, 7467378, 6835049, 6.6076884, 0.5785, 25.10415, 25.15488, 151.0, 8.25
$2022-03-25 09:53:37, 7466610, 6834323, 6.6081576, 0.8869, 25.07362, 25.15488, 150.7, 8.25
$2022-03-25 09:53:39, 7465835, 6833643, 6.6078629, -0.5533, 25.03090, 25.15488, 151.0, 8.25
$2022-03-25 09:53:41, 7465040, 6832897, 6.6082997, 0.8267, 25.04463, 25.16823, 150.7, 8.25
$2022-03-25 09:53:43, 7464267, 6832232, 6.6078525, -0.8476, 25.11940, 25.19493, 151.0, 8.25
$2022-03-25 09:53:45, 7463514, 6831524, 6.6082664, 0.7858, 25.07820, 25.22430, 151.0, 8.25
$2022-03-25 09:53:47, 7462691, 6830795, 6.6080813, -0.3504, 25.03548, 25.22430, 150.7, 8.25
$2022-03-25 09:53:49, 7461901, 6830075, 6.6081796, 0.1859, 25.03548, 25.21095, 151.0, 8.25
$2022-03-25 09:53:51, 7461130, 6829381, 6.6081462, -0.0626, 25.04921, 25.22430, 151.0, 8.25
$2022-03-25 09:53:53, 7460374, 6828696, 6.6082339, 0.1666, 25.03700, 25.26704, 150.7, 8.25
$2022-03-25 09:53:55, 7459638, 6828001, 6.6087136, 0.9014, 25.08125, 25.26704, 151.0, 8.25
$2022-03-25 09:53:57, 7458819, 6827284, 6.6083865, -0.6164, 25.00801, 25.26704, 151.0, 8.25
$2022-03-25 09:53:59, 7458054, 6826583, 6.6085610, 0.3306, 25.04005, 25.28039, 151.0, 8.25
$2022-03-25 09:54:01, 7457301, 6825893, 6.6087136, 0.2784, 24.96376, 25.28039, 151.0, 8.25
$2022-03-25 09:54:03, 7456504, 6825179, 6.6086593, -0.1031, 24.96376, 25.30976, 151.0, 8.25
$2022-03-25 09:54:05, 7455737, 6824477, 6.6088233, 0.3114, 24.96376, 25.30976, 150.7, 8.25
$2022-03-25 09:54:07, 7454968, 6823783, 6.6088443, 0.0398, 24.92256, 25.32311, 150.7, 8.25
$2022-03-25 09:54:09, 7454180, 6823084, 6.6086707, -0.3293, 24.89357, 25.33646, 150.7, 8.25
$2022-03-25 09:54:11, 7453444, 6822427, 6.6086154, -0.1051, 24.89357, 25.33646, 150.7, 8.25
$2022-03-25 09:54:13, 7452696, 6821748, 6.6086917, 0.1447, 24.90883, 25.34981, 150.7, 8.25
$2022-03-25 09:54:15, 7451931, 6821059, 6.6086812, -0.0199, 24.89357, 25.34981, 150.7, 8.25
$2022-03-25 09:54:17, 7451178, 6820385, 6.6086049, -0.1449, 24.85389, 25.37919, 150.7, 8.25
$2022-03-25 09:54:19, 7450428, 6819679, 6.6090732, 0.8883, 24.78065, 25.39254, 150.7, 8.25
$2022-03-25 09:54:23, 7448736, 6818164, 6.6087356, -0.2833, 24.72420, 25.40589, 150.7, 8.25
$2022-03-25 09:54:25, 7447965, 6817468, 6.6087575, 0.0416, 24.73945, 25.43526, 150.7, 8.25
$2022-03-25 09:54:27, 7447203, 6816773, 6.6088777, 0.2268, 24.70741, 25.42191, 150.7, 8.25
$2022-03-25 09:54:29, 7446483, 6816109, 6.6090951, 0.4099, 24.73945, 25.43526, 150.7, 8.25
$2022-03-25 09:54:31, 7445692, 6815396, 6.6090846, -0.0199, 24.75319, 25.44862, 150.7, 8.25
$2022-03-25 09:54:33, 7444944, 6814726, 6.6090083, -0.1439, 24.75319, 25.44862, 151.0, 8.25
$2022-03-25 09:54:35, 7444204, 6814054, 6.6091065, 0.1852, 24.71046, 25.44862, 150.7, 8.25
$2022-03-25 09:54:37, 7443469, 6813394, 6.6090732, -0.0631, 24.77455, 25.51804, 151.0, 8.25
$2022-03-25 09:54:39, 7442721, 6812716, 6.6091390, 0.1242, 24.77150, 25.47799, 151.0, 8.25
$2022-03-25 09:54:41, 7442017, 6812060, 6.6094546, 0.5989, 24.77150, 25.50469, 150.7, 8.25
$2022-03-25 09:54:43, 7441256, 6811420, 6.6087680, -1.3011, 24.75776, 25.50469, 151.0, 8.25
$2022-03-25 09:54:45, 7440536, 6810779, 6.6086478, -0.2284, 24.77150, 25.50469, 150.7, 8.25
$2022-03-25 09:54:47, 7439809, 6810133, 6.6084952, -0.2897, 24.75776, 25.51804, 151.0, 8.25
$2022-03-25 09:54:49, 7439067, 6809465, 6.6084847, -0.0199, 24.70283, 25.56344, 150.7, 8.25
$2022-03-25 09:54:51, 7438358, 6808808, 6.6087575, 0.5168, 24.67384, 25.54742, 150.7, 8.25
$2022-03-25 09:54:53, 7437627, 6808158, 6.6086373, -0.2277, 24.71962, 25.57946, 151.0, 8.25
$2022-03-25 09:54:55, 7436944, 6807544, 6.6086154, -0.0416, 24.70283, 25.57946, 151.0, 8.25
$2022-03-25 09:54:57, 7436239, 6806880, 6.6090522, 0.8249, 24.64637, 25.57946, 151.0, 8.25
$2022-03-25 09:54:59, 7435498, 6806200, 6.6092257, 0.3261, 24.67842, 25.60617, 151.0, 8.25
$2022-03-25 09:55:01, 7434771, 6805540, 6.6092916, 0.1249, 24.58839, 25.60617, 150.7, 8.25
$2022-03-25 09:55:03, 7434045, 6804884, 6.6093249, 0.0627, 24.66469, 25.61952, 151.0, 8.25
$2022-03-25 09:55:05, 7433309, 6804216, 6.6093678, 0.0808, 24.58839, 25.61952, 151.0, 8.25
$2022-03-25 09:55:07, 7432622, 6803573, 6.6097388, 0.7034, 24.61891, 25.61952, 151.0, 8.25
$2022-03-25 09:55:09, 7431931, 6802940, 6.6098590, 0.2191, 24.64790, 25.61952, 151.0, 8.25
$2022-03-25 09:55:11, 7431188, 6802273, 6.6098151, -0.0832, 24.65095, 25.64890, 151.0, 8.25
$2022-03-25 09:55:13, 7430481, 6801651, 6.6095977, -0.4124, 24.53346, 25.64890, 150.7, 8.25
$2022-03-25 09:55:15, 7429795, 6801042, 6.6094880, -0.2077, 24.51972, 25.69162, 151.0, 8.25
$2022-03-25 09:55:17, 7429080, 6800411, 6.6092801, -0.3940, 24.50446, 25.67560, 151.0, 8.25
$2022-03-25 09:55:19, 7428418, 6799801, 6.6094880, 0.3945, 24.47700, 25.70497, 150.7, 8.25
$2022-03-25 09:55:21, 7427707, 6799173, 6.6092801, -0.3935, 24.46021, 25.67560, 151.0, 8.25
$2022-03-25 09:55:26, 7426167, 6797785, 6.6090846, -0.1636, 24.31373, 25.69162, 151.0, 8.25
$2022-03-25 09:55:28, 7425456, 6797164, 6.6087794, -0.5757, 24.30305, 25.71832, 151.0, 8.25
$2022-03-25 09:55:30, 7424757, 6796540, 6.6087022, -0.1462, 24.28931, 25.76105, 151.0, 8.25
$2022-03-25 09:55:32, 7424078, 6795927, 6.6087356, 0.0627, 24.25727, 25.73168, 151.0, 8.25
$2022-03-25 09:55:34, 7423374, 6795318, 6.6083426, -0.7412, 24.27253, 25.74770, 151.0, 8.25
$2022-03-25 09:55:36, 7422685, 6794659, 6.6088986, 1.0465, 24.21607, 25.74770, 150.7, 8.25
$2022-03-25 09:55:38, 7422021, 6794060, 6.6088986, 0.0000, 24.18555, 25.77440, 151.0, 8.25
$2022-03-25 09:55:40, 7421331, 6793445, 6.6088004, -0.1862, 24.12909, 25.80377, 150.7, 8.25
$2022-03-25 09:55:42, 7420637, 6792812, 6.6088881, 0.1662, 24.17029, 25.77440, 151.0, 8.25
$2022-03-25 09:55:44, 7419987, 6792220, 6.6090083, 0.2269, 24.17182, 25.80377, 150.7, 8.25
$2022-03-25 09:55:46, 7419316, 6791590, 6.6093574, 0.6586, 24.12909, 25.80377, 150.7, 8.25
$2022-03-25 09:55:48, 7418664, 6790986, 6.6096187, 0.4952, 24.14435, 25.80377, 151.0, 8.25
$2022-03-25 09:55:50, 7417992, 6790361, 6.6098800, 0.4769, 24.11536, 25.83048, 150.7, 8.25
$2022-03-25 09:55:52, 7417281, 6789748, 6.6094546, -0.8068, 24.08789, 25.83048, 151.0, 8.24
$2022-03-25 09:55:54, 7416621, 6789168, 6.6092153, -0.4539, 24.07416, 25.83048, 151.0, 8.25
$2022-03-25 09:55:56, 7415949, 6788564, 6.6092048, -0.0199, 24.05737, 25.83048, 150.7, 8.25
$2022-03-25 09:55:58, 7415288, 6787979, 6.6090302, -0.3311, 24.06043, 25.87320, 150.7, 8.25
$2022-03-25 09:56:00, 7414648, 6787402, 6.6090407, 0.0199, 23.95666, 25.88655, 151.0, 8.25
$2022-03-25 09:56:02, 7413988, 6786808, 6.6090083, -0.0615, 23.97345, 25.88655, 151.0, 8.25
$2022-03-25 09:56:04, 7413299, 6786140, 6.6096730, 1.2607, 24.01923, 25.88655, 150.7, 8.25
$2022-03-25 09:56:06, 7412680, 6785580, 6.6097274, 0.1030, 24.06195, 25.90257, 150.7, 8.24
$2022-03-25 09:56:08, 7411996, 6784979, 6.6094985, -0.4343, 24.07874, 25.91593, 151.0, 8.24
$2022-03-25 09:56:10, 7411375, 6784394, 6.6098590, 0.6821, 24.10773, 25.91593, 151.0, 8.24
$2022-03-25 09:56:12, 7410758, 6783839, 6.6098695, 0.0197, 24.11078, 25.92928, 151.0, 8.25
$2022-03-25 09:56:14, 7410053, 6783223, 6.6095757, -0.5532, 24.07874, 25.92928, 151.0, 8.24
$2022-03-25 09:56:16, 7409400, 6782637, 6.6095319, -0.0832, 24.12146, 25.92928, 151.0, 8.24
$2022-03-25 09:56:18, 7408765, 6782072, 6.6094003, -0.2371, 24.09400, 25.94263, 150.7, 8.25
$2022-03-25 09:56:20, 7408112, 6781482, 6.6094003, 0.0000, 24.09705, 25.95865, 151.0, 8.24
$2022-03-25 09:56:22, 7407475, 6780894, 6.6096072, 0.3906, 24.05127, 25.97200, 150.7, 8.24
$2022-03-25 09:56:24, 7406847, 6780332, 6.6095643, -0.0809, 24.02380, 25.97200, 150.7, 8.24
$2022-03-25 09:56:29, 7405432, 6779058, 6.6094003, -0.1369, 24.02533, 26.01473, 150.7, 8.24
$2022-03-25 09:56:31, 7404799, 6778467, 6.6096845, 0.5375, 24.01007, 25.99870, 151.0, 8.24
$2022-03-25 09:56:33, 7404127, 6777883, 6.6093678, -0.6003, 23.98261, 26.02808, 151.0, 8.24
$2022-03-25 09:56:35, 7403517, 6777331, 6.6093898, 0.0416, 24.05585, 26.02808, 150.7, 8.24
$2022-03-25 09:56:37, 7402889, 6776762, 6.6094441, 0.1029, 24.02838, 26.02808, 150.7, 8.24
$2022-03-25 09:56:39, 7402256, 6776213, 6.6091170, -0.6211, 24.02838, 26.02808, 151.0, 8.24
$2022-03-25 09:56:41, 7401662, 6775664, 6.6093249, 0.3947, 24.04212, 26.04143, 150.7, 8.24
$2022-03-25 09:56:43, 7401069, 6775149, 6.6090188, -0.5808, 24.05737, 26.05478, 150.7, 8.24
$2022-03-25 09:56:45, 7400450, 6774565, 6.6094337, 0.7862, 24.05737, 26.07080, 151.0, 8.24
$2022-03-25 09:56:47, 7399865, 6774016, 6.6097503, 0.5962, 24.02991, 26.08415, 151.0, 8.24
$2022-03-25 09:56:49, 7399229, 6773464, 6.6094117, -0.6367, 24.01465, 26.07080, 151.0, 8.24
$2022-03-25 09:56:51, 7398651, 6772936, 6.6095529, 0.2673, 23.91089, 26.08415, 151.0, 8.24
$2022-03-25 09:56:53, 7398056, 6772394, 6.6096301, 0.1463, 23.91089, 26.09751, 150.7, 8.24
$2022-03-25 09:56:55, 7397418, 6771834, 6.6093898, -0.4560, 23.86816, 26.09751, 151.0, 8.24
$2022-03-25 09:56:57, 7396818, 6771285, 6.6095204, 0.2481, 23.85138, 26.08415, 150.7, 8.24
$2022-03-25 09:56:59, 7396229, 6770787, 6.6090407, -0.9110, 23.82391, 26.11353, 151.0, 8.24
$2022-03-25 09:57:01, 7395617, 6770216, 6.6093249, 0.5361, 23.79645, 26.12955, 151.0, 8.24
$2022-03-25 09:57:03, 7395032, 6769674, 6.6095204, 0.3705, 23.76440, 26.11353, 151.0, 8.24
$2022-03-25 09:57:05, 7394405, 6769094, 6.6097169, 0.3721, 23.73999, 26.12955, 151.0, 8.24
$2022-03-25 09:57:07, 7393753, 6768550, 6.6090407, -1.2719, 23.84070, 26.12955, 151.0, 8.24
$2022-03-25 09:57:09, 7393216, 6768064, 6.6090732, 0.0612, 23.88800, 26.15625, 150.7, 8.24
$2022-03-25 09:57:11, 7392611, 6767507, 6.6092591, 0.3532, 23.84222, 26.17227, 150.7, 8.24
$2022-03-25 09:57:13, 7392012, 6766987, 6.6089425, -0.6008, 23.81476, 26.17227, 150.7, 8.24
$2022-03-25 09:57:15, 7391422, 6766469, 6.6087461, -0.3709, 23.74456, 26.21233, 150.7, 8.24
$2022-03-25 09:57:17, 7390811, 6765917, 6.6087794, 0.0634, 23.74151, 26.19898, 150.7, 8.24
$2022-03-25 09:57:19, 7390206, 6765388, 6.6085391, -0.4515, 23.75830, 26.22835, 151.0, 8.24
$2022-03-25 09:57:21, 7389651, 6764856, 6.6090302, 0.8990, 23.78729, 26.21233, 151.0, 8.24
$2022-03-25 09:57:23, 7389026, 6764318, 6.6086478, -0.7222, 23.77356, 26.24170, 150.7, 8.24
$2022-03-25 09:57:25, 7388460, 6763792, 6.6088662, 0.4142, 23.74456, 26.22835, 150.7, 8.24
$2022-03-25 09:57:27, 7387898, 6763261, 6.6092372, 0.7062, 23.73083, 26.22835, 150.7, 8.24
$2022-03-25 09:58:06, 7378782, 6754570, 6.5664535, 27.6656, 24.23896, 26.34051, 163.4, 8.24
$2022-03-25 09:58:08, 7378453, 6754564, 6.5743966, 14.9592, 23.97040, 26.31114, 151.3, 8.24
$2022-03-25 09:58:10, 7378227, 6754451, 6.5805497, 11.5448, 23.97345, 26.32449, 151.0, 8.24
$2022-03-25 09:58:12, 7378107, 6754416, 6.5844445, 7.0835, 23.89715, 26.29778, 151.0, 8.24
$2022-03-25 09:58:14, 7377941, 6754375, 6.5864396, 1.4248, 23.91089, 26.31114, 150.7, 8.24
$2022-03-25 09:58:19, 7377687, 6754353, 6.5860476, -0.7427, 23.88190, 26.31114, 151.0, 8.24
$2022-03-25 09:58:21, 7377630, 6754372, 6.5871491, 2.0908, 23.83765, 26.32449, 150.7, 8.24
$2022-03-25 09:58:23, 7377594, 6754402, 6.5879235, 1.4689, 23.80865, 26.31114, 150.7, 8.24
$2022-03-25 09:58:25, 7377477, 6754364, 6.5883060, 0.7197, 23.73541, 26.32449, 150.7, 8.24
$2022-03-25 09:58:27, 7377403, 6754308, 6.5893207, 1.9185, 23.66216, 26.32449, 150.7, 8.24
$2022-03-25 09:58:29, 7377322, 6754243, 6.5902038, 1.6743, 23.66216, 26.34051, 150.7, 8.24
$2022-03-25 09:58:31, 7377191, 6754129, 6.5909562, 1.4178, 23.61639, 26.32449, 150.7, 8.24
$2022-03-25 09:58:33, 7377066, 6754050, 6.5911851, 0.4315, 23.57214, 26.31114, 151.0, 8.24
$2022-03-25 09:58:35, 7376924, 6753942, 6.5915351, 0.6603, 23.59045, 26.35386, 150.7, 8.24
$2022-03-25 09:58:37, 7376774, 6753798, 6.5922103, 1.2682, 23.51568, 26.32449, 151.3, 8.24
$2022-03-25 09:58:39, 7376586, 6753637, 6.5925603, 0.6589, 23.52941, 26.32449, 151.0, 8.24
$2022-03-25 09:58:41, 7376352, 6753432, 6.5929084, 0.6587, 23.57519, 26.34051, 151.3, 8.24
$2022-03-25 09:58:43, 7376141, 6753242, 6.5932908, 0.7174, 23.54467, 26.35386, 151.0, 8.24
$2022-03-25 09:58:45, 7375925, 6753023, 6.5939994, 1.3387, 23.54467, 26.36721, 151.3, 8.24
$2022-03-25 09:58:47, 7375669, 6752792, 6.5943046, 0.5780, 23.56146, 26.38056, 151.0, 8.24
$2022-03-25 09:58:49, 7375409, 6752553, 6.5946660, 0.6836, 23.48821, 26.38056, 151.0, 8.24
$2022-03-25 09:58:51, 7375142, 6752278, 6.5954289, 1.4448, 23.54467, 26.38056, 151.0, 8.24
$2022-03-25 09:58:53, 7374861, 6751992, 6.5961595, 1.3829, 23.54772, 26.40994, 151.3, 8.24
$2022-03-25 09:58:55, 7374529, 6751711, 6.5960937, -0.1246, 23.52026, 26.39658, 151.0, 8.24
$2022-03-25 09:58:57, 7374198, 6751369, 6.5969234, 1.5696, 23.50347, 26.39658, 151.0, 8.24
$2022-03-25 09:58:59, 7373863, 6751077, 6.5969558, 0.0614, 23.48974, 26.40994, 151.0, 8.24
$2022-03-25 09:59:01, 7373502, 6750731, 6.5974145, 0.8679, 23.53552, 26.42329, 151.0, 8.24
$2022-03-25 09:59:03, 7373124, 6750385, 6.5976214, 0.3916, 23.57977, 26.40994, 151.3, 8.24
$2022-03-25 09:59:05, 7372757, 6750032, 6.6031947, 10.5400, 23.56298, 26.42329, 151.0, 8.24
$2022-03-25 09:59:07, 7372359, 6749654, 6.6034465, 0.4772, 23.56603, 26.45266, 151.0, 8.24
$2022-03-25 09:59:09, 7371969, 6749295, 6.6035333, 0.1641, 23.63928, 26.45266, 151.0, 8.24
$2022-03-25 09:59:11, 7371561, 6748900, 6.6039033, 0.7012, 23.63928, 26.45266, 151.0, 8.24
$2022-03-25 09:59:13, 7371169, 6748528, 6.6041656, 0.4969, 23.61181, 26.46601, 151.0, 8.24
$2022-03-25 09:59:15, 7370733, 6748150, 6.6039472, -0.4138, 23.56756, 26.47936, 151.0, 8.24
$2022-03-25 09:59:17, 7370302, 6747766, 6.6038604, -0.1643, 23.55230, 26.46601, 151.0, 8.24
$2022-03-25 09:59:19, 7369851, 6747340, 6.6041217, 0.4948, 23.56756, 26.47936, 151.0, 8.24
$2022-03-25 09:59:21, 7369377, 6746936, 6.6037621, -0.6765, 23.54009, 26.49539, 151.0, 8.24
$2022-03-25 09:59:23, 7368938, 6746497, 6.6044059, 1.2059, 23.58434, 26.50874, 151.7, 8.24
$2022-03-25 09:59:25, 7368440, 6746080, 6.6039033, -0.9432, 23.58434, 26.49539, 151.7, 8.24
$2022-03-25 09:59:30, 7367393, 6745111, 6.6041656, 0.2216, 23.52636, 26.52209, 149.6, 8.24
$2022-03-25 09:59:32, 7366911, 6744658, 6.6044164, 0.4803, 23.54315, 26.53544, 149.3, 8.24
$2022-03-25 09:59:34, 7366444, 6744220, 6.6046672, 0.4769, 23.57061, 26.53544, 149.3, 8.24
$2022-03-25 09:59:36, 7365980, 6743788, 6.6048741, 0.3954, 23.57061, 26.53544, 149.6, 8.23
$2022-03-25 09:59:38, 7365496, 6743374, 6.6045260, -0.6649, 23.58587, 26.52209, 149.3, 8.24
$2022-03-25 09:59:40, 7365012, 6742910, 6.6049514, 0.8173, 23.58587, 26.55146, 149.3, 8.24
$2022-03-25 09:59:42, 7364516, 6742453, 6.6051040, 0.2912, 23.63012, 26.55146, 149.3, 8.23
$2022-03-25 09:59:44, 7364015, 6742006, 6.6050267, -0.1483, 23.64538, 26.55146, 149.3, 8.23
$2022-03-25 09:59:46, 7363510, 6741552, 6.6050057, -0.0403, 23.63165, 26.56481, 149.3, 8.23
$2022-03-25 09:59:48, 7363002, 6741112, 6.6047330, -0.5225, 23.69421, 26.59152, 149.3, 8.23
$2022-03-25 09:59:50, 7362540, 6740682, 6.6049514, 0.4186, 23.67742, 26.59152, 149.3, 8.23
$2022-03-25 09:59:52, 7362077, 6740239, 6.6053109, 0.6889, 23.63165, 26.57816, 149.3, 8.23
$2022-03-25 09:59:54, 7361566, 6739768, 6.6054635, 0.2924, 23.60723, 26.60754, 149.3, 8.23
$2022-03-25 09:59:56, 7361074, 6739357, 6.6049619, -0.9597, 23.60418, 26.59152, 149.3, 8.24
$2022-03-25 09:59:58, 7360607, 6738926, 6.6051145, 0.2925, 23.57519, 26.59152, 149.3, 8.23
$2022-03-25 10:00:00, 7360108, 6738462, 6.6053214, 0.3968, 23.57671, 26.63425, 149.3, 8.23
$2022-03-25 10:00:02, 7359602, 6737987, 6.6056056, 0.5442, 23.59045, 26.60754, 149.3, 8.23
$2022-03-25 10:00:04, 7359125, 6737560, 6.6055179, -0.1676, 23.48516, 26.60754, 149.3, 8.23
$2022-03-25 10:00:06, 7358624, 6737124, 6.6052995, -0.4192, 23.53399, 26.63425, 149.3, 8.23
$2022-03-25 10:00:08, 7358196, 6736699, 6.6058993, 1.1505, 23.50347, 26.63425, 149.3, 8.23
$2022-03-25 10:00:10, 7357686, 6736266, 6.6054854, -0.7920, 23.44702, 26.67964, 149.3, 8.23
$2022-03-25 10:00:12, 7357111, 6735738, 6.6055942, 0.2082, 23.47601, 26.63425, 149.3, 8.23
$2022-03-25 10:00:14, 7356620, 6735298, 6.6055617, -0.0617, 23.48974, 26.66629, 149.3, 8.23
$2022-03-25 10:00:16, 7356158, 6734896, 6.6053329, -0.4367, 23.47601, 26.64760, 149.3, 8.23
$2022-03-25 10:00:18, 7355672, 6734435, 6.6056705, 0.6462, 23.47906, 26.69299, 149.3, 8.23
$2022-03-25 10:00:20, 7355237, 6734025, 6.6059546, 0.5418, 23.37377, 26.67964, 149.3, 8.23
$2022-03-25 10:00:22, 7354746, 6733567, 6.6061835, 0.4350, 23.35699, 26.69299, 149.3, 8.23
$2022-03-25 10:00:24, 7354265, 6733126, 6.6062922, 0.2088, 23.32799, 26.69299, 148.9, 8.23
$2022-03-25 10:00:26, 7353797, 6732708, 6.6061950, -0.1856, 23.27916, 26.69299, 149.3, 8.23
$2022-03-25 10:00:28, 7353273, 6732221, 6.6064124, 0.4123, 23.26391, 26.70635, 149.6, 8.23
$2022-03-25 10:00:32, 7352165, 6731210, 6.6064563, 0.0371, 23.23339, 26.72237, 149.3, 8.23
$2022-03-25 10:00:34, 7351652, 6730763, 6.6062274, -0.4396, 23.25170, 26.74907, 149.3, 8.23
$2022-03-25 10:00:36, 7351175, 6730336, 6.6061835, -0.0843, 23.30053, 26.76509, 148.9, 8.23
$2022-03-25 10:00:38, 7350704, 6729930, 6.6058993, -0.5440, 23.23644, 26.74907, 149.3, 8.23
$2022-03-25 10:00:40, 7350216, 6729487, 6.6059546, 0.1058, 23.20134, 26.74907, 149.6, 8.23
$2022-03-25 10:00:42, 7349707, 6729035, 6.6058450, -0.2100, 23.20440, 26.77844, 149.3, 8.23
$2022-03-25 10:00:44, 7349264, 6728621, 6.6060748, 0.4406, 23.18608, 26.74907, 149.3, 8.23
$2022-03-25 10:00:46, 7348793, 6728188, 6.6062055, 0.2497, 23.18761, 26.76509, 149.6, 8.23
$2022-03-25 10:00:48, 7348288, 6727721, 6.6063581, 0.2915, 23.12657, 26.77844, 149.6, 8.23
$2022-03-25 10:00:50, 7347837, 6727301, 6.6065764, 0.4014, 23.12657, 26.77844, 149.6, 8.23
$2022-03-25 10:00:52, 7347353, 6726862, 6.6065974, 0.0403, 23.10979, 26.80515, 149.3, 8.23
$2022-03-25 10:00:54, 7346877, 6726430, 6.6066747, 0.1479, 23.09606, 26.82117, 149.3, 8.23
$2022-03-25 10:00:56, 7346402, 6726016, 6.6064563, -0.4147, 23.09606, 26.82117, 149.3, 8.23
$2022-03-25 10:00:58, 7345916, 6725575, 6.6065106, 0.1039, 23.03502, 26.83452, 149.3, 8.23
$2022-03-25 10:01:00, 7345462, 6725166, 6.6065106, 0.0000, 23.04875, 26.82117, 149.6, 8.23
$2022-03-25 10:01:02, 7344988, 6724706, 6.6069903, 0.9194, 23.04875, 26.80515, 149.3, 8.23
$2022-03-25 10:01:04, 7344475, 6724270, 6.6065869, -0.7658, 22.97093, 26.83452, 149.6, 8.23
$2022-03-25 10:01:06, 7344044, 6723853, 6.6070342, 0.8507, 22.97093, 26.82117, 149.6, 8.23
$2022-03-25 10:01:08, 7343562, 6723433, 6.6068158, -0.4172, 23.05028, 26.84787, 149.6, 8.23
$2022-03-25 10:01:10, 7343105, 6723012, 6.6069474, 0.2526, 23.03502, 26.84787, 148.9, 8.23
$2022-03-25 10:01:12, 7342648, 6722602, 6.6069036, -0.0840, 22.98924, 26.84787, 149.3, 8.23
$2022-03-25 10:01:14, 7342138, 6722182, 6.6063142, -1.1246, 22.92668, 26.86122, 149.3, 8.23
$2022-03-25 10:01:16, 7341694, 6721770, 6.6065001, 0.3525, 22.98924, 26.87724, 149.6, 8.23
$2022-03-25 10:01:18, 7341247, 6721342, 6.6068921, 0.7266, 23.00755, 26.87724, 149.6, 8.23
$2022-03-25 10:01:20, 7340762, 6720901, 6.6069140, 0.0416, 22.95720, 26.87724, 149.3, 8.23
$2022-03-25 10:01:22, 7340311, 6720466, 6.6073499, 0.8359, 22.97551, 26.90395, 149.3, 8.23
$2022-03-25 10:01:24, 7339854, 6720060, 6.6072745, -0.1442, 22.94347, 26.90395, 149.6, 8.23
$2022-03-25 10:01:26, 7339385, 6719664, 6.6068702, -0.7758, 22.92973, 26.90395, 149.3, 8.23
$2022-03-25 10:01:28, 7338960, 6719265, 6.6071105, 0.4599, 22.95872, 26.90395, 149.6, 8.23
$2022-03-25 10:01:30, 7338501, 6718856, 6.6070228, -0.1677, 22.87938, 26.90395, 149.6, 8.23
$2022-03-25 10:01:35, 7337470, 6717938, 6.6067719, -0.2118, 22.83513, 26.94667, 149.6, 8.23
$2022-03-25 10:01:37, 7337008, 6717506, 6.6069903, 0.4184, 22.85191, 26.93332, 149.3, 8.23
$2022-03-25 10:01:39, 7336545, 6717103, 6.6067500, -0.4605, 22.91295, 26.93332, 149.3, 8.23
$2022-03-25 10:01:41, 7336118, 6716678, 6.6073613, 1.1686, 22.85191, 26.94667, 149.6, 8.23
$2022-03-25 10:01:43, 7335675, 6716279, 6.6073394, -0.0419, 22.86565, 26.94667, 149.6, 8.23
$2022-03-25 10:01:45, 7335171, 6715854, 6.6068921, -0.8554, 22.78782, 26.96002, 149.6, 8.23
$2022-03-25 10:01:47, 7334720, 6715443, 6.6069579, 0.1253, 22.85344, 26.96002, 149.6, 8.23
$2022-03-25 10:01:49, 7334244, 6715003, 6.6071315, 0.3286, 22.93431, 26.97337, 149.6, 8.23
$2022-03-25 10:01:51, 7333803, 6714600, 6.6072297, 0.1880, 22.93431, 26.98940, 149.6, 8.23
$2022-03-25 10:01:53, 7333379, 6714223, 6.6071429, -0.1657, 23.01366, 26.98940, 149.6, 8.23
$2022-03-25 10:01:55, 7332934, 6713849, 6.6067395, -0.7656, 23.02586, 26.97337, 149.6, 8.23
$2022-03-25 10:01:57, 7332500, 6713423, 6.6072412, 0.9546, 22.98009, 26.98940, 149.6, 8.23
$2022-03-25 10:01:59, 7332060, 6713055, 6.6068158, -0.7711, 22.98161, 27.00275, 149.6, 8.23
$2022-03-25 10:02:01, 7331594, 6712620, 6.6069903, 0.3319, 22.98009, 26.98940, 150.0, 8.23
$2022-03-25 10:02:03, 7331195, 6712231, 6.6074376, 0.8494, 22.98161, 27.00275, 149.6, 8.23
$2022-03-25 10:02:05, 7330774, 6711840, 6.6076226, 0.3536, 22.88548, 27.00275, 149.6, 8.23
$2022-03-25 10:02:07, 7330308, 6711411, 6.6077323, 0.2085, 22.94804, 27.00275, 149.6, 8.23
$2022-03-25 10:02:09, 7329867, 6711040, 6.6073499, -0.7294, 22.88853, 27.04547, 150.0, 8.23
$2022-03-25 10:02:11, 7329457, 6710631, 6.6079288, 1.0957, 22.88853, 27.02945, 150.0, 8.23
$2022-03-25 10:02:13, 7329030, 6710247, 6.6079392, 0.0199, 22.90684, 27.05882, 150.0, 8.22
$2022-03-25 10:02:15, 7328604, 6709855, 6.6080480, 0.2056, 22.84276, 27.05882, 150.0, 8.22
$2022-03-25 10:02:17, 7328203, 6709492, 6.6080813, 0.0634, 22.82597, 27.05882, 150.0, 8.23
$2022-03-25 10:02:19, 7327778, 6709077, 6.6085505, 0.8872, 22.74662, 27.05882, 150.0, 8.22
$2022-03-25 10:02:21, 7327348, 6708654, 6.6090407, 0.9345, 22.72984, 27.04547, 150.0, 8.22
$2022-03-25 10:02:23, 7326883, 6708157, 6.6102300, 2.2675, 22.72984, 27.05882, 149.6, 8.22
$2022-03-25 10:02:25, 7326445, 6707750, 6.6103826, 0.2881, 22.66880, 27.07217, 150.0, 8.22
$2022-03-25 10:02:27, 7326009, 6707325, 6.6108508, 0.8649, 22.70237, 27.08820, 150.0, 8.23
$2022-03-25 10:02:29, 7325579, 6706901, 6.6114078, 1.0557, 22.65202, 27.08820, 150.0, 8.22
$2022-03-25 10:02:31, 7325145, 6706509, 6.6114078, 0.0000, 22.70237, 27.08820, 151.7, 8.22
$2022-03-25 10:02:33, 7324699, 6705979, 6.6133161, 3.5991, 22.67033, 27.10155, 151.3, 8.22
$2022-03-25 10:02:38, 7323745, 6705357, 6.6096406, -3.1009, 22.63829, 27.11490, 150.0, 8.22
$2022-03-25 10:02:40, 7323299, 6704937, 6.6099029, 0.5015, 22.71916, 27.12825, 149.6, 8.22
$2022-03-25 10:02:42, 7322885, 6704586, 6.6095757, -0.6259, 22.68864, 27.12825, 149.3, 8.22
$2022-03-25 10:02:44, 7322467, 6704214, 6.6095204, -0.1059, 22.73442, 27.12825, 149.6, 8.22
$2022-03-25 10:02:46, 7322063, 6703830, 6.6098151, 0.5646, 22.68864, 27.12825, 149.3, 8.22
$2022-03-25 10:02:48, 7321634, 6703438, 6.6098914, 0.1459, 22.70543, 27.14427, 149.6, 8.22
$2022-03-25 10:02:50, 7321240, 6703085, 6.6098695, -0.0419, 22.65660, 27.15762, 149.6, 8.22
$2022-03-25 10:02:52, 7320824, 6702744, 6.6093354, -1.0231, 22.62760, 27.15762, 149.3, 8.22
$2022-03-25 10:02:54, 7320414, 6702369, 6.6094232, 0.1679, 22.59251, 27.14427, 149.3, 8.22
$2022-03-25 10:02:56, 7320020, 6701993, 6.6097388, 0.6067, 22.64134, 27.17098, 148.9, 8.22
$2022-03-25 10:02:58, 7319618, 6701636, 6.6096625, -0.1462, 22.69169, 27.15762, 149.3, 8.22
$2022-03-25 10:03:00, 7319205, 6701251, 6.6098485, 0.3563, 22.65965, 27.17098, 149.3, 8.22
$2022-03-25 10:03:02, 7318802, 6700877, 6.6100001, 0.2784, 22.67491, 27.18433, 149.3, 8.22
$2022-03-25 10:03:04, 7318375, 6700479, 6.6102080, 0.3966, 22.58183, 27.20302, 148.9, 8.22
$2022-03-25 10:03:06, 7317962, 6700141, 6.6096959, -0.9721, 22.58183, 27.20302, 149.3, 8.22
$2022-03-25 10:03:08, 7317572, 6699800, 6.6095643, -0.2526, 22.56504, 27.20302, 149.3, 8.22
$2022-03-25 10:03:10, 7317142, 6699378, 6.6100659, 0.9558, 22.56351, 27.18433, 149.3, 8.22
$2022-03-25 10:03:12, 7316734, 6699008, 6.6101203, 0.1039, 22.60014, 27.22972, 149.6, 8.22
$2022-03-25 10:03:14, 7316350, 6698663, 6.6100879, -0.0623, 22.56504, 27.21637, 148.9, 8.22
$2022-03-25 10:03:16, 7315926, 6698276, 6.6101642, 0.1462, 22.55131, 27.22972, 149.3, 8.22
$2022-03-25 10:03:18, 7315542, 6697917, 6.6103606, 0.3763, 22.51926, 27.24307, 149.3, 8.22
$2022-03-25 10:03:20, 7315117, 6697535, 6.6103387, -0.0419, 22.50401, 27.21637, 148.9, 8.22
$2022-03-25 10:03:22, 7314729, 6697166, 6.6106229, 0.5396, 22.51926, 27.24307, 149.3, 8.22
$2022-03-25 10:03:24, 7314318, 6696828, 6.6101422, -0.9158, 22.50401, 27.24307, 148.9, 8.22
$2022-03-25 10:03:26, 7313865, 6696421, 6.6101098, -0.0618, 22.45823, 27.24307, 149.3, 8.22
$2022-03-25 10:03:28, 7313466, 6696069, 6.6100001, -0.2096, 22.45823, 27.25909, 149.3, 8.22
$2022-03-25 10:03:30, 7313076, 6695704, 6.6102300, 0.4185, 22.50858, 27.30183, 149.6, 8.22
$2022-03-25 10:03:32, 7312656, 6695304, 6.6105571, 0.6282, 22.50858, 27.30183, 148.9, 8.22
$2022-03-25 10:03:34, 7312256, 6694978, 6.6100335, -1.0057, 22.44450, 27.27245, 149.3, 8.22
$2022-03-25 10:03:36, 7311868, 6694640, 6.6098914, -0.2716, 22.47807, 27.30183, 149.3, 8.22
$2022-03-25 10:04:15, 7306212, 6688887, 6.5638452, 35.0514, 23.04875, 27.32853, 162.0, 8.22
$2022-03-25 10:04:17, 7306055, 6688982, 6.5738835, 18.9676, 22.79393, 27.30183, 151.0, 8.22
$2022-03-25 10:04:19, 7306088, 6689072, 6.5812802, 13.8958, 22.74662, 27.30183, 150.7, 8.22
$2022-03-25 10:04:21, 7306154, 6689189, 6.5860362, 8.6792, 22.65049, 27.31518, 150.7, 8.22
$2022-03-25 10:04:23, 7306229, 6689347, 6.5886874, 1.8689, 22.56962, 27.28580, 150.7, 8.22
$2022-03-25 10:04:28, 7306417, 6689655, 6.5896478, 1.8128, 22.54063, 27.28580, 151.0, 8.22
$2022-03-25 10:04:30, 7306532, 6689789, 6.5915561, 3.6119, 22.47654, 27.27245, 151.0, 8.22
$2022-03-25 10:04:32, 7306611, 6689907, 6.5927243, 2.2132, 22.49027, 27.27245, 151.0, 8.22
$2022-03-25 10:04:34, 7306656, 6689999, 6.5935311, 1.5272, 22.46281, 27.30183, 151.0, 8.22
$2022-03-25 10:04:36, 7306770, 6690151, 0.0006208, 1.5272, 22.47807, 27.31518, 151.0, 8.22
$2022-03-25 10:04:38, 7306785, 6690197, 0.0012321, 1.1024, 22.43076, 27.31518, 150.7, 8.22
$2022-03-25 10:04:40, 7306814, 6690241, 0.0019417, 1.2824, 22.41245, 27.31518, 150.7, 8.22
$2022-03-25 10:04:42, 7306844, 6690285, 0.0025311, 1.0584, 22.41245, 27.30183, 150.7, 8.22
$2022-03-25 10:04:44, 7306887, 6690335, 0.0030975, 1.0181, 22.47807, 27.31518, 150.7, 8.22
$2022-03-25 10:04:46, 7306914, 6690367, 0.0036535, 1.0049, 22.49180, 27.31518, 150.7, 8.22
$2022-03-25 10:04:48, 7306908, 6690350, 0.0043736, 1.3000, 22.41245, 27.30183, 150.7, 8.22
$2022-03-25 10:04:50, 7306835, 6690310, 0.0045042, 0.2357, 22.44602, 27.32853, 151.0, 8.22
$2022-03-25 10:04:52, 7306814, 6690298, 0.0048866, 0.6916, 22.46433, 27.34188, 150.7, 8.22
$2022-03-25 10:04:54, 7306781, 6690256, 0.0054865, 1.0737, 22.44602, 27.34188, 151.0, 8.22
$2022-03-25 10:04:56, 7306643, 6690093, 0.0064240, 1.6888, 22.46433, 27.34188, 151.0, 8.22
$2022-03-25 10:04:58, 7306415, 6689848, 0.0073299, 1.6287, 22.46433, 27.34188, 151.7, 8.22
