$2022-03-22 16:57:31, 7694633, 7265310, 3.4328966, 27.1310, 20.40284, 22.10269, 160.7, 7.39
$2022-03-22 16:57:33, 7693776, 7264356, 3.4421391, 17.1451, 21.72732, 22.07332, 150.7, 7.39
$2022-03-22 16:57:35, 7693136, 7263478, 3.4504018, 15.3253, 22.58793, 22.10269, 150.7, 7.39
$2022-03-22 16:57:37, 7692633, 7262691, 3.4576731, 13.3194, 23.05791, 22.10269, 151.0, 7.39
$2022-03-22 16:57:39, 7692168, 7262068, 3.4624000, 3.2548, 23.41497, 22.11604, 151.0, 7.39
$2022-03-22 16:57:45, 7691178, 7260715, 3.4698172, 13.7327, 23.83612, 22.11604, 151.0, 7.39
$2022-03-22 16:57:47, 7690839, 7260331, 3.4719439, 3.9334, 23.92462, 22.11604, 151.0, 7.39
$2022-03-22 16:57:49, 7690481, 7259896, 3.4743409, 4.3842, 23.95514, 22.14542, 151.3, 7.39
$2022-03-22 16:57:51, 7690172, 7259502, 3.4766369, 4.2362, 24.00092, 22.15877, 151.0, 7.39
$2022-03-22 16:57:53, 7689807, 7259040, 3.4789777, 4.3070, 23.96887, 22.15877, 150.7, 7.39
$2022-03-22 16:57:55, 7689469, 7258605, 3.4812169, 4.1316, 24.01465, 22.15877, 151.0, 7.39
$2022-03-22 16:57:57, 7689136, 7258225, 3.4826460, 2.6471, 24.05737, 22.15877, 150.7, 7.39
$2022-03-22 16:57:59, 7688752, 7257788, 3.4841428, 2.7597, 23.98413, 22.17213, 150.7, 7.39
$2022-03-22 16:58:01, 7688322, 7257275, 3.4860559, 3.5246, 23.98718, 22.20150, 151.0, 7.39
$2022-03-22 16:58:03, 7687921, 7256780, 3.4880586, 3.6936, 23.94293, 22.21485, 151.0, 7.38
$2022-03-22 16:58:05, 7687446, 7256250, 3.4895325, 2.7020, 23.91394, 22.20150, 151.0, 7.38
$2022-03-22 16:58:07, 7686955, 7255710, 3.4909163, 2.5638, 23.91394, 22.20150, 151.0, 7.38
$2022-03-22 16:58:09, 7686411, 7255139, 3.4920077, 1.9730, 23.91852, 22.24422, 151.0, 7.38
$2022-03-22 16:58:11, 7685825, 7254489, 3.4936171, 2.9815, 23.88647, 22.24422, 150.7, 7.38
$2022-03-22 16:58:13, 7685225, 7253846, 3.4949107, 2.3955, 23.90173, 22.25758, 150.7, 7.38
$2022-03-22 16:58:15, 7684584, 7253185, 3.4959459, 1.9203, 23.90478, 22.27360, 150.7, 7.38
$2022-03-22 16:58:17, 7683946, 7252512, 3.4971614, 2.2582, 23.92309, 22.31632, 150.7, 7.38
$2022-03-22 16:58:19, 7683287, 7251830, 3.4981847, 1.9032, 23.93378, 22.27360, 150.7, 7.38
$2022-03-22 16:58:21, 7682594, 7251110, 3.4993439, 2.1472, 23.89105, 22.30297, 150.7, 7.38
$2022-03-22 16:58:23, 7681857, 7250371, 3.5001087, 1.4210, 23.83307, 22.32967, 150.7, 7.38
$2022-03-22 16:58:25, 7681131, 7249613, 3.5013237, 2.2502, 23.81933, 22.32967, 151.0, 7.38
$2022-03-22 16:58:27, 7680359, 7248816, 3.5024266, 2.0391, 23.86511, 22.32967, 151.0, 7.38
$2022-03-22 16:58:29, 7679563, 7248004, 3.5034280, 1.8564, 23.73236, 22.34303, 151.0, 7.38
$2022-03-22 16:58:31, 7678725, 7247200, 3.5067916, 6.2300, 23.77813, 22.37240, 151.0, 7.38
$2022-03-22 16:58:33, 7677846, 7246363, 3.5070052, 0.3953, 23.79645, 22.39910, 151.0, 7.38
$2022-03-22 16:58:35, 7676970, 7245465, 3.5081301, 2.0883, 23.75067, 22.39910, 150.7, 7.38
$2022-03-22 16:58:37, 7676077, 7244610, 3.5084453, 0.5798, 23.70794, 22.39910, 150.7, 7.38
$2022-03-22 16:58:39, 7675195, 7243692, 3.5097504, 2.4116, 23.75372, 22.42847, 150.7, 7.38
$2022-03-22 16:58:41, 7674315, 7242823, 3.5104480, 1.2944, 23.66369, 22.42847, 150.7, 7.38
$2022-03-22 16:58:43, 7673409, 7241966, 3.5105939, 0.2691, 23.63928, 22.45785, 150.7, 7.38
$2022-03-22 16:58:45, 7672415, 7240980, 3.5114150, 1.5178, 23.59350, 22.44183, 150.3, 7.38
$2022-03-22 16:58:47, 7671451, 7240064, 3.5116739, 0.4809, 23.61181, 22.49790, 150.7, 7.38
$2022-03-22 16:58:49, 7670496, 7239117, 3.5124612, 1.4612, 23.59503, 22.49790, 150.7, 7.38
$2022-03-22 16:58:51, 7669491, 7238169, 3.5125852, 0.2300, 23.62707, 22.51392, 150.7, 7.38
$2022-03-22 16:58:55, 7667287, 7236045, 3.5133615, 0.6359, 23.55688, 22.55398, 150.7, 7.38
$2022-03-22 16:58:57, 7666264, 7235055, 3.5138674, 0.9409, 23.51568, 22.57000, 150.7, 7.38
$2022-03-22 16:58:59, 7665264, 7234123, 3.5138898, 0.0415, 23.54315, 22.58335, 150.7, 7.38
$2022-03-22 16:59:01, 7664256, 7233157, 3.5142951, 0.7534, 23.48516, 22.59670, 150.7, 7.38
$2022-03-22 16:59:03, 7663204, 7232164, 3.5144753, 0.3351, 23.47143, 22.59670, 150.7, 7.38
$2022-03-22 16:59:05, 7662186, 7231209, 3.5145535, 0.1451, 23.45770, 22.61005, 150.7, 7.38
$2022-03-22 16:59:07, 7661140, 7230236, 3.5145650, 0.0212, 23.47448, 22.62608, 150.7, 7.38
$2022-03-22 16:59:09, 7660100, 7229255, 3.5147448, 0.3341, 23.47601, 22.66613, 150.7, 7.38
$2022-03-22 16:59:11, 7659081, 7228300, 3.5148349, 0.1666, 23.44702, 22.65278, 150.7, 7.38
$2022-03-22 16:59:13, 7658044, 7227288, 3.5154648, 1.1592, 23.43328, 22.66613, 150.7, 7.38
$2022-03-22 16:59:15, 7656996, 7226308, 3.5155325, 0.1259, 23.40582, 22.69550, 150.3, 7.38
$2022-03-22 16:59:17, 7655951, 7225346, 3.5153637, -0.3002, 23.38903, 22.69550, 150.7, 7.38
$2022-03-22 16:59:19, 7654844, 7224293, 3.5156674, 0.5596, 23.37835, 22.72488, 150.7, 7.38
$2022-03-22 16:59:21, 7653778, 7223286, 3.5158811, 0.3966, 23.33410, 22.73823, 150.7, 7.38
$2022-03-22 16:59:23, 7652717, 7222278, 3.5161734, 0.5385, 23.35088, 22.75158, 150.7, 7.38
$2022-03-22 16:59:25, 7651639, 7221240, 3.5166464, 0.8737, 23.33715, 22.76493, 150.7, 7.38
$2022-03-22 16:59:27, 7650596, 7220292, 3.5163312, -0.5849, 23.29290, 22.78095, 150.7, 7.38
$2022-03-22 16:59:29, 7649524, 7219297, 3.5163088, -0.0413, 23.29290, 22.78095, 150.7, 7.38
$2022-03-22 16:59:31, 7648466, 7218288, 3.5166464, 0.6221, 23.29595, 22.79430, 150.7, 7.38
$2022-03-22 16:59:33, 7647429, 7217315, 3.5167584, 0.2080, 23.29595, 22.82368, 150.7, 7.38
$2022-03-22 16:59:35, 7646385, 7216311, 3.5172086, 0.8330, 23.25170, 22.85306, 150.7, 7.38
$2022-03-22 16:59:37, 7645313, 7215303, 3.5173550, 0.2693, 23.24102, 22.85306, 150.7, 7.38
$2022-03-22 16:59:39, 7644266, 7214367, 3.5168262, -0.9778, 23.17845, 22.83970, 150.7, 7.38
$2022-03-22 16:59:41, 7643177, 7213322, 3.5172534, 0.7948, 23.21050, 22.86641, 150.3, 7.38
$2022-03-22 16:59:43, 7642147, 7212368, 3.5171971, -0.1049, 23.25475, 22.87976, 150.3, 7.38
$2022-03-22 16:59:45, 7641126, 7211395, 3.5175123, 0.5805, 23.16930, 22.87976, 150.7, 7.38
$2022-03-22 16:59:47, 7640061, 7210379, 3.5178609, 0.6455, 23.10521, 22.87976, 150.3, 7.38
$2022-03-22 16:59:49, 7638998, 7209390, 3.5178499, -0.0204, 23.12352, 22.90913, 150.3, 7.38
$2022-03-22 16:59:51, 7637973, 7208389, 3.5185022, 1.2147, 23.15862, 22.95186, 150.3, 7.38
$2022-03-22 16:59:53, 7636924, 7207403, 3.5186481, 0.2705, 23.04875, 22.96521, 150.7, 7.38
$2022-03-22 16:59:58, 7634630, 7205293, 3.5180745, -0.4724, 23.03502, 22.97856, 150.3, 7.38
$2022-03-22 17:00:00, 7633572, 7204314, 3.5179849, -0.1662, 23.05028, 22.99191, 150.3, 7.38
$2022-03-22 17:00:02, 7632519, 7203323, 3.5181308, 0.2714, 23.00450, 23.00793, 150.3, 7.38
$2022-03-22 17:00:04, 7631498, 7202359, 3.5183444, 0.3975, 23.05333, 23.03464, 150.3, 7.38
$2022-03-22 17:00:06, 7630473, 7201387, 3.5185809, 0.4400, 22.94499, 23.03464, 150.3, 7.38
$2022-03-22 17:00:08, 7629450, 7200444, 3.5184569, -0.2293, 22.94499, 23.03464, 150.0, 7.38
$2022-03-22 17:00:10, 7628385, 7199459, 3.5183668, -0.1677, 22.91295, 23.03464, 150.3, 7.38
$2022-03-22 17:00:12, 7627379, 7198513, 3.5184913, 0.2306, 22.97704, 23.07736, 150.3, 7.38
$2022-03-22 17:00:14, 7626393, 7197591, 3.5185475, 0.1048, 22.94804, 23.06401, 150.0, 7.38
$2022-03-22 17:00:16, 7625380, 7196648, 3.5185475, 0.0000, 22.93126, 23.09071, 150.3, 7.38
$2022-03-22 17:00:18, 7624351, 7195683, 3.5186372, 0.1654, 22.86717, 23.09071, 150.3, 7.38
$2022-03-22 17:00:20, 7623353, 7194749, 3.5187159, 0.1457, 22.85649, 23.12009, 150.3, 7.38
$2022-03-22 17:00:22, 7622335, 7193776, 3.5190873, 0.6923, 22.85649, 23.13344, 150.0, 7.38
$2022-03-22 17:00:24, 7621324, 7192854, 3.5187945, -0.5430, 22.80766, 23.14679, 150.0, 7.38
$2022-03-22 17:00:26, 7620345, 7191902, 3.5193682, 1.0715, 22.85802, 23.14679, 150.0, 7.38
$2022-03-22 17:00:28, 7619338, 7190960, 3.5194244, 0.1054, 22.74815, 23.18952, 149.6, 7.38
$2022-03-22 17:00:30, 7618347, 7190032, 3.5195146, 0.1686, 22.79393, 23.17616, 149.6, 7.38
$2022-03-22 17:00:32, 7617341, 7189054, 3.5200768, 1.0456, 22.70543, 23.21890, 149.6, 7.38
$2022-03-22 17:00:34, 7616355, 7188155, 3.5198407, -0.4409, 22.73442, 23.21890, 149.6, 7.38
$2022-03-22 17:00:36, 7615401, 7187265, 3.5198631, 0.0419, 22.75120, 23.21890, 149.6, 7.37
$2022-03-22 17:00:38, 7614403, 7186337, 3.5198517, -0.0213, 22.75273, 23.24560, 150.0, 7.38
$2022-03-22 17:00:40, 7613429, 7185386, 3.5204597, 1.1263, 22.72069, 23.25895, 149.6, 7.37
$2022-03-22 17:00:42, 7612458, 7184485, 3.5204482, -0.0213, 22.77104, 23.28832, 149.6, 7.37
$2022-03-22 17:00:44, 7611468, 7183548, 3.5206733, 0.4163, 22.71000, 23.30168, 149.6, 7.37
$2022-03-22 17:00:46, 7610474, 7182625, 3.5206285, -0.0835, 22.69322, 23.28832, 150.0, 7.38
$2022-03-22 17:00:48, 7609521, 7181740, 3.5206285, 0.0000, 22.63218, 23.30168, 149.6, 7.37
$2022-03-22 17:00:50, 7608532, 7180826, 3.5205607, -0.1258, 22.64744, 23.34440, 149.6, 7.37
$2022-03-22 17:00:52, 7607569, 7179919, 3.5207295, 0.3144, 22.71153, 23.34440, 150.0, 7.37
$2022-03-22 17:00:54, 7606641, 7179080, 3.5203805, -0.6519, 22.61845, 23.34440, 150.0, 7.37
$2022-03-22 17:00:56, 7605623, 7178123, 3.5205045, 0.2314, 22.54215, 23.37644, 149.6, 7.37
$2022-03-22 17:01:00, 7603546, 7176149, 3.5208755, 0.3054, 22.55894, 23.37644, 150.0, 7.37
$2022-03-22 17:01:03, 7602561, 7175215, 3.5211120, 0.4431, 22.51011, 23.40315, 149.6, 7.37
$2022-03-22 17:01:04, 7601620, 7174343, 3.5210896, -0.0419, 22.54673, 23.44587, 149.6, 7.37
$2022-03-22 17:01:06, 7600687, 7173473, 3.5211229, 0.0604, 22.48264, 23.43252, 149.6, 7.37
$2022-03-22 17:01:09, 7599678, 7172575, 3.5205269, -1.1094, 22.51011, 23.40315, 149.6, 7.37
$2022-03-22 17:01:11, 7598768, 7171667, 3.5213709, 1.5770, 22.41856, 23.44587, 149.6, 7.37
$2022-03-22 17:01:13, 7597818, 7170789, 3.5213370, -0.0633, 22.40787, 23.48860, 149.6, 7.37
$2022-03-22 17:01:15, 7596958, 7169972, 3.5215731, 0.4414, 22.40787, 23.47257, 149.6, 7.37
$2022-03-22 17:01:17, 7597418, 7170824, 3.5159488, -10.4709, 22.39414, 23.51530, 150.3, 7.37
$2022-03-22 17:01:19, 7597993, 7171115, 3.5196385, 6.8351, 20.68208, 23.51530, 150.7, 7.37
$2022-03-22 17:01:21, 7597843, 7170804, 3.5222030, 4.7627, 17.34035, 23.51530, 150.7, 7.37
$2022-03-22 17:01:23, 7597450, 7170255, 3.5248575, 4.9287, 14.37552, 23.54467, 150.7, 7.37
$2022-03-22 17:01:25, 7596819, 7169535, 3.5267587, 3.5306, 12.05310, 23.52865, 150.7, 7.37
$2022-03-22 17:01:27, 7596161, 7168785, 3.5287495, 3.6908, 10.32883, 23.54467, 150.7, 7.37
$2022-03-22 17:01:29, 7595492, 7167991, 3.5312014, 4.5477, 9.10658, 23.55802, 150.7, 7.37
$2022-03-22 17:01:31, 7594739, 7167127, 3.5335293, 4.3298, 8.18952, 23.60075, 150.7, 7.37
$2022-03-22 17:01:33, 7594008, 7166314, 3.5354075, 3.4858, 7.54406, 23.57137, 150.7, 7.37
$2022-03-22 17:01:35, 7593225, 7165438, 3.5375109, 3.7195, 6.94591, 23.58473, 150.7, 7.37
$2022-03-22 17:01:37, 7592399, 7164513, 3.5396924, 4.0171, 6.56138, 23.61410, 150.7, 7.37
$2022-03-22 17:01:39, 7591617, 7163659, 3.5415034, 3.3475, 6.19059, 23.64347, 150.7, 7.37
$2022-03-22 17:01:41, 7590837, 7162763, 3.5438986, 4.4445, 5.93271, 23.62745, 150.7, 7.37
$2022-03-22 17:01:43, 7590031, 7161869, 3.5459342, 3.7794, 5.72366, 23.62745, 150.7, 7.37
$2022-03-22 17:01:45, 7589241, 7160999, 3.5478234, 3.5101, 5.51614, 23.64347, 150.7, 7.37
$2022-03-22 17:01:47, 7588435, 7160087, 3.5500951, 4.2109, 5.36965, 23.67018, 150.7, 7.37
$2022-03-22 17:01:49, 7587606, 7159189, 3.5518942, 3.3241, 5.19570, 23.68353, 150.7, 7.37
$2022-03-22 17:01:51, 7586792, 7158237, 3.5546269, 5.0345, 5.03243, 23.65682, 150.7, 7.37
$2022-03-22 17:01:53, 7585979, 7157279, 3.5574713, 5.2954, 4.96834, 23.71290, 150.3, 7.37
$2022-03-22 17:01:55, 7585169, 7156391, 3.5593381, 3.4634, 4.85695, 23.71290, 150.7, 7.37
$2022-03-22 17:01:57, 7584382, 7155459, 3.5621605, 5.2376, 4.74403, 23.72625, 150.3, 7.37
$2022-03-22 17:01:59, 7583543, 7154483, 3.5648923, 5.0848, 4.56550, 23.73960, 150.7, 7.37
$2022-03-22 17:02:03, 7581712, 7152341, 3.5708513, 4.8924, 4.42206, 23.75562, 150.7, 7.37
$2022-03-22 17:02:05, 7580873, 7151386, 3.5733247, 4.5849, 4.39002, 23.78233, 150.3, 7.37
$2022-03-22 17:02:07, 7580039, 7150445, 3.5756183, 4.2641, 4.32593, 23.78233, 150.7, 7.37
$2022-03-22 17:02:09, 7579253, 7149524, 3.5782828, 4.9604, 4.28016, 23.78233, 150.3, 7.37
$2022-03-22 17:02:11, 7578400, 7148614, 3.5799575, 3.1142, 4.18402, 23.86778, 150.7, 7.37
$2022-03-22 17:02:13, 7577611, 7147690, 3.5826783, 5.0539, 4.08484, 23.83840, 150.7, 7.37
$2022-03-22 17:02:15, 7576814, 7146790, 3.5848923, 4.0019, 4.06958, 23.82505, 150.3, 7.37
$2022-03-22 17:02:17, 7575952, 7145858, 3.5866799, 3.2914, 4.00549, 23.83840, 150.7, 7.37
$2022-03-22 17:02:19, 7575144, 7144935, 3.5890970, 4.4921, 3.92462, 23.83840, 150.7, 7.37
$2022-03-22 17:02:21, 7574315, 7144024, 3.5910416, 3.6194, 3.89563, 23.85175, 150.3, 7.37
$2022-03-22 17:02:23, 7573492, 7143117, 3.5930424, 3.7229, 3.86358, 23.88113, 150.3, 7.37
$2022-03-22 17:02:25, 7572724, 7142228, 3.5955262, 4.6202, 3.78119, 23.88113, 150.3, 7.37
$2022-03-22 17:02:27, 7571916, 7141312, 3.5978303, 4.2789, 3.76440, 23.89449, 150.7, 7.37
$2022-03-22 17:02:29, 7571087, 7140368, 3.6002808, 4.5543, 3.73236, 23.93988, 150.7, 7.37
$2022-03-22 17:02:31, 7570298, 7139473, 3.6025510, 4.2197, 3.66827, 23.92653, 150.7, 7.37
$2022-03-22 17:02:33, 7569491, 7138540, 3.6050911, 4.7103, 3.71862, 23.95323, 150.7, 7.37
$2022-03-22 17:02:35, 7568665, 7137635, 3.6070356, 3.6190, 3.63928, 23.95323, 150.3, 7.37
$2022-03-22 17:02:37, 7567896, 7136771, 3.6091709, 3.9607, 3.54314, 23.98261, 150.7, 7.37
$2022-03-22 17:02:39, 7567098, 7135869, 3.6114411, 4.2270, 3.52636, 23.98261, 150.7, 7.37
$2022-03-22 17:02:41, 7566274, 7134959, 3.6134529, 3.7076, 3.51110, 23.98261, 150.3, 7.37
$2022-03-22 17:02:43, 7565456, 7133999, 3.6162734, 5.2465, 3.48058, 24.00931, 150.7, 7.37
$2022-03-22 17:02:45, 7564652, 7133015, 3.6195884, 6.1309, 3.46227, 24.00931, 150.7, 7.37
$2022-03-22 17:02:47, 7563885, 7132127, 3.6220722, 4.6080, 3.38293, 24.00931, 150.7, 7.37
$2022-03-22 17:02:49, 7563104, 7131165, 3.6254091, 6.1761, 3.40124, 24.03868, 150.3, 7.37
$2022-03-22 17:02:51, 7562305, 7130208, 3.6284208, 5.5897, 3.40124, 24.05203, 150.7, 7.37
$2022-03-22 17:02:53, 7561561, 7129317, 3.6312408, 5.2060, 3.30205, 24.05203, 150.7, 7.37
$2022-03-22 17:02:55, 7560731, 7128366, 3.6337800, 4.6886, 3.30205, 24.05203, 150.7, 7.37
$2022-03-22 17:02:57, 7559944, 7127453, 3.6363082, 4.7084, 3.32036, 24.06538, 150.3, 7.37
$2022-03-22 17:02:59, 7559177, 7126581, 3.6385550, 4.1750, 3.24102, 24.06538, 150.7, 7.37
$2022-03-22 17:03:01, 7558384, 7125635, 3.6414876, 5.4628, 3.25475, 24.09476, 150.3, 7.37
$2022-03-22 17:03:40, 7544061, 7110988, 3.6215100, 25.1301, 6.11276, 24.22027, 163.4, 7.36
$2022-03-22 17:03:42, 7543771, 7110771, 3.6304431, 16.5112, 5.32082, 24.20691, 150.7, 7.37
$2022-03-22 17:03:44, 7543561, 7110428, 3.6383982, 14.6405, 4.75776, 24.22027, 151.0, 7.36
$2022-03-22 17:03:46, 7543344, 7110071, 3.6446109, 11.0552, 4.24353, 24.24964, 150.7, 7.36
$2022-03-22 17:03:48, 7543081, 7109716, 3.6489925, 3.0484, 3.88800, 24.23629, 150.7, 7.37
$2022-03-22 17:03:53, 7542434, 7108802, 3.6554294, 11.8519, 3.35546, 24.22027, 150.7, 7.37
$2022-03-22 17:03:55, 7542182, 7108410, 3.6592937, 7.1836, 3.27459, 24.24964, 150.7, 7.37
$2022-03-22 17:03:57, 7541952, 7108006, 3.6633372, 7.5108, 3.14946, 24.26299, 150.7, 7.37
$2022-03-22 17:03:59, 7541677, 7107592, 3.6666393, 6.1369, 3.11437, 24.24964, 150.7, 7.37
$2022-03-22 17:04:01, 7541389, 7107120, 3.6704130, 7.0156, 3.01823, 24.26299, 150.7, 7.37
$2022-03-22 17:04:03, 7541115, 7106641, 3.6743107, 7.2365, 2.90684, 24.26299, 150.7, 7.37
$2022-03-22 17:04:05, 7540827, 7106169, 3.6778598, 6.5785, 2.92515, 24.27634, 151.0, 7.37
$2022-03-22 17:04:07, 7540534, 7105703, 3.6811390, 6.0937, 2.90837, 24.29237, 150.7, 7.37
$2022-03-22 17:04:09, 7540207, 7105236, 3.6839581, 5.2253, 2.82902, 24.30572, 151.0, 7.37
$2022-03-22 17:04:11, 7539856, 7104723, 3.6870012, 5.6436, 2.82902, 24.30572, 151.0, 7.37
$2022-03-22 17:04:13, 7539490, 7104180, 3.6902356, 6.0268, 2.81071, 24.30572, 150.7, 7.37
$2022-03-22 17:04:15, 7539121, 7103653, 3.6931663, 5.4210, 2.76493, 24.31907, 151.0, 7.37
$2022-03-22 17:04:17, 7538739, 7103108, 3.6961532, 5.5157, 2.76493, 24.33242, 151.0, 7.37
$2022-03-22 17:04:19, 7538315, 7102495, 3.6994991, 6.1680, 2.76493, 24.33242, 150.7, 7.37
$2022-03-22 17:04:21, 7537884, 7101890, 3.7026205, 5.7896, 2.73289, 24.36179, 151.0, 7.37
$2022-03-22 17:04:23, 7537430, 7101223, 3.7062812, 6.7889, 2.66880, 24.36179, 151.0, 7.37
$2022-03-22 17:04:25, 7536994, 7100594, 3.7096267, 6.2128, 2.66880, 24.34844, 150.7, 7.37
$2022-03-22 17:04:27, 7536518, 7099974, 3.7122760, 4.9233, 2.63676, 24.37515, 150.7, 7.37
$2022-03-22 17:04:29, 7536014, 7099321, 3.7150269, 5.1136, 2.68406, 24.36179, 150.7, 7.37
$2022-03-22 17:04:31, 7535481, 7098625, 3.7179909, 5.4573, 2.61845, 24.38850, 151.0, 7.37
$2022-03-22 17:04:33, 7534945, 7097951, 3.7205729, 4.7632, 2.57267, 24.40452, 151.0, 7.37
$2022-03-22 17:04:35, 7534428, 7097215, 3.7242994, 6.9113, 2.63676, 24.40452, 151.0, 7.37
$2022-03-22 17:04:37, 7533840, 7096490, 3.7269039, 4.8338, 2.58793, 24.40452, 151.0, 7.37
$2022-03-22 17:04:39, 7533291, 7095796, 3.7336278, 12.4494, 2.54063, 24.41787, 151.0, 7.37
$2022-03-22 17:04:41, 7532702, 7095037, 3.7365685, 5.4824, 2.58793, 24.40452, 150.3, 7.37
$2022-03-22 17:04:43, 7532115, 7094265, 3.7397337, 5.8600, 2.55589, 24.44724, 150.7, 7.37
$2022-03-22 17:04:45, 7531518, 7093484, 3.7429323, 5.9549, 2.52384, 24.46326, 150.3, 7.37
$2022-03-22 17:04:47, 7530904, 7092707, 3.7458282, 5.3873, 2.51011, 24.46326, 150.7, 7.37
$2022-03-22 17:04:49, 7530318, 7091953, 3.7488022, 5.4863, 2.51011, 24.47662, 150.7, 7.37
$2022-03-22 17:04:51, 7529705, 7091171, 3.7517762, 5.5081, 2.57420, 24.47662, 150.7, 7.37
$2022-03-22 17:04:53, 7529059, 7090305, 3.7555356, 6.9444, 2.51011, 24.48997, 150.3, 7.37
$2022-03-22 17:04:55, 7528438, 7089505, 3.7586894, 5.8449, 2.44450, 24.48997, 150.7, 7.37
$2022-03-22 17:04:57, 7527802, 7088692, 3.7618089, 5.7564, 2.43076, 24.50599, 150.3, 7.37
$2022-03-22 17:04:59, 7527141, 7087884, 3.7645693, 5.1453, 2.46281, 24.51934, 150.3, 7.37
$2022-03-22 17:05:04, 7525670, 7086073, 3.7706842, 5.0222, 2.41398, 24.53269, 150.7, 7.37
$2022-03-22 17:05:06, 7524959, 7085220, 3.7734108, 5.0684, 2.41703, 24.56207, 150.7, 7.37
$2022-03-22 17:05:08, 7524342, 7084498, 3.7755198, 3.9358, 2.41398, 24.54604, 150.3, 7.37
$2022-03-22 17:05:10, 7523672, 7083743, 3.7774053, 3.5176, 2.38193, 24.57542, 150.3, 7.37
$2022-03-22 17:05:12, 7522994, 7082963, 3.7795143, 3.9263, 2.43229, 24.57542, 150.3, 7.37
$2022-03-22 17:05:14, 7522364, 7082254, 3.7812762, 3.2749, 2.41703, 24.57542, 150.3, 7.37
$2022-03-22 17:05:16, 7521688, 7081484, 3.7833180, 3.7638, 2.38193, 24.60212, 150.7, 7.37
$2022-03-22 17:05:18, 7521019, 7080727, 3.7852359, 3.5734, 2.35294, 24.60212, 150.3, 7.37
$2022-03-22 17:05:20, 7520376, 7080039, 3.7865152, 2.3854, 2.36667, 24.60212, 150.3, 7.37
$2022-03-22 17:05:22, 7519663, 7079253, 3.7882652, 3.2621, 2.32090, 24.61814, 150.3, 7.37
$2022-03-22 17:05:24, 7518981, 7078480, 3.7902284, 3.6603, 2.30411, 24.64484, 150.3, 7.37
$2022-03-22 17:05:26, 7518302, 7077683, 3.7925839, 4.2743, 2.36820, 24.64484, 150.3, 7.37
$2022-03-22 17:05:28, 7517591, 7077151, 3.7907891, -3.3523, 2.33616, 24.64484, 150.3, 7.37
$2022-03-22 17:05:30, 7516912, 7076430, 3.7920680, 2.3858, 2.30411, 24.65820, 150.3, 7.37
$2022-03-22 17:05:32, 7516266, 7075756, 3.7931561, 2.0328, 2.28885, 24.67422, 150.3, 7.37
$2022-03-22 17:05:34, 7515567, 7075021, 3.7943678, 2.2541, 2.27512, 24.67422, 150.3, 7.37
$2022-03-22 17:05:36, 7514921, 7074322, 3.7957702, 2.6139, 2.32242, 24.68757, 150.3, 7.37
$2022-03-22 17:05:38, 7514229, 7073650, 3.7962074, 0.8151, 2.30716, 24.70092, 150.3, 7.37
$2022-03-22 17:05:40, 7513558, 7072987, 3.7967682, 1.0450, 2.27512, 24.70092, 150.3, 7.37
$2022-03-22 17:05:42, 7512886, 7072329, 3.7972732, 0.9411, 2.24308, 24.73029, 150.3, 7.37
$2022-03-22 17:05:44, 7512192, 7071640, 3.7978902, 1.1401, 2.25834, 24.70092, 150.3, 7.37
$2022-03-22 17:05:46, 7511519, 7070950, 3.7988548, 1.7920, 2.22629, 24.73029, 150.3, 7.37
$2022-03-22 17:05:48, 7510854, 7070288, 3.7994719, 1.1437, 2.24308, 24.74365, 150.3, 7.37
$2022-03-22 17:05:50, 7510156, 7069611, 3.7998643, 0.7269, 2.24308, 24.74365, 150.3, 7.37
$2022-03-22 17:05:52, 7509470, 7068935, 3.8004365, 1.0664, 2.22629, 24.77302, 150.3, 7.37
$2022-03-22 17:05:54, 7508794, 7068304, 3.8004928, 0.1013, 2.22629, 24.77302, 150.3, 7.37
$2022-03-22 17:05:56, 7508123, 7067615, 3.8014569, 1.7921, 2.19730, 24.77302, 150.3, 7.37
$2022-03-22 17:05:58, 7507429, 7066930, 3.8020406, 1.0895, 2.19730, 24.79972, 150.3, 7.37
$2022-03-22 17:06:00, 7506765, 7066318, 3.8019843, -0.1044, 2.19730, 24.79972, 150.0, 7.37
$2022-03-22 17:06:02, 7506074, 7065620, 3.8027921, 1.4969, 2.18051, 24.81307, 150.3, 7.37
$2022-03-22 17:06:06, 7504565, 7064207, 3.8028145, 0.0182, 2.16526, 24.82909, 150.3, 7.37
$2022-03-22 17:06:08, 7503845, 7063447, 3.8041153, 2.4304, 2.19883, 24.85580, 150.3, 7.37
$2022-03-22 17:06:10, 7503181, 7062731, 3.8055401, 2.6382, 2.18357, 24.85580, 150.3, 7.37
$2022-03-22 17:06:12, 7502571, 7062001, 3.8078842, 4.3468, 2.16526, 24.85580, 150.3, 7.37
$2022-03-22 17:06:14, 7501867, 7061192, 3.8100715, 4.0477, 2.21256, 24.85580, 150.3, 7.37
$2022-03-22 17:06:16, 7501203, 7060370, 3.8129764, 5.4199, 2.18357, 24.85580, 150.3, 7.37
$2022-03-22 17:06:18, 7500528, 7059625, 3.8146701, 3.1579, 2.18357, 24.86915, 150.3, 7.37
$2022-03-22 17:06:20, 7499854, 7058784, 3.8177204, 5.6799, 2.08743, 24.88517, 150.3, 7.37
$2022-03-22 17:06:22, 7499223, 7057941, 3.8213878, 6.8276, 2.11948, 24.89853, 150.0, 7.37
$2022-03-22 17:06:24, 7498531, 7057053, 3.8248754, 6.5038, 2.10269, 24.91188, 150.3, 7.37
$2022-03-22 17:06:26, 7497893, 7056188, 3.8287444, 7.2190, 2.16678, 24.91188, 150.3, 7.37
$2022-03-22 17:06:28, 7497251, 7055359, 3.8320413, 6.1643, 2.13474, 24.92523, 150.3, 7.37
$2022-03-22 17:06:30, 7496583, 7054529, 3.8350577, 5.6277, 2.12100, 24.95461, 150.3, 7.37
$2022-03-22 17:06:32, 7495924, 7053717, 3.8378835, 5.2679, 2.07065, 24.95461, 150.3, 7.37
$2022-03-22 17:06:34, 7495279, 7052898, 3.8410225, 5.8420, 2.07065, 24.95461, 150.3, 7.37
$2022-03-22 17:06:36, 7494646, 7052077, 3.8443642, 6.2592, 2.08896, 24.96796, 150.0, 7.37
$2022-03-22 17:06:38, 7494006, 7051303, 3.8469315, 4.7931, 2.07065, 24.96796, 150.0, 7.37
$2022-03-22 17:06:40, 7493386, 7050505, 3.8500819, 5.8729, 2.07065, 24.98131, 150.3, 7.37
$2022-03-22 17:06:42, 7492712, 7049677, 3.8529744, 5.4102, 2.08896, 24.99733, 150.0, 7.36
$2022-03-22 17:06:44, 7492084, 7048926, 3.8553853, 4.4995, 2.08896, 25.02670, 150.3, 7.37
$2022-03-22 17:06:46, 7491425, 7048144, 3.8578067, 4.5163, 2.07370, 24.99733, 150.3, 7.37
$2022-03-22 17:06:48, 7490788, 7047335, 3.8609343, 5.8472, 2.05692, 25.04272, 150.0, 7.37
$2022-03-22 17:06:50, 7490152, 7046574, 3.8633890, 4.5629, 2.07370, 25.02670, 150.0, 7.37
$2022-03-22 17:06:52, 7489522, 7045804, 3.8660460, 4.9233, 2.04318, 25.05608, 150.3, 7.37
$2022-03-22 17:06:54, 7488850, 7044989, 3.8687587, 5.0559, 2.07370, 25.05608, 150.3, 7.37
$2022-03-22 17:06:56, 7488266, 7044261, 3.8714266, 4.9905, 2.05692, 25.05608, 150.3, 7.37
$2022-03-22 17:06:58, 7487616, 7043444, 3.8744640, 5.6448, 2.09201, 25.06943, 150.3, 7.36
$2022-03-22 17:07:00, 7486967, 7042653, 3.8771653, 5.0658, 2.07523, 25.08278, 149.6, 7.37
$2022-03-22 17:07:02, 7486311, 7041847, 3.8799787, 5.2694, 2.05692, 25.08278, 149.6, 7.36
$2022-03-22 17:07:04, 7485683, 7041034, 3.8832512, 6.1200, 2.04623, 25.09880, 150.0, 7.37
$2022-03-22 17:07:09, 7484279, 7039260, 3.8898301, 5.4162, 2.05997, 25.11215, 150.0, 7.37
$2022-03-22 17:07:11, 7483634, 7038425, 3.8931923, 6.2663, 2.07523, 25.12550, 150.3, 7.36
$2022-03-22 17:07:13, 7482992, 7037611, 3.8963189, 5.8166, 2.07523, 25.13885, 150.3, 7.37
$2022-03-22 17:07:15, 7482394, 7036786, 3.9001737, 7.1807, 2.01114, 25.12550, 150.3, 7.36
$2022-03-22 17:07:17, 7481767, 7035987, 3.9033003, 5.8404, 1.99741, 25.16823, 150.3, 7.36
$2022-03-22 17:07:19, 7481147, 7035196, 3.9063706, 5.7268, 2.02945, 25.15488, 150.3, 7.36
$2022-03-22 17:07:21, 7480538, 7034415, 3.9094739, 5.7977, 2.02945, 25.18158, 150.0, 7.37
$2022-03-22 17:07:23, 7479891, 7033620, 3.9122529, 5.2031, 2.01419, 25.18158, 150.0, 7.36
$2022-03-22 17:07:25, 7479297, 7032863, 3.9152112, 5.4899, 2.01419, 25.16823, 150.0, 7.36
$2022-03-22 17:07:27, 7478689, 7032044, 3.9188523, 6.8064, 1.97910, 25.18158, 150.0, 7.36
$2022-03-22 17:07:29, 7478052, 7031237, 3.9219332, 5.7146, 1.97910, 25.18158, 150.3, 7.36
$2022-03-22 17:07:31, 7477453, 7030461, 3.9250927, 5.8989, 1.96841, 25.19493, 150.0, 7.36
$2022-03-22 17:07:33, 7476834, 7029653, 3.9284196, 6.2348, 1.98215, 25.23766, 150.0, 7.36
$2022-03-22 17:07:35, 7476215, 7028871, 3.9314108, 5.5831, 1.95163, 25.25101, 150.3, 7.36
$2022-03-22 17:07:37, 7475621, 7028095, 3.9346485, 5.7802, 1.96841, 25.25101, 150.0, 7.37
$2022-03-22 17:07:39, 7474981, 7027248, 3.9382439, 6.7098, 1.98215, 25.25101, 150.0, 7.36
$2022-03-22 17:07:41, 7474377, 7026457, 3.9415708, 6.2215, 2.00046, 25.26704, 150.0, 7.36
$2022-03-22 17:07:43, 7473780, 7025616, 3.9456816, 7.6660, 1.98367, 25.26704, 149.6, 7.36
$2022-03-22 17:07:45, 7473193, 7024765, 3.9500613, 8.2009, 1.96994, 25.28039, 150.0, 7.36
$2022-03-22 17:07:47, 7472622, 7023961, 3.9539924, 7.2975, 1.98367, 25.28039, 150.0, 7.36
$2022-03-22 17:07:49, 7472003, 7023142, 3.9574757, 6.4962, 2.00046, 25.28039, 149.6, 7.37
$2022-03-22 17:07:51, 7471406, 7022354, 3.9608579, 6.2950, 1.93790, 25.32311, 149.6, 7.36
$2022-03-22 17:07:53, 7470817, 7021587, 3.9640045, 5.8787, 1.91958, 25.29374, 149.6, 7.36
$2022-03-22 17:07:55, 7470209, 7020833, 3.9667368, 5.0591, 1.93637, 25.29374, 150.3, 7.36
$2022-03-22 17:07:57, 7469607, 7020046, 3.9700069, 6.1057, 1.91958, 25.33646, 149.6, 7.36
$2022-03-22 17:07:59, 7469030, 7019308, 3.9729180, 5.4167, 1.93790, 25.32311, 149.6, 7.36
$2022-03-22 17:08:01, 7468442, 7018527, 3.9763112, 6.3392, 1.92264, 25.34981, 150.0, 7.36
$2022-03-22 17:08:03, 7467864, 7017750, 3.9797487, 6.4430, 1.90433, 25.34981, 150.0, 7.36
$2022-03-22 17:08:05, 7467278, 7016967, 3.9831753, 6.1595, 1.90433, 25.33646, 149.6, 7.36
$2022-03-22 17:08:07, 7466671, 7016179, 3.9864111, 6.0634, 1.89212, 25.36584, 150.0, 7.36
$2022-03-22 17:08:12, 7465342, 7014439, 3.9935427, 5.8925, 1.92264, 25.39254, 150.0, 7.36
$2022-03-22 17:08:14, 7464755, 7013645, 3.9971137, 6.6396, 1.82650, 25.39254, 150.0, 7.36
$2022-03-22 17:08:16, 7464186, 7012830, 4.0012221, 7.6852, 1.85855, 25.40589, 150.0, 7.36
$2022-03-22 17:08:18, 7463603, 7012033, 4.0049047, 6.9059, 1.90585, 25.37919, 149.6, 7.36
$2022-03-22 17:08:20, 7463061, 7011259, 4.0088005, 7.2764, 1.89212, 25.40589, 150.0, 7.36
$2022-03-22 17:08:22, 7462434, 7010379, 4.0130429, 7.9754, 1.90585, 25.42191, 149.6, 7.36
$2022-03-22 17:08:24, 7461886, 7009588, 4.0171285, 7.6538, 1.90585, 25.43526, 150.0, 7.36
$2022-03-22 17:08:26, 7461289, 7008770, 4.0208893, 7.0365, 1.87686, 25.44862, 150.0, 7.36
$2022-03-22 17:08:28, 7460711, 7007987, 4.0244484, 6.6783, 1.86007, 25.43526, 149.6, 7.36
$2022-03-22 17:08:30, 7460130, 7007209, 4.0278950, 6.4663, 1.89517, 25.46197, 149.6, 7.36
$2022-03-22 17:08:32, 7459574, 7006435, 4.0316105, 6.9682, 1.82650, 25.44862, 149.6, 7.36
$2022-03-22 17:08:34, 7459023, 7005683, 4.0350575, 6.4347, 1.86007, 25.46197, 150.0, 7.36
$2022-03-22 17:08:36, 7458462, 7004889, 4.0389962, 7.3802, 1.87839, 25.47799, 150.0, 7.36
$2022-03-22 17:08:38, 7457924, 7004057, 4.0437641, 8.9253, 1.87839, 25.47799, 150.0, 7.36
$2022-03-22 17:08:40, 7457326, 7003209, 4.0479708, 7.8340, 1.87839, 25.47799, 150.0, 7.36
$2022-03-22 17:08:42, 7456730, 7002294, 4.0531631, 9.6747, 1.81430, 25.50469, 149.6, 7.36
$2022-03-22 17:08:44, 7456184, 7001243, 4.0609498, 14.5889, 1.82803, 25.47799, 150.0, 7.36
$2022-03-22 17:08:46, 7455633, 6999939, 4.0722828, 20.5789, 1.84634, 25.51804, 150.0, 7.36
$2022-03-22 17:08:48, 7455041, 6998288, 4.0880427, 29.3002, 1.79904, 25.51804, 150.0, 7.36
$2022-03-22 17:08:50, 7454477, 6996700, 4.1032867, 28.5530, 1.82803, 25.53406, 150.0, 7.36
$2022-03-22 17:08:52, 7453923, 6995266, 4.1164713, 24.6937, 1.83108, 25.56344, 150.0, 7.36
$2022-03-22 17:08:54, 7453368, 6993926, 4.1283007, 22.2023, 1.86313, 25.53406, 149.6, 7.36
$2022-03-22 17:08:56, 7452838, 6992724, 4.1384969, 19.1028, 1.83108, 25.54742, 150.0, 7.36
$2022-03-22 17:08:58, 7452299, 6991593, 4.1475625, 16.9758, 1.83108, 25.56344, 150.0, 7.36
$2022-03-22 17:09:00, 7451733, 6990470, 4.1561246, 16.0881, 1.79904, 25.56344, 149.6, 7.36
$2022-03-22 17:09:02, 7451208, 6989481, 4.1633563, 13.5388, 1.83108, 25.59282, 150.0, 7.36
$2022-03-22 17:09:04, 7450666, 6988525, 4.1698608, 12.1944, 1.81735, 25.57946, 150.0, 7.36
$2022-03-22 17:09:06, 7450151, 6987643, 4.1756825, 10.8942, 1.80056, 25.57946, 150.0, 7.36
$2022-03-22 17:09:08, 7449599, 6986825, 4.1801081, 8.2365, 1.83108, 25.59282, 150.0, 7.36
$2022-03-22 17:09:10, 7449010, 6985976, 4.1844435, 8.0963, 1.81735, 25.59282, 150.0, 7.36
$2022-03-22 17:09:48, 7439560, 6974943, 4.1706095, 38.5267, 3.33410, 25.67560, 162.7, 7.36
$2022-03-22 17:09:50, 7439462, 6974701, 4.1843877, 25.5776, 2.98009, 25.69162, 151.0, 7.36
$2022-03-22 17:09:52, 7439447, 6974375, 4.1957960, 21.3217, 2.65507, 25.64890, 150.7, 7.36
$2022-03-22 17:09:54, 7439445, 6974063, 4.2049909, 16.2716, 2.47807, 25.67560, 150.7, 7.36
$2022-03-22 17:09:56, 7439439, 6973760, 4.2126760, 5.3705, 2.23545, 25.67560, 150.7, 7.36
$2022-03-22 17:10:01, 7439389, 6972956, 4.2260580, 24.9205, 2.02792, 25.66225, 151.0, 7.36
$2022-03-22 17:10:03, 7439340, 6972703, 4.2310061, 9.2082, 2.02792, 25.66225, 151.0, 7.36
$2022-03-22 17:10:05, 7439303, 6972414, 4.2362223, 9.7339, 1.89975, 25.64890, 150.7, 7.36
$2022-03-22 17:10:07, 7439284, 6972151, 4.2410579, 9.0046, 1.93179, 25.67560, 151.0, 7.36
$2022-03-22 17:10:09, 7439253, 6971868, 4.2457924, 8.8023, 1.89975, 25.66225, 151.0, 7.36
$2022-03-22 17:10:11, 7439189, 6971551, 4.2504053, 8.5983, 1.86770, 25.67560, 151.0, 7.36
$2022-03-22 17:10:13, 7439118, 6971187, 4.2554746, 9.4413, 1.78531, 25.66225, 151.0, 7.36
$2022-03-22 17:10:15, 7439029, 6970817, 4.2602758, 8.9499, 1.81888, 25.66225, 151.0, 7.36
$2022-03-22 17:10:17, 7438954, 6970416, 4.2656236, 9.9342, 1.80362, 25.67560, 151.0, 7.36
$2022-03-22 17:10:19, 7438833, 6970003, 4.2704806, 8.9534, 1.78683, 25.70497, 151.0, 7.36
$2022-03-22 17:10:21, 7438706, 6969548, 4.2758055, 9.9141, 1.76852, 25.69162, 150.7, 7.36
$2022-03-22 17:10:23, 7438550, 6969062, 4.2811193, 9.9110, 1.80362, 25.70497, 150.7, 7.36
$2022-03-22 17:10:25, 7438388, 6968601, 4.2859645, 8.9397, 1.75326, 25.70497, 150.7, 7.36
$2022-03-22 17:10:27, 7438200, 6968116, 4.2907643, 8.8750, 1.73953, 25.71832, 150.7, 7.36
$2022-03-22 17:10:29, 7437982, 6967622, 4.2952743, 8.3828, 1.75479, 25.71832, 150.7, 7.36
$2022-03-22 17:10:31, 7437743, 6967134, 4.2994032, 7.6377, 1.75479, 25.74770, 151.0, 7.36
$2022-03-22 17:10:33, 7437498, 6966646, 4.3033991, 7.4575, 1.77157, 25.73168, 150.7, 7.36
$2022-03-22 17:10:35, 7437229, 6966156, 4.3070712, 6.8001, 1.72580, 25.74770, 151.0, 7.36
$2022-03-22 17:10:37, 7436963, 6965651, 4.3110218, 7.3087, 1.72580, 25.74770, 151.0, 7.36
$2022-03-22 17:10:39, 7436646, 6965084, 4.3151507, 7.6460, 1.72580, 25.76105, 151.0, 7.36
$2022-03-22 17:10:41, 7436357, 6964453, 4.3205404, 10.0530, 1.69070, 25.74770, 151.0, 7.36
$2022-03-22 17:10:43, 7436034, 6963826, 4.3254170, 9.0182, 1.65866, 25.76105, 151.0, 7.36
$2022-03-22 17:10:45, 7435687, 6963116, 4.3311410, 10.6191, 1.70748, 25.76105, 150.7, 7.36
$2022-03-22 17:10:47, 7435327, 6962403, 4.3414617, 19.1841, 1.72580, 25.78775, 150.7, 7.36
$2022-03-22 17:10:49, 7434954, 6961723, 4.3462696, 8.9909, 1.75479, 25.77440, 150.3, 7.36
$2022-03-22 17:10:51, 7434587, 6961068, 4.3507986, 8.4201, 1.65866, 25.77440, 150.3, 7.36
$2022-03-22 17:10:53, 7434209, 6960434, 4.3548703, 7.5530, 1.74411, 25.80377, 150.7, 7.36
$2022-03-22 17:10:55, 7433840, 6959774, 4.3594556, 8.5085, 1.70901, 25.80377, 150.7, 7.36
$2022-03-22 17:10:57, 7433415, 6959094, 4.3635826, 7.7062, 1.75784, 25.81712, 150.7, 7.36
$2022-03-22 17:10:59, 7432997, 6958418, 4.3677206, 7.7373, 1.69375, 25.78775, 150.7, 7.36
$2022-03-22 17:11:01, 7432572, 6957747, 4.3717246, 7.4680, 1.67697, 25.83048, 150.3, 7.36
$2022-03-22 17:11:03, 7432169, 6957051, 4.3763862, 8.7305, 1.67544, 25.80377, 150.7, 7.36
$2022-03-22 17:11:05, 7431746, 6956365, 4.3806353, 7.9377, 1.70901, 25.83048, 150.7, 7.36
$2022-03-22 17:11:07, 7431310, 6955684, 4.3846393, 7.4625, 1.69375, 25.85985, 150.7, 7.36
$2022-03-22 17:11:12, 7430305, 6954085, 4.3941617, 7.8206, 1.67697, 25.84383, 150.7, 7.36
$2022-03-22 17:11:14, 7429839, 6953356, 4.3984771, 8.0513, 1.69375, 25.85985, 150.7, 7.36
$2022-03-22 17:11:16, 7429375, 6952629, 4.4027815, 8.0550, 1.67697, 25.87320, 150.7, 7.36
$2022-03-22 17:11:18, 7428934, 6951917, 4.4072080, 8.2632, 1.69528, 25.90257, 150.7, 7.36
$2022-03-22 17:11:20, 7428452, 6951195, 4.4111991, 7.4651, 1.67697, 25.87320, 150.7, 7.36
$2022-03-22 17:11:22, 7427990, 6950488, 4.4152231, 7.5167, 1.64797, 25.88655, 150.7, 7.36
$2022-03-22 17:11:24, 7427512, 6949721, 4.4199281, 8.7878, 1.61593, 25.91593, 150.7, 7.36
$2022-03-22 17:11:26, 7427044, 6949018, 4.4238405, 7.3081, 1.66171, 25.90257, 150.7, 7.36
$2022-03-22 17:11:28, 7426602, 6948302, 4.4282885, 8.2805, 1.61593, 25.91593, 150.7, 7.36
$2022-03-22 17:11:30, 7426090, 6947600, 4.4315653, 6.0688, 1.66171, 25.90257, 150.7, 7.36
$2022-03-22 17:11:32, 7425631, 6946850, 4.4363031, 8.8512, 1.66323, 25.92928, 150.7, 7.36
$2022-03-22 17:11:34, 7425150, 6946123, 4.4403825, 7.5685, 1.63119, 25.92928, 150.7, 7.36
$2022-03-22 17:11:36, 7424677, 6945356, 4.4451523, 8.8608, 1.61746, 25.97200, 150.7, 7.36
$2022-03-22 17:11:38, 7424191, 6944578, 4.4498887, 8.8586, 1.63119, 25.92928, 150.7, 7.36
$2022-03-22 17:11:40, 7423691, 6943830, 4.4540348, 7.7456, 1.64950, 25.97200, 150.7, 7.36
$2022-03-22 17:11:42, 7423203, 6943106, 4.4579568, 7.3354, 1.59915, 25.95865, 150.7, 7.36
$2022-03-22 17:11:44, 7422715, 6942355, 4.4623137, 8.1412, 1.68154, 25.97200, 150.7, 7.36
$2022-03-22 17:11:46, 7422224, 6941594, 4.4667602, 8.2993, 1.61746, 25.97200, 150.7, 7.36
$2022-03-22 17:11:48, 7421751, 6940856, 4.4711390, 8.1902, 1.64950, 25.98535, 150.7, 7.36
$2022-03-22 17:11:50, 7421283, 6940144, 4.4751945, 7.5121, 1.61746, 25.99870, 150.7, 7.36
$2022-03-22 17:11:52, 7420813, 6939391, 4.4797959, 8.5669, 1.63424, 25.98535, 150.7, 7.36
$2022-03-22 17:11:54, 7420334, 6938653, 4.4840851, 8.0119, 1.65255, 26.01473, 150.7, 7.36
$2022-03-22 17:11:56, 7419861, 6937947, 4.4879737, 7.2749, 1.66323, 25.98535, 150.7, 7.36
$2022-03-22 17:11:58, 7419380, 6937183, 4.4925857, 8.6185, 1.66629, 26.01473, 150.7, 7.36
$2022-03-22 17:12:00, 7418883, 6936425, 4.4969301, 8.1279, 1.66629, 26.02808, 150.7, 7.36
$2022-03-22 17:12:02, 7418415, 6935656, 4.5018196, 9.1391, 1.69985, 26.04143, 150.7, 7.36
$2022-03-22 17:12:04, 7417920, 6934858, 4.5067534, 9.2159, 1.63577, 26.02808, 150.7, 7.36
$2022-03-22 17:12:06, 7417432, 6934052, 4.5118885, 9.5990, 1.60220, 26.04143, 150.7, 7.36
$2022-03-22 17:12:08, 7416962, 6933270, 4.5169444, 9.4539, 1.66629, 26.05478, 150.7, 7.36
$2022-03-22 17:12:10, 7416456, 6932498, 4.5213552, 8.2006, 1.60220, 26.05478, 150.7, 7.36
$2022-03-22 17:12:14, 7415393, 6930797, 4.5316443, 8.4977, 1.63577, 26.02808, 150.7, 7.36
$2022-03-22 17:12:16, 7414889, 6930048, 4.5357647, 7.7232, 1.66781, 26.08415, 150.7, 7.36
$2022-03-22 17:12:18, 7414417, 6929286, 4.5404739, 8.7389, 1.55642, 26.07080, 150.7, 7.36
$2022-03-22 17:12:20, 7413918, 6928535, 4.5446606, 7.8560, 1.63577, 26.08415, 150.3, 7.36
$2022-03-22 17:12:22, 7413437, 6927772, 4.5492926, 8.6216, 1.60372, 26.08415, 150.7, 7.36
$2022-03-22 17:12:24, 7412964, 6927027, 4.5537682, 8.3652, 1.63577, 26.09751, 150.7, 7.36
$2022-03-22 17:12:26, 7412497, 6926326, 4.5576754, 7.2499, 1.63882, 26.12955, 150.7, 7.36
$2022-03-22 17:12:28, 7412010, 6925573, 4.5620613, 8.1960, 1.60372, 26.09751, 150.3, 7.36
$2022-03-22 17:12:30, 7411533, 6924870, 4.5658798, 7.0966, 1.58846, 26.11353, 150.3, 7.36
$2022-03-22 17:12:32, 7411062, 6924186, 4.5695305, 6.8213, 1.60372, 26.12955, 150.3, 7.36
$2022-03-22 17:12:34, 7410586, 6923465, 4.5736046, 7.6388, 1.63882, 26.14290, 150.3, 7.36
$2022-03-22 17:12:36, 7410108, 6922765, 4.5773673, 7.0644, 1.62203, 26.14290, 150.3, 7.36
$2022-03-22 17:12:38, 7409641, 6922049, 4.5814853, 7.7077, 1.62203, 26.15625, 150.7, 7.36
$2022-03-22 17:12:40, 7409159, 6921331, 4.5854583, 7.4557, 1.58846, 26.15625, 150.3, 7.36
$2022-03-22 17:12:42, 7408683, 6920646, 4.5890312, 6.6843, 1.62203, 26.17227, 150.3, 7.36
$2022-03-22 17:12:44, 7408225, 6919942, 4.5931373, 7.6828, 1.64034, 26.18562, 150.7, 7.36
$2022-03-22 17:12:46, 7407733, 6919291, 4.5959864, 5.3370, 1.62203, 26.17227, 150.7, 7.36
$2022-03-22 17:12:48, 7407271, 6918603, 4.5997920, 7.1339, 1.60678, 26.18562, 150.3, 7.36
$2022-03-22 17:12:50, 7406791, 6917918, 4.6032968, 6.5738, 1.64034, 26.18562, 150.3, 7.36
$2022-03-22 17:12:52, 7406341, 6917220, 4.6074028, 7.6865, 1.57626, 26.19898, 150.3, 7.36
$2022-03-22 17:12:54, 7405871, 6916476, 4.6119318, 8.4988, 1.62203, 26.18562, 150.3, 7.36
$2022-03-22 17:12:56, 7405402, 6915765, 4.6159701, 7.5581, 1.60830, 26.24170, 150.7, 7.36
$2022-03-22 17:12:58, 7404962, 6915212, 4.6181064, 4.0078, 1.60678, 26.19898, 150.3, 7.36
$2022-03-22 17:13:00, 7404497, 6914503, 4.6222010, 7.6757, 1.67239, 26.25505, 150.3, 7.36
$2022-03-22 17:13:02, 7404038, 6913846, 4.6255941, 6.3823, 1.60678, 26.19898, 150.3, 7.36
$2022-03-22 17:13:04, 7403595, 6913215, 4.6288314, 6.0127, 1.62509, 26.22835, 150.7, 7.36
$2022-03-22 17:13:06, 7403126, 6912478, 4.6332474, 8.2157, 1.62509, 26.24170, 150.3, 7.36
$2022-03-22 17:13:08, 7402689, 6911791, 4.6373630, 7.7242, 1.57626, 26.22835, 150.7, 7.36
$2022-03-22 17:13:10, 7402235, 6911069, 4.6417575, 8.2081, 1.58999, 26.24170, 150.7, 7.36
$2022-03-22 17:13:12, 7401800, 6910383, 4.6459284, 7.8182, 1.64340, 26.26841, 150.3, 7.36
$2022-03-22 17:13:17, 7400749, 6908817, 4.6545029, 7.0028, 1.59304, 26.31114, 150.7, 7.36
$2022-03-22 17:13:19, 7400280, 6908085, 4.6588745, 8.1342, 1.59304, 26.29778, 150.3, 7.36
$2022-03-22 17:13:21, 7399839, 6907351, 4.6636672, 8.9942, 1.62661, 26.29778, 150.3, 7.36
$2022-03-22 17:13:23, 7399370, 6906649, 4.6675820, 7.3284, 1.57931, 26.28443, 150.7, 7.36
$2022-03-22 17:13:25, 7398937, 6905952, 4.6718955, 8.0724, 1.62509, 26.28443, 150.7, 7.36
$2022-03-22 17:13:27, 7398482, 6905272, 4.6756992, 7.1319, 1.54726, 26.31114, 150.3, 7.36
$2022-03-22 17:13:29, 7398039, 6904577, 4.6798573, 7.7271, 1.57931, 26.31114, 150.7, 7.36
$2022-03-22 17:13:31, 7397596, 6903877, 4.6841159, 7.9446, 1.64340, 26.31114, 150.3, 7.36
$2022-03-22 17:13:33, 7397141, 6903197, 4.6878848, 7.0741, 1.57931, 26.32449, 150.3, 7.36
$2022-03-22 17:13:35, 7396707, 6902517, 4.6919651, 7.6571, 1.57931, 26.32449, 150.3, 7.36
$2022-03-22 17:13:37, 7396256, 6901858, 4.6955009, 6.6148, 1.61135, 26.32449, 150.7, 7.36
$2022-03-22 17:13:39, 7395830, 6901174, 4.6997476, 7.9795, 1.56252, 26.34051, 150.3, 7.36
$2022-03-22 17:13:41, 7395387, 6900469, 4.7040715, 8.1030, 1.62661, 26.35386, 150.3, 7.36
$2022-03-22 17:13:43, 7394935, 6899803, 4.7077060, 6.7858, 1.59457, 26.36721, 150.3, 7.36
$2022-03-22 17:13:45, 7394481, 6899101, 4.7118187, 7.3488, 1.59457, 26.35386, 150.3, 7.36
$2022-03-22 17:13:47, 7394008, 6898421, 4.7153535, 6.6346, 1.49844, 26.35386, 150.3, 7.36
$2022-03-22 17:13:49, 7393579, 6897737, 4.7195883, 7.8368, 1.58083, 26.36721, 151.3, 7.36
$2022-03-22 17:13:51, 7393175, 6897115, 4.7232118, 6.8017, 1.54726, 26.35386, 150.3, 7.36
$2022-03-22 17:13:53, 7392731, 6896456, 4.7268348, 6.8100, 1.54726, 26.35386, 150.0, 7.36
$2022-03-22 17:13:55, 7392300, 6895785, 4.7308135, 7.4172, 1.54726, 26.36721, 150.7, 7.36
$2022-03-22 17:13:57, 7391882, 6895059, 4.7357807, 9.3513, 1.56558, 26.39658, 150.0, 7.36
$2022-03-22 17:13:59, 7391459, 6894353, 4.7403479, 8.5709, 1.56558, 26.38056, 150.3, 7.36
$2022-03-22 17:14:01, 7391036, 6893653, 4.7448926, 8.5302, 1.58083, 26.40994, 150.3, 7.36
$2022-03-22 17:14:03, 7390584, 6892941, 4.7491822, 7.9810, 1.56558, 26.40994, 150.3, 7.36
$2022-03-22 17:14:05, 7390145, 6892268, 4.7531042, 7.3388, 1.56558, 26.42329, 150.3, 7.36
$2022-03-22 17:14:07, 7389706, 6891611, 4.7567930, 6.9415, 1.58389, 26.42329, 150.3, 7.36
$2022-03-22 17:14:09, 7389268, 6890944, 4.7606368, 7.1832, 1.56558, 26.42329, 150.7, 7.36
$2022-03-22 17:14:11, 7388841, 6890282, 4.7645583, 7.3682, 1.53353, 26.43931, 150.3, 7.36
$2022-03-22 17:14:13, 7388417, 6889640, 4.7682352, 6.9037, 1.54879, 26.43931, 150.3, 7.36
$2022-03-22 17:14:15, 7388010, 6888953, 4.7727571, 8.4804, 1.58389, 26.43931, 150.3, 7.36
$2022-03-22 17:14:19, 7387100, 6887368, 4.7835093, 8.9255, 1.56558, 26.43931, 150.3, 7.36
$2022-03-22 17:14:21, 7386645, 6886641, 4.7880077, 8.4411, 1.51675, 26.47936, 150.7, 7.36
$2022-03-22 17:14:23, 7386218, 6885939, 4.7924943, 8.4244, 1.53353, 26.46601, 150.3, 7.36
$2022-03-22 17:14:25, 7385806, 6885211, 4.7975922, 9.5435, 1.55184, 26.47936, 150.7, 7.36
$2022-03-22 17:14:27, 7385386, 6884485, 4.8025231, 9.2577, 1.51675, 26.47936, 150.3, 7.36
$2022-03-22 17:14:29, 7384982, 6883822, 4.8067541, 7.9485, 1.53353, 26.46601, 150.3, 7.36
$2022-03-22 17:14:31, 7384553, 6883108, 4.8114181, 8.7517, 1.51675, 26.49539, 150.3, 7.36
$2022-03-22 17:14:33, 7384151, 6882421, 4.8160377, 8.6832, 1.56710, 26.49539, 150.3, 7.36
$2022-03-22 17:14:35, 7383738, 6881742, 4.8203793, 8.1445, 1.55184, 26.49539, 150.3, 7.36
$2022-03-22 17:14:37, 7383349, 6881039, 4.8254194, 9.4721, 1.50607, 26.52209, 150.3, 7.36
$2022-03-22 17:14:39, 7382937, 6880356, 4.8298497, 8.3161, 1.53506, 26.50874, 150.3, 7.36
$2022-03-22 17:14:41, 7382530, 6879763, 4.8330579, 6.0311, 1.53506, 26.49539, 150.3, 7.36
$2022-03-22 17:14:43, 7382111, 6879133, 4.8365884, 6.6291, 1.48775, 26.50874, 150.3, 7.36
$2022-03-22 17:14:45, 7381705, 6878518, 4.8401184, 6.6418, 1.53506, 26.52209, 150.0, 7.36
$2022-03-22 17:14:47, 7381294, 6877951, 4.8428717, 5.1362, 1.55184, 26.53544, 150.3, 7.36
$2022-03-22 17:14:49, 7380882, 6877314, 4.8466239, 7.0129, 1.57015, 26.53544, 150.3, 7.36
$2022-03-22 17:14:51, 7380462, 6876690, 4.8500981, 6.4740, 1.50607, 26.53544, 150.3, 7.36
$2022-03-22 17:14:53, 7380095, 6876060, 4.8543606, 8.0194, 1.51980, 26.55146, 150.0, 7.36
$2022-03-22 17:14:55, 7379683, 6875384, 4.8587222, 8.1674, 1.53506, 26.53544, 150.3, 7.36
$2022-03-22 17:14:57, 7379286, 6874708, 4.8632503, 8.4974, 1.57015, 26.55146, 150.3, 7.36
$2022-03-22 17:14:59, 7378868, 6873976, 4.8683219, 9.5303, 1.53811, 26.57816, 150.3, 7.36
$2022-03-22 17:15:01, 7378463, 6873194, 4.8742929, 11.2482, 1.51980, 26.57816, 150.0, 7.36
$2022-03-22 17:15:03, 7378089, 6872423, 4.8805404, 11.7202, 1.48928, 26.57816, 150.3, 7.36
$2022-03-22 17:15:05, 7377692, 6871672, 4.8861551, 10.4947, 1.48928, 26.59152, 150.3, 7.36
$2022-03-22 17:15:07, 7377277, 6870852, 4.8925571, 11.9552, 1.53811, 26.60754, 150.3, 7.36
$2022-03-22 17:15:09, 7376905, 6870111, 4.8984046, 10.9253, 1.50759, 26.60754, 150.0, 7.36
$2022-03-22 17:15:11, 7376491, 6869348, 4.9039741, 10.4785, 1.48928, 26.59152, 150.3, 7.36
$2022-03-22 17:15:13, 7376114, 6868616, 4.9095869, 10.4898, 1.52132, 26.60754, 150.3, 7.36
$2022-03-22 17:15:15, 7375710, 6867898, 4.9146228, 8.9880, 1.53811, 26.60754, 150.3, 7.36
$2022-03-22 17:15:18, 7375308, 6867146, 4.9202027, 10.4905, 1.50607, 26.59152, 150.0, 7.36
$2022-03-22 17:15:56, 7368760, 6858689, 4.9035187, 36.2868, 2.79850, 26.64760, 163.4, 7.35
$2022-03-22 17:15:58, 7368824, 6858744, 4.9163427, 24.0268, 2.50553, 26.63425, 150.7, 7.36
$2022-03-22 17:16:00, 7368958, 6858776, 4.9254708, 16.9399, 2.23392, 26.63425, 151.0, 7.36
$2022-03-22 17:16:02, 7369089, 6858784, 4.9322929, 12.2625, 2.07065, 26.60754, 150.7, 7.36
$2022-03-22 17:16:04, 7369243, 6858835, 4.9374051, 3.5774, 1.92721, 26.63425, 150.7, 7.36
$2022-03-22 17:16:09, 7369597, 6858926, 4.9436817, 11.7345, 1.68154, 26.60754, 151.0, 7.36
$2022-03-22 17:16:11, 7369718, 6858966, 4.9469204, 6.0727, 1.65255, 26.60754, 150.7, 7.36
$2022-03-22 17:16:13, 7369843, 6859028, 4.9494596, 4.7412, 1.66781, 26.62090, 151.0, 7.36
$2022-03-22 17:16:15, 7369959, 6859035, 4.9523759, 5.4618, 1.68154, 26.60754, 151.0, 7.36
$2022-03-22 17:16:17, 7370066, 6859048, 4.9548264, 4.5889, 1.65255, 26.60754, 151.0, 7.36
$2022-03-22 17:16:19, 7370156, 6859027, 4.9573655, 4.7641, 1.63577, 26.60754, 150.7, 7.36
$2022-03-22 17:16:21, 7370227, 6858978, 4.9599605, 4.8431, 1.55642, 26.63425, 150.7, 7.36
$2022-03-22 17:16:23, 7370286, 6858850, 4.9633861, 6.3612, 1.55337, 26.62090, 151.0, 7.36
$2022-03-22 17:16:25, 7370344, 6858737, 4.9664907, 5.8123, 1.57168, 26.62090, 151.0, 7.36
$2022-03-22 17:16:27, 7370384, 6858489, 4.9712467, 8.9112, 1.57168, 26.62090, 150.7, 7.36
$2022-03-22 17:16:29, 7370390, 6858209, 4.9759359, 8.7742, 1.55337, 26.62090, 151.0, 7.36
$2022-03-22 17:16:31, 7370409, 6857908, 4.9810581, 9.5689, 1.57168, 26.62090, 151.3, 7.36
$2022-03-22 17:16:33, 7370388, 6857590, 4.9858131, 8.8773, 1.55337, 26.62090, 151.3, 7.36
$2022-03-22 17:16:35, 7370348, 6857246, 4.9906797, 9.1218, 1.57168, 26.63425, 151.0, 7.36
$2022-03-22 17:16:37, 7370271, 6856934, 4.9945593, 7.2612, 1.58846, 26.63425, 151.0, 7.36
$2022-03-22 17:16:39, 7370176, 6856585, 4.9986930, 7.7458, 1.57168, 26.66629, 150.7, 7.36
$2022-03-22 17:16:41, 7370089, 6856195, 5.0035143, 9.0495, 1.55642, 26.64760, 150.7, 7.36
$2022-03-22 17:16:43, 7369998, 6855814, 5.0080919, 8.5968, 1.53811, 26.63425, 150.7, 7.36
$2022-03-22 17:16:45, 7369875, 6855407, 5.0126467, 8.5621, 1.49233, 26.64760, 150.7, 7.36
$2022-03-22 17:16:47, 7369710, 6854985, 5.0168018, 7.7658, 1.53811, 26.63425, 151.0, 7.36
$2022-03-22 17:16:49, 7369550, 6854589, 5.0206251, 7.1795, 1.50759, 26.66629, 151.0, 7.36
$2022-03-22 17:16:51, 7369375, 6854140, 5.0250239, 8.2002, 1.47555, 26.66629, 151.0, 7.36
$2022-03-22 17:16:53, 7369206, 6853685, 5.0295777, 8.5535, 1.52438, 26.67964, 150.7, 7.36
$2022-03-22 17:16:55, 7368993, 6853248, 5.0385418, 16.8336, 1.49233, 26.67964, 151.0, 7.36
$2022-03-22 17:16:57, 7368762, 6852736, 5.0428848, 8.1242, 1.52438, 26.69299, 150.7, 7.36
$2022-03-22 17:16:59, 7368535, 6852252, 5.0469060, 7.5331, 1.53964, 26.70635, 151.0, 7.36
$2022-03-22 17:17:01, 7368307, 6851750, 5.0511489, 7.8808, 1.52438, 26.67964, 151.0, 7.36
$2022-03-22 17:17:03, 7368054, 6851219, 5.0555134, 8.1716, 1.49386, 26.70635, 151.0, 7.36
$2022-03-22 17:17:05, 7367809, 6850673, 5.0601878, 8.7183, 1.52438, 26.70635, 151.0, 7.36
$2022-03-22 17:17:07, 7367511, 6850152, 5.0637760, 6.7217, 1.52438, 26.69299, 151.0, 7.36
$2022-03-22 17:17:09, 7367232, 6849565, 5.0686169, 9.0861, 1.52438, 26.72237, 150.7, 7.36
$2022-03-22 17:17:11, 7366949, 6849009, 5.0729580, 8.1488, 1.49386, 26.73572, 150.7, 7.36
$2022-03-22 17:17:13, 7366673, 6848461, 5.0772443, 8.0402, 1.52438, 26.70635, 150.7, 7.36
$2022-03-22 17:17:15, 7366360, 6847859, 5.0818624, 8.6732, 1.49386, 26.72237, 150.7, 7.36
$2022-03-22 17:17:20, 7365649, 6846569, 5.0911088, 7.6502, 1.51064, 26.74907, 150.7, 7.36
$2022-03-22 17:17:22, 7365329, 6845935, 5.0960917, 9.3017, 1.51064, 26.74907, 150.7, 7.36
$2022-03-22 17:17:24, 7365022, 6845342, 5.1006422, 8.5397, 1.49386, 26.76509, 150.7, 7.36
$2022-03-22 17:17:26, 7364662, 6844737, 5.1046510, 7.4956, 1.60678, 26.74907, 150.7, 7.36
$2022-03-22 17:17:28, 7364336, 6844115, 5.1093783, 8.8125, 1.49386, 26.76509, 150.7, 7.36
$2022-03-22 17:17:30, 7364003, 6843524, 5.1135631, 7.8501, 1.54269, 26.77844, 150.7, 7.36
$2022-03-22 17:17:32, 7363672, 6842956, 5.1174374, 7.2389, 1.51064, 26.74907, 151.0, 7.36
$2022-03-22 17:17:34, 7363354, 6842334, 5.1222529, 9.0684, 1.49386, 26.76509, 150.7, 7.36
$2022-03-22 17:17:36, 7363020, 6841741, 5.1264930, 7.9033, 1.49691, 26.79179, 150.7, 7.36
$2022-03-22 17:17:38, 7362676, 6841107, 5.1311412, 8.6673, 1.52590, 26.77844, 150.7, 7.36
$2022-03-22 17:17:40, 7362308, 6840429, 5.1361332, 9.4021, 1.56100, 26.80515, 150.7, 7.36
$2022-03-22 17:17:42, 7361969, 6839805, 5.1407161, 8.3180, 1.49691, 26.79179, 150.7, 7.36
$2022-03-22 17:17:44, 7361584, 6839118, 5.1455851, 9.1001, 1.52590, 26.77844, 151.0, 7.36
$2022-03-22 17:17:46, 7361252, 6838416, 5.1514173, 10.9538, 1.49691, 26.79179, 150.7, 7.36
$2022-03-22 17:17:48, 7360922, 6837759, 5.1566296, 9.7522, 1.48013, 26.82117, 151.0, 7.36
$2022-03-22 17:17:50, 7360557, 6837048, 5.1621513, 10.3746, 1.49691, 26.82117, 150.7, 7.36
$2022-03-22 17:17:52, 7360219, 6836376, 5.1674519, 9.9577, 1.54421, 26.83452, 150.7, 7.36
$2022-03-22 17:17:54, 7359841, 6835714, 5.1720872, 8.6858, 1.46487, 26.83452, 151.0, 7.36
$2022-03-22 17:17:56, 7359495, 6835046, 5.1772432, 9.6778, 1.48013, 26.83452, 151.0, 7.36
$2022-03-22 17:17:58, 7359151, 6834416, 5.1818566, 8.6297, 1.51217, 26.82117, 151.0, 7.36
$2022-03-22 17:18:00, 7358764, 6833750, 5.1864147, 8.5504, 1.48013, 26.84787, 151.0, 7.36
$2022-03-22 17:18:02, 7358419, 6833131, 5.1908507, 8.3220, 1.52590, 26.83452, 151.0, 7.36
$2022-03-22 17:18:04, 7358059, 6832515, 5.1950545, 7.9031, 1.51522, 26.84787, 150.7, 7.36
$2022-03-22 17:18:06, 7357686, 6831895, 5.1991034, 7.6187, 1.51522, 26.84787, 150.3, 7.36
$2022-03-22 17:18:08, 7357348, 6831311, 5.2031512, 7.6091, 1.49844, 26.87724, 150.7, 7.36
$2022-03-22 17:18:10, 7356990, 6830711, 5.2071333, 7.4773, 1.44808, 26.86122, 150.7, 7.36
$2022-03-22 17:18:12, 7356631, 6830097, 5.2113361, 7.9385, 1.52895, 26.89059, 150.3, 7.36
$2022-03-22 17:18:14, 7356292, 6829489, 5.2157044, 8.1915, 1.48013, 26.87724, 150.7, 7.36
$2022-03-22 17:18:16, 7355941, 6828895, 5.2197080, 7.5183, 1.52895, 26.84787, 150.7, 7.36
$2022-03-22 17:18:18, 7355574, 6828240, 5.2243638, 8.7573, 1.46487, 26.90395, 150.7, 7.36
$2022-03-22 17:18:22, 7354788, 6826877, 5.2337298, 7.7319, 1.49844, 26.89059, 150.7, 7.36
$2022-03-22 17:18:24, 7354429, 6826236, 5.2382851, 8.5643, 1.48318, 26.89059, 150.7, 7.36
$2022-03-22 17:18:26, 7354097, 6825638, 5.2426085, 8.1372, 1.48318, 26.89059, 150.7, 7.36
$2022-03-22 17:18:28, 7353739, 6825003, 5.2471194, 8.4690, 1.48318, 26.90395, 150.7, 7.36
$2022-03-22 17:18:30, 7353388, 6824299, 5.2527356, 10.5605, 1.51522, 26.91730, 150.7, 7.36
$2022-03-22 17:18:32, 7353004, 6823603, 5.2577662, 9.4653, 1.48318, 26.89059, 150.7, 7.36
$2022-03-22 17:18:34, 7352677, 6822878, 5.2640224, 11.7455, 1.51675, 26.93332, 150.7, 7.36
$2022-03-22 17:18:36, 7352326, 6822052, 5.2714176, 13.9016, 1.46639, 26.91730, 150.7, 7.36
$2022-03-22 17:18:38, 7352004, 6821167, 5.2801051, 16.3856, 1.49844, 26.93332, 150.3, 7.36
$2022-03-22 17:18:40, 7351642, 6820227, 5.2890348, 16.7945, 1.48318, 26.94667, 150.7, 7.36
$2022-03-22 17:18:42, 7351291, 6819344, 5.2972565, 15.4501, 1.43435, 26.93332, 150.7, 7.36
$2022-03-22 17:18:44, 7350960, 6818517, 5.3049588, 14.4750, 1.46639, 26.94667, 150.7, 7.36
$2022-03-22 17:18:46, 7350630, 6817673, 5.3129249, 14.9987, 1.48318, 26.94667, 150.7, 7.36
$2022-03-22 17:18:48, 7350291, 6816930, 5.3192782, 11.8713, 1.48318, 26.96002, 150.7, 7.36
$2022-03-22 17:18:50, 7349923, 6816143, 5.3258843, 12.4337, 1.48318, 26.94667, 150.7, 7.36
$2022-03-22 17:18:52, 7349588, 6815366, 5.3327994, 13.0408, 1.46639, 26.96002, 150.3, 7.36
$2022-03-22 17:18:54, 7349244, 6814593, 5.3395267, 12.5570, 1.48470, 26.97337, 150.7, 7.36
$2022-03-22 17:18:56, 7348872, 6813856, 5.3453479, 10.8886, 1.48318, 26.96002, 150.7, 7.36
$2022-03-22 17:18:58, 7348526, 6813085, 5.3520079, 12.5666, 1.46639, 26.98940, 150.3, 7.36
$2022-03-22 17:19:00, 7348195, 6812372, 5.3580489, 11.4005, 1.43740, 27.00275, 150.3, 7.36
$2022-03-22 17:19:02, 7347866, 6811648, 5.3642774, 11.6275, 1.43740, 27.00275, 150.7, 7.36
$2022-03-22 17:19:04, 7347512, 6810907, 5.3704391, 11.5385, 1.46944, 27.00275, 150.7, 7.36
$2022-03-22 17:19:06, 7347193, 6810210, 5.3763690, 11.0927, 1.48470, 27.00275, 150.3, 7.36
$2022-03-22 17:19:08, 7346870, 6809414, 5.3837657, 13.9521, 1.48470, 27.02945, 150.3, 7.36
$2022-03-22 17:19:10, 7346525, 6808668, 5.3900924, 11.9191, 1.43740, 27.00275, 150.3, 7.36
$2022-03-22 17:19:12, 7346186, 6807916, 5.3966060, 12.2435, 1.43740, 27.01610, 150.7, 7.36
$2022-03-22 17:19:14, 7345880, 6807104, 5.4044218, 14.7259, 1.43893, 27.04547, 150.7, 7.36
$2022-03-22 17:19:16, 7345513, 6806307, 5.4112210, 12.7951, 1.43893, 27.02945, 150.7, 7.36
$2022-03-22 17:19:18, 7345194, 6805529, 5.4183841, 13.4582, 1.42061, 27.01610, 150.7, 7.36
$2022-03-22 17:19:20, 7344837, 6804732, 5.4252930, 13.0702, 1.48470, 27.04547, 150.3, 7.36
$2022-03-22 17:19:25, 7344074, 6802760, 5.4439764, 15.4849, 1.45266, 27.04547, 150.7, 7.36
$2022-03-22 17:19:27, 7343734, 6801762, 5.4540939, 18.9923, 1.50301, 27.04547, 150.3, 7.36
$2022-03-22 17:19:29, 7343393, 6800764, 5.4642105, 19.1055, 1.45266, 27.04547, 150.3, 7.36
$2022-03-22 17:19:31, 7343046, 6799766, 5.4742270, 18.8888, 1.43893, 27.05882, 150.3, 7.36
$2022-03-22 17:19:33, 7342710, 6798816, 5.4836802, 17.8634, 1.46944, 27.04547, 150.3, 7.36
$2022-03-22 17:19:35, 7342410, 6797892, 5.4932423, 17.9877, 1.45266, 27.04547, 150.7, 7.36
$2022-03-22 17:19:37, 7342068, 6796984, 5.5020213, 16.5458, 1.38857, 27.07217, 150.7, 7.36
$2022-03-22 17:19:39, 7341747, 6796094, 5.5108104, 16.5501, 1.38857, 27.07217, 150.7, 7.36
$2022-03-22 17:19:41, 7341410, 6795227, 5.5190244, 15.4892, 1.42367, 27.07217, 150.3, 7.36
$2022-03-22 17:19:43, 7341109, 6794372, 5.5276246, 16.2464, 1.50301, 27.10155, 150.3, 7.36
$2022-03-22 17:19:45, 7340780, 6793514, 5.5358272, 15.4503, 1.43893, 27.05882, 150.7, 7.36
$2022-03-22 17:19:47, 7340459, 6792730, 5.5430474, 13.5907, 1.42367, 27.10155, 150.3, 7.36
$2022-03-22 17:19:49, 7340104, 6791892, 5.5506091, 14.2847, 1.37331, 27.08820, 150.7, 7.36
$2022-03-22 17:19:51, 7339815, 6791075, 5.5587873, 15.4059, 1.40688, 27.10155, 150.7, 7.36
$2022-03-22 17:19:53, 7339493, 6790288, 5.5660615, 13.6246, 1.42367, 27.11490, 150.3, 7.36
$2022-03-22 17:19:55, 7339159, 6789477, 5.5735331, 14.0696, 1.44198, 27.11490, 150.7, 7.36
$2022-03-22 17:19:57, 7338823, 6788699, 5.5804753, 13.0398, 1.42367, 27.11490, 150.7, 7.36
$2022-03-22 17:19:59, 7338494, 6787907, 5.5877256, 13.5892, 1.45571, 27.11490, 150.3, 7.36
$2022-03-22 17:20:01, 7338189, 6787097, 5.5955701, 14.7807, 1.48775, 27.11490, 150.7, 7.36
$2022-03-22 17:20:03, 7337868, 6786355, 5.6021810, 12.3951, 1.44198, 27.12825, 150.7, 7.36
$2022-03-22 17:20:05, 7337525, 6785597, 5.6087580, 12.4048, 1.40688, 27.14427, 150.7, 7.36
$2022-03-22 17:20:07, 7337209, 6784837, 5.6157198, 13.1134, 1.45571, 27.15762, 150.7, 7.36
$2022-03-22 17:20:09, 7336888, 6784039, 5.6231875, 14.1145, 1.42519, 27.15762, 150.3, 7.36
$2022-03-22 17:20:11, 7336583, 6783289, 5.6301155, 13.0078, 1.40688, 27.14427, 150.3, 7.36
$2022-03-22 17:20:13, 7336248, 6782469, 5.6377258, 14.3578, 1.40688, 27.14427, 150.7, 7.36
$2022-03-22 17:20:15, 7335953, 6781732, 5.6446195, 13.0118, 1.44198, 27.14427, 150.3, 7.36
$2022-03-22 17:20:17, 7335608, 6780904, 5.6521840, 14.2120, 1.45571, 27.17098, 150.3, 7.36
$2022-03-22 17:20:19, 7335300, 6780124, 5.6595507, 13.8440, 1.42519, 27.15762, 150.3, 7.36
$2022-03-22 17:20:21, 7334982, 6779359, 5.6665864, 13.2863, 1.40993, 27.17098, 150.3, 7.36
$2022-03-22 17:20:23, 7334663, 6778557, 5.6741166, 14.1508, 1.44198, 27.17098, 150.3, 7.36
$2022-03-22 17:20:27, 7333944, 6776856, 5.6894727, 12.7714, 1.40993, 27.17098, 150.3, 7.36
$2022-03-22 17:20:29, 7333617, 6776017, 5.6974750, 15.0179, 1.39315, 27.17098, 150.3, 7.36
$2022-03-22 17:20:31, 7333316, 6775239, 5.7049036, 14.0553, 1.44350, 27.18433, 150.3, 7.36
$2022-03-22 17:20:33, 7333007, 6774466, 5.7121563, 13.7006, 1.39315, 27.17098, 150.3, 7.36
$2022-03-22 17:20:35, 7332738, 6773691, 5.7199912, 14.6922, 1.40993, 27.18433, 150.3, 7.36
$2022-03-22 17:20:37, 7332437, 6772924, 5.7272744, 13.7618, 1.39315, 27.20302, 150.3, 7.36
$2022-03-22 17:20:39, 7332113, 6772159, 5.7342181, 13.0938, 1.44350, 27.18433, 150.3, 7.36
$2022-03-22 17:20:41, 7331800, 6771357, 5.7418752, 14.4627, 1.45724, 27.24307, 150.3, 7.36
$2022-03-22 17:20:43, 7331500, 6770576, 5.7493892, 14.1883, 1.40993, 27.21637, 150.7, 7.36
$2022-03-22 17:20:45, 7331174, 6769750, 5.7571874, 14.7872, 1.39315, 27.21637, 150.3, 7.36
$2022-03-22 17:20:47, 7330873, 6768949, 5.7649760, 14.7399, 1.37789, 27.21637, 150.3, 7.36
$2022-03-22 17:20:49, 7330572, 6768155, 5.7726855, 14.5103, 1.41146, 27.22972, 150.3, 7.36
$2022-03-22 17:20:51, 7330281, 6767346, 5.7807136, 15.2261, 1.36416, 27.21637, 150.3, 7.36
$2022-03-22 17:20:53, 7329977, 6766561, 5.7882352, 14.2262, 1.39315, 27.24307, 150.3, 7.36
$2022-03-22 17:20:55, 7329679, 6765790, 5.7956357, 13.9900, 1.41146, 27.22972, 150.3, 7.36
$2022-03-22 17:20:57, 7329362, 6764957, 5.8036733, 15.2045, 1.47555, 27.24307, 150.7, 7.36
$2022-03-22 17:20:59, 7329072, 6764139, 5.8118749, 15.4856, 1.39620, 27.25909, 150.7, 7.36
$2022-03-22 17:21:01, 7328773, 6763343, 5.8196244, 14.6599, 1.41146, 27.24307, 150.3, 7.36
$2022-03-22 17:21:03, 7328455, 6762517, 5.8275609, 14.9964, 1.42824, 27.25909, 150.3, 7.36
$2022-03-22 17:21:05, 7328190, 6761788, 5.8347936, 13.6685, 1.39620, 27.25909, 150.7, 7.36
$2022-03-22 17:21:07, 7327879, 6760969, 5.8427405, 15.0689, 1.42824, 27.27245, 150.0, 7.36
$2022-03-22 17:21:09, 7327577, 6760193, 5.8501143, 13.9198, 1.39315, 27.24307, 150.7, 7.36
$2022-03-22 17:21:11, 7327288, 6759428, 5.8575540, 14.0465, 1.42824, 27.24307, 150.7, 7.36
$2022-03-22 17:21:13, 7326997, 6758632, 5.8654218, 14.9004, 1.41146, 27.30183, 150.3, 7.36
$2022-03-22 17:21:15, 7326710, 6757885, 5.8726182, 13.6188, 1.41146, 27.28580, 150.3, 7.36
$2022-03-22 17:21:17, 7326409, 6757115, 5.8799682, 13.8491, 1.44656, 27.28580, 150.3, 7.36
$2022-03-22 17:21:19, 7326115, 6756315, 5.8878665, 14.8361, 1.42977, 27.31518, 150.3, 7.36
$2022-03-22 17:21:21, 7325805, 6755564, 5.8948092, 13.1412, 1.41146, 27.30183, 150.3, 7.36
$2022-03-22 17:21:23, 7325507, 6754833, 5.9016414, 12.9058, 1.42977, 27.30183, 150.7, 7.36
$2022-03-22 17:21:25, 7325194, 6754029, 5.9093194, 14.5363, 1.41146, 27.30183, 150.3, 7.36
$2022-03-22 17:22:04, 7320405, 6746692, 5.8973794, 35.0162, 2.52384, 27.30183, 163.4, 7.34
$2022-03-22 17:22:06, 7318941, 6743960, 5.9314914, 64.8906, 2.34989, 27.30183, 149.3, 7.34
$2022-03-22 17:22:08, 7314305, 6739007, 5.9499373, 34.7145, 2.57420, 27.31518, 150.0, 7.34
$2022-03-22 17:22:10, 7313431, 6738737, 5.9475656, -4.2994, 8.07965, 27.30183, 150.7, 7.34
$2022-03-22 17:22:12, 7313349, 6738810, 5.9493880, 1.3011, 12.95491, 27.30183, 150.0, 7.34
$2022-03-22 17:22:17, 7313414, 6739180, 5.9477525, -3.1005, 17.37392, 27.27245, 150.3, 7.34
$2022-03-22 17:22:19, 7313648, 6739477, 5.9489055, 2.1832, 17.78592, 27.28580, 150.3, 7.34
$2022-03-22 17:22:21, 7313813, 6739694, 5.9497943, 1.6829, 18.06973, 27.27245, 150.3, 7.34
$2022-03-22 17:22:23, 7314065, 6740013, 5.9500461, 0.4780, 18.32456, 27.27245, 150.0, 7.34
$2022-03-22 17:22:25, 7314190, 6740204, 5.9502110, 0.3130, 18.37491, 27.30183, 150.0, 7.34
$2022-03-22 17:22:27, 7314207, 6740289, 5.9502778, 0.1265, 18.43595, 27.28580, 150.3, 7.34
$2022-03-22 17:22:29, 7314276, 6740391, 5.9506726, 0.7476, 18.50004, 27.30183, 150.3, 7.34
$2022-03-22 17:22:31, 7315423, 6741981, 5.9435916, -13.4323, 18.57786, 27.30183, 150.0, 7.34
$2022-03-22 17:22:33, 7316577, 6742992, 5.9450841, 2.8254, 17.51583, 27.28580, 150.3, 7.34
$2022-03-22 17:22:35, 7317539, 6743810, 5.9467311, 3.1173, 15.18883, 27.30183, 150.3, 7.34
$2022-03-22 17:22:37, 7317774, 6743983, 5.9479613, 2.3251, 12.81300, 27.31518, 150.7, 7.34
$2022-03-22 17:22:39, 7317758, 6744040, 5.9474120, -1.0428, 11.48241, 27.30183, 150.3, 7.34
$2022-03-22 17:22:41, 7317960, 6744198, 5.9482903, 1.6543, 10.82170, 27.31518, 150.7, 7.34
$2022-03-22 17:22:43, 7317925, 6744240, 5.9476314, -1.2489, 10.35477, 27.31518, 150.3, 7.34
$2022-03-22 17:22:45, 7318024, 6744375, 5.9473567, -0.5198, 10.17624, 27.31518, 150.3, 7.33
$2022-03-22 17:22:47, 7318122, 6744529, 5.9467635, -1.1139, 10.17624, 27.31518, 150.3, 7.34
$2022-03-22 17:22:49, 7318231, 6744649, 5.9467750, 0.0216, 9.99771, 27.28580, 150.3, 7.33
$2022-03-22 17:22:51, 7318266, 6744761, 5.9458861, -1.6837, 10.01297, 27.28580, 150.3, 7.34
$2022-03-22 17:22:53, 7318341, 6744900, 5.9451060, -1.4663, 10.03128, 27.30183, 150.3, 7.33
$2022-03-22 17:22:55, 7318505, 6745087, 5.9448323, -0.5162, 9.99771, 27.31518, 150.0, 7.33
$2022-03-22 17:22:57, 7318554, 6745108, 5.9454141, 1.1077, 9.89853, 27.28580, 149.6, 7.33
$2022-03-22 17:22:59, 7318593, 6745144, 5.9456115, 0.3719, 9.81918, 27.25909, 150.0, 7.33
$2022-03-22 17:23:01, 7318631, 6745171, 5.9459186, 0.5798, 9.80545, 27.25909, 150.0, 7.33
$2022-03-22 17:23:03, 7318639, 6745144, 5.9522090, 11.9443, 9.70626, 27.24307, 150.0, 7.33
$2022-03-22 17:23:05, 7318694, 6745197, 5.9521441, -0.1222, 9.70626, 27.24307, 150.0, 7.33
$2022-03-22 17:23:07, 7318693, 6745194, 5.9521546, 0.0199, 9.61013, 27.27245, 150.0, 7.33
$2022-03-22 17:23:09, 7318707, 6745223, 5.9519124, -0.4595, 9.64218, 27.27245, 150.0, 7.33
$2022-03-22 17:23:11, 7318695, 6745241, 5.9514413, -0.8882, 9.64218, 27.22972, 150.0, 7.33
$2022-03-22 17:23:13, 7318720, 6745244, 5.9517264, 0.5412, 9.62692, 27.24307, 150.0, 7.33
$2022-03-22 17:23:15, 7318774, 6745298, 5.9516063, -0.2285, 9.59182, 27.20302, 149.6, 7.33
$2022-03-22 17:23:17, 7318800, 6745315, 5.9516711, 0.1234, 9.54452, 27.20302, 149.6, 7.33
$2022-03-22 17:23:19, 7318825, 6745310, 5.9520450, 0.7115, 9.46212, 27.18433, 149.6, 7.33
$2022-03-22 17:23:21, 7318794, 6745246, 5.9525275, 0.9131, 9.41329, 27.18433, 149.6, 7.33
$2022-03-22 17:23:23, 7318781, 6745264, 5.9520335, -0.9316, 9.49111, 27.15762, 149.6, 7.33
$2022-03-22 17:23:28, 7318852, 6745275, 5.9527478, 0.5990, 9.60555, 27.12825, 150.0, 7.33
$2022-03-22 17:23:30, 7318938, 6745323, 5.9531426, 0.7507, 9.62234, 27.12825, 149.6, 7.33
$2022-03-22 17:23:32, 7318977, 6745347, 5.9532199, 0.1467, 9.60403, 27.10155, 150.0, 7.33
$2022-03-22 17:23:34, 7319038, 6745305, 5.9545693, 2.5601, 9.61929, 27.07217, 150.0, 7.33
$2022-03-22 17:23:36, 7319138, 6745340, 5.9553161, 1.4212, 9.63760, 27.08820, 149.6, 7.33
$2022-03-22 17:23:38, 7319212, 6745273, 5.9572158, 3.6311, 9.68338, 27.04547, 149.3, 7.33
$2022-03-22 17:23:40, 7317849, 6743326, 5.9673247, 19.1093, 9.72915, 27.04547, 149.6, 7.33
$2022-03-22 17:23:42, 7317053, 6742894, 5.9627481, -8.6499, 11.71588, 27.07217, 149.6, 7.33
$2022-03-22 17:23:44, 7316931, 6742818, 5.9620671, -1.2941, 14.59068, 27.01610, 149.6, 7.33
$2022-03-22 17:23:46, 7316982, 6742814, 5.9626489, 1.0827, 16.37903, 27.00275, 149.6, 7.33
$2022-03-22 17:23:48, 7317149, 6742934, 5.9630227, 0.7099, 17.48684, 27.00275, 149.6, 7.33
$2022-03-22 17:23:50, 7317256, 6742921, 5.9645047, 2.8131, 18.18418, 26.97337, 150.0, 7.33
$2022-03-22 17:23:52, 7317479, 6743011, 5.9660745, 2.9794, 18.53056, 26.98940, 150.0, 7.33
$2022-03-22 17:23:54, 7317511, 6742971, 5.9669633, 1.6853, 18.76860, 26.97337, 150.0, 7.33
$2022-03-22 17:23:56, 7317597, 6742962, 5.9681048, 2.1752, 18.91051, 26.94667, 149.6, 7.33
$2022-03-22 17:23:58, 7317620, 6742877, 5.9695210, 2.6948, 18.97459, 26.97337, 150.0, 7.33
$2022-03-22 17:24:00, 7317860, 6743001, 5.9708047, 2.4224, 19.27367, 26.94667, 150.3, 7.33
$2022-03-22 17:24:02, 7318099, 6743038, 5.9733844, 4.9019, 19.41558, 26.96002, 150.0, 7.33
$2022-03-22 17:24:04, 7318268, 6743101, 5.9746137, 2.3202, 19.38659, 26.96002, 150.7, 7.33
