4095, 3895, 22.09, 24.53, 103.52, 1
4095, 3892, 22.16, 24.30, 103.03, 2
4095, 3965, 22.07, 24.55, 5.13, 0
4095, 3962, 22.14, 24.50, 22.77, 0
4095, 3930, 22.16, 24.26, 101.78, 1
4095, 3922, 22.33, 23.17, 98.75, 2
4095, 3921, 22.48, 21.97, 101.10, 3
4095, 3923, 22.58, 21.19, 96.80, 4
4095, 3920, 22.67, 20.95, 103.64, 5
4095, 3922, 22.64, 20.60, 102.29, 6
4095, 3917, 22.69, 20.40, 102.45, 7
4095, 3919, 22.69, 20.46, 102.48, 8
4095, 3921, 22.78, 20.35, 98.91, 9
4095, 3914, 22.78, 20.17, 102.33, 10
4095, 3936, 21.14, 23.90, 96.13, 1
4095, 3944, 21.28, 22.05, 103.82, 2
4095, 3943, 21.41, 21.62, 101.68, 3
4095, 3942, 21.44, 21.43, 100.62, 4
4095, 3940, 21.44, 21.29, 98.08, 5
4093, 3946, 21.55, 21.05, 101.62, 6
4095, 3939, 21.56, 20.95, 101.41, 7
4095, 3940, 21.61, 20.78, 96.28, 8
4094, 3937, 21.54, 20.89, 96.01, 9
4095, 3945, 21.66, 20.53, 103.39, 10
4095, 3968, 20.46, 23.72, 95.83, 1
4095, 3964, 20.38, 22.56, 102.14, 2
4093, 3969, 20.52, 22.28, 101.38, 3
4095, 3972, 20.66, 22.16, 98.57, 4
4095, 3965, 20.69, 22.18, 97.32, 5
4095, 3965, 20.59, 22.00, 95.92, 6
4095, 3970, 20.79, 21.82, 101.20, 7
4095, 3969, 20.90, 21.84, 103.00, 8
4095, 3969, 20.80, 21.60, 104.89, 9
4095, 3963, 20.91, 21.58, 95.61, 10
4095, 3984, 19.74, 23.67, 98.02, 1
4095, 3985, 19.80, 22.62, 104.64, 2
4095, 3988, 19.94, 22.28, 101.68, 3
4095, 3983, 20.08, 22.06, 95.92, 4
4095, 3989, 20.10, 21.94, 99.46, 5
4095, 3984, 20.05, 21.76, 99.24, 6
4095, 3983, 20.18, 21.70, 95.37, 7
4095, 3984, 20.14, 21.64, 100.89, 8
4095, 3984, 20.10, 21.59, 100.52, 9
4095, 3985, 20.24, 21.48, 102.94, 10
4095, 4009, 19.10, 23.77, 97.87, 1
4095, 4010, 19.25, 22.88, 104.55, 2
4095, 4000, 19.32, 22.58, 104.89, 3
4095, 4002, 19.39, 22.41, 101.04, 4
4095, 4007, 19.33, 22.38, 100.68, 5
4095, 4007, 19.48, 22.31, 97.63, 6
4095, 4002, 19.52, 22.19, 100.68, 7
4095, 4002, 19.49, 22.10, 101.32, 8
4095, 4008, 19.59, 22.12, 104.19, 9
4095, 4000, 19.62, 21.90, 103.88, 10
4094, 4020, 18.43, 23.76, 97.17, 1
4095, 4017, 18.57, 24.81, 104.43, 2
4095, 4024, 18.60, 25.16, 104.98, 3
4095, 4016, 18.73, 25.17, 95.37, 4
4095, 4025, 18.74, 25.19, 100.19, 5
4095, 4023, 18.81, 25.31, 100.68, 6
4095, 4026, 18.90, 25.27, 99.95, 7
4095, 4025, 18.90, 25.46, 102.39, 8
4094, 4018, 18.93, 25.46, 103.24, 9
4095, 4022, 18.98, 25.50, 99.85, 10
4095, 4047, 17.84, 24.46, 98.02, 1
4095, 4036, 17.94, 26.06, 104.16, 2
4095, 4036, 17.97, 26.56, 100.74, 3
4095, 4040, 18.09, 26.69, 100.68, 4
4095, 4037, 18.15, 26.91, 95.46, 5
4095, 4041, 18.18, 27.02, 100.89, 6
4095, 4042, 18.29, 27.20, 103.24, 7
4095, 4040, 18.29, 27.11, 97.26, 8
4095, 4037, 18.26, 27.27, 100.10, 9
4095, 4039, 18.35, 27.35, 101.87, 10
4095, 4057, 17.36, 25.02, 95.12, 1
4095, 4054, 17.34, 27.00, 104.43, 2
4095, 4061, 17.36, 27.70, 104.43, 3
4095, 4057, 17.47, 27.73, 100.37, 4
4095, 4056, 17.64, 27.85, 101.96, 5
4095, 4051, 17.64, 28.04, 100.40, 6
4095, 4054, 17.66, 28.15, 99.73, 7
4095, 4052, 17.69, 28.20, 100.74, 8
4095, 4059, 17.71, 28.37, 97.32, 9
4095, 4050, 17.76, 28.53, 96.13, 10
4095, 4073, 16.68, 25.65, 95.12, 1
4095, 4074, 16.84, 27.73, 102.81, 2
4095, 4075, 16.89, 28.53, 104.68, 3
4095, 4077, 16.95, 28.69, 100.19, 4
4095, 4073, 16.99, 28.97, 101.07, 5
4095, 4073, 17.11, 29.11, 103.39, 6
4095, 4072, 17.08, 29.32, 100.46, 7
4095, 4069, 17.16, 29.53, 100.65, 8
4095, 4063, 17.11, 29.67, 96.50, 9
4095, 4067, 17.22, 29.69, 100.46, 10
4095, 4085, 16.31, 26.27, 95.92, 1
4095, 4085, 16.44, 27.97, 102.78, 2
4095, 4085, 16.47, 28.42, 104.43, 3
4093, 4083, 16.51, 28.76, 97.84, 4
4094, 4083, 16.57, 28.98, 100.83, 5
4094, 4081, 16.65, 29.15, 98.27, 6
4095, 4087, 16.67, 29.27, 101.38, 7
4095, 4083, 16.67, 29.29, 103.70, 8
4095, 4085, 16.77, 29.38, 100.10, 9
4095, 4077, 16.74, 29.57, 101.87, 10
4095, 4094, 15.93, 26.54, 95.12, 1
4095, 4094, 16.00, 27.12, 102.81, 2
4095, 4091, 16.09, 27.29, 98.69, 3
4095, 4088, 16.30, 27.30, 101.68, 4
4095, 4095, 16.31, 27.48, 99.95, 5
4095, 4088, 16.30, 27.43, 103.39, 6
4095, 4095, 16.31, 27.41, 104.22, 7
4095, 4095, 16.40, 27.43, 100.37, 8
4095, 4095, 16.46, 27.46, 99.73, 9
4095, 4084, 16.47, 27.30, 99.88, 10
4095, 4095, 15.64, 26.30, 95.31, 1
4095, 4095, 15.68, 26.72, 104.37, 2
4095, 4095, 15.82, 26.72, 104.49, 3
4095, 4095, 15.88, 26.67, 102.36, 4
4095, 4095, 15.91, 26.76, 99.09, 5
4095, 4095, 15.96, 26.84, 103.64, 6
4095, 4095, 15.96, 26.69, 96.28, 7
4095, 4095, 16.05, 26.71, 101.20, 8
4095, 4095, 16.00, 26.75, 101.20, 9
4095, 4095, 16.12, 26.70, 101.41, 10
4095, 4095, 15.50, 26.25, 95.37, 1
4095, 4095, 15.43, 26.86, 103.15, 2
4095, 4095, 15.57, 26.95, 101.68, 3
4093, 4095, 15.66, 26.90, 102.39, 4
4095, 4095, 15.65, 27.06, 100.65, 5
4095, 4095, 15.71, 27.01, 103.70, 6
4094, 4095, 15.88, 27.18, 100.40, 7
4095, 4095, 15.81, 27.26, 98.91, 8
4095, 4095, 15.81, 27.22, 103.88, 9
4095, 4095, 15.92, 27.21, 103.70, 10
4095, 4095, 15.33, 26.23, 96.13, 1
4095, 4095, 15.31, 27.17, 103.15, 2
4095, 4095, 15.35, 27.46, 101.41, 3
4095, 4095, 15.60, 27.48, 101.10, 4
4095, 4095, 15.58, 27.58, 98.45, 5
4095, 4095, 15.64, 27.53, 99.91, 6
4095, 4095, 15.71, 27.65, 102.14, 7
4095, 4095, 15.72, 27.68, 104.77, 8
4095, 4095, 15.78, 27.66, 102.02, 9
4095, 4095, 15.72, 27.73, 100.95, 10
4095, 4095, 15.19, 26.45, 95.21, 1
4095, 4095, 15.14, 27.50, 103.49, 2
4095, 4095, 15.29, 28.06, 99.85, 3
4095, 4095, 15.41, 28.12, 102.36, 4
4095, 4095, 15.45, 28.30, 100.46, 5
4094, 4095, 15.48, 28.50, 99.85, 6
4095, 4095, 15.55, 28.49, 104.16, 7
4095, 4095, 15.60, 28.72, 101.10, 8
4094, 4095, 15.68, 28.83, 96.74, 9
4095, 4095, 15.62, 29.05, 98.57, 10
4094, 4095, 15.10, 26.87, 96.13, 1
4095, 4094, 15.13, 28.26, 104.03, 2
4095, 4095, 15.23, 28.80, 98.36, 3
4095, 4095, 15.30, 28.94, 96.10, 4
4095, 4095, 15.35, 29.14, 100.95, 5
4095, 4095, 15.38, 29.24, 100.62, 6
4095, 4095, 15.44, 29.30, 102.02, 7
4095, 4095, 15.41, 29.36, 101.20, 8
4095, 4095, 15.48, 29.43, 98.69, 9
4095, 4095, 15.62, 29.58, 101.20, 10
4093, 4095, 14.93, 27.02, 95.09, 1
4095, 4095, 14.93, 28.70, 103.18, 2
4095, 4095, 15.14, 29.40, 104.89, 3
4095, 4094, 15.26, 29.61, 101.07, 4
4095, 4095, 15.24, 29.85, 100.65, 5
4095, 4095, 15.27, 29.88, 103.70, 6
4095, 4095, 15.31, 30.12, 100.19, 7
4095, 4095, 15.35, 30.11, 100.95, 8
4095, 4095, 15.33, 30.24, 100.31, 9
4095, 4095, 15.41, 30.38, 100.19, 10
4095, 4095, 14.69, 27.33, 95.03, 1
4095, 4094, 14.99, 29.07, 104.03, 2
4095, 4095, 15.03, 29.91, 104.83, 3
4095, 4095, 15.03, 30.30, 101.07, 4
4095, 4095, 15.13, 30.64, 100.40, 5
4093, 4095, 15.22, 30.85, 99.82, 6
4093, 4095, 15.23, 31.00, 104.03, 7
4094, 4095, 15.27, 31.19, 100.89, 8
4095, 4093, 15.48, 31.39, 100.19, 9
4095, 4095, 15.41, 31.55, 99.06, 10
4095, 4095, 14.74, 27.78, 98.33, 1
4095, 4091, 14.75, 30.26, 104.03, 2
4095, 4095, 14.90, 31.31, 104.89, 3
4095, 4095, 14.93, 31.83, 101.07, 4
4095, 4095, 14.92, 32.02, 100.49, 5
4095, 4095, 15.05, 32.38, 100.74, 6
4095, 4095, 15.10, 32.59, 102.08, 7
4095, 4095, 15.13, 32.96, 97.96, 8
4095, 4095, 15.20, 33.13, 100.74, 9
4095, 4095, 15.17, 33.21, 100.22, 10
4095, 4095, 14.49, 28.32, 98.11, 1
4095, 4095, 14.49, 31.18, 103.82, 2
4095, 4095, 14.79, 32.53, 104.89, 3
4095, 4095, 14.79, 32.85, 100.95, 4
4095, 4095, 14.96, 33.17, 100.65, 5
4094, 4095, 14.90, 33.34, 95.86, 6
4095, 4095, 15.06, 33.78, 100.37, 7
4095, 4094, 14.97, 33.84, 104.64, 8
4095, 4095, 15.03, 33.96, 100.62, 9
4095, 4095, 15.02, 34.03, 100.19, 10
4095, 4095, 14.37, 28.82, 95.79, 1
4095, 4095, 14.38, 32.24, 104.03, 2
4095, 4095, 14.45, 33.67, 104.98, 3
4095, 4095, 14.61, 34.01, 101.04, 4
4094, 4095, 14.65, 34.53, 100.83, 5
4095, 4095, 14.72, 34.80, 100.83, 6
4093, 4095, 14.78, 35.19, 96.62, 7
4095, 4095, 14.80, 35.55, 100.95, 8
4095, 4095, 14.78, 35.54, 100.19, 9
4095, 4092, 14.75, 35.72, 100.34, 10
4095, 4095, 14.30, 29.28, 97.96, 1
4095, 4095, 14.20, 32.77, 103.03, 2
4095, 4095, 14.41, 34.18, 97.20, 3
4095, 4095, 14.49, 34.70, 102.39, 4
4095, 4095, 14.51, 34.95, 104.68, 5
4095, 4095, 14.53, 35.24, 100.37, 6
4095, 4095, 14.74, 35.46, 99.98, 7
4095, 4095, 14.67, 35.82, 100.34, 8
4095, 4095, 14.68, 36.01, 100.19, 9
4095, 4095, 14.78, 36.36, 97.60, 10
4095, 4095, 14.24, 29.96, 95.61, 1
4095, 4095, 14.35, 33.35, 104.16, 2
4094, 4095, 14.42, 34.92, 101.23, 3
4095, 4095, 14.51, 35.39, 101.23, 4
4095, 4095, 14.57, 35.70, 100.74, 5
4095, 4095, 14.64, 36.10, 99.55, 6
4095, 4095, 14.72, 36.71, 99.82, 7
4095, 4095, 14.64, 37.01, 100.07, 8
4095, 4095, 14.68, 37.42, 99.95, 9
4095, 4095, 14.76, 37.63, 101.32, 10
4095, 4095, 14.27, 30.45, 95.70, 1
4094, 4095, 14.35, 34.59, 104.22, 2
4095, 4095, 14.42, 36.41, 104.98, 3
4095, 4095, 14.57, 37.07, 101.07, 4
4095, 4095, 14.62, 37.46, 101.68, 5
4095, 4095, 14.62, 37.74, 98.36, 6
4095, 4095, 14.64, 38.12, 100.83, 7
4095, 4095, 14.67, 38.52, 99.82, 8
4095, 4095, 14.76, 38.58, 100.19, 9
4095, 4095, 14.82, 38.69, 104.22, 10
4095, 4095, 14.44, 31.25, 95.79, 1
4095, 4095, 14.48, 34.88, 104.16, 2
4095, 4095, 14.65, 36.65, 104.83, 3
4095, 4095, 14.69, 37.15, 101.10, 4
4095, 4095, 14.76, 37.71, 100.74, 5
4095, 4094, 14.64, 38.05, 99.46, 6
4095, 4095, 14.82, 38.42, 101.23, 7
4094, 4095, 14.75, 38.61, 104.22, 8
4095, 4095, 14.86, 38.98, 100.34, 9
4095, 4095, 14.89, 39.15, 100.40, 10
4095, 4095, 14.44, 31.57, 95.70, 1
4095, 4095, 14.47, 35.29, 104.16, 2
4095, 4095, 14.65, 37.02, 96.80, 3
4095, 4095, 14.69, 37.80, 99.73, 4
4095, 4095, 14.72, 38.19, 98.75, 5
4095, 4095, 14.79, 38.65, 104.68, 6
4095, 4095, 14.85, 38.93, 102.29, 7
4095, 4095, 14.83, 39.22, 99.06, 8
4095, 4095, 14.96, 39.47, 99.85, 9
4095, 4095, 14.90, 39.60, 96.95, 10
4095, 4095, 14.41, 32.05, 95.67, 1
4095, 4095, 14.42, 35.49, 103.15, 2
4095, 4095, 14.62, 37.15, 101.23, 3
4095, 4095, 14.74, 37.68, 100.37, 4
4095, 4095, 14.79, 38.11, 103.67, 5
4095, 4095, 14.79, 38.59, 98.66, 6
4095, 4095, 14.83, 39.04, 95.28, 7
4095, 4095, 14.86, 39.33, 101.62, 8
4092, 4095, 14.89, 39.54, 100.37, 9
4095, 4095, 14.97, 39.69, 100.37, 10
4095, 4095, 14.57, 32.46, 95.86, 1
4095, 4095, 14.58, 35.64, 103.33, 2
4095, 4095, 14.79, 37.35, 104.03, 3
4095, 4095, 14.92, 37.92, 97.96, 4
4095, 4095, 14.95, 38.36, 101.38, 5
4095, 4095, 14.97, 38.82, 100.80, 6
4095, 4095, 15.05, 39.15, 100.37, 7
4095, 4095, 15.03, 39.33, 104.19, 8
4095, 4095, 15.06, 39.50, 100.19, 9
4094, 4095, 15.14, 39.68, 96.41, 10
4095, 4095, 14.89, 32.66, 95.86, 1
4095, 4095, 14.92, 35.79, 103.03, 2
4095, 4095, 15.03, 37.31, 104.68, 3
4093, 4095, 15.19, 37.84, 100.49, 4
4095, 4095, 15.22, 38.12, 99.55, 5
4095, 4094, 15.29, 38.32, 100.89, 6
4094, 4095, 15.33, 38.61, 100.19, 7
4095, 4095, 15.37, 38.88, 100.10, 8
4095, 4095, 15.44, 39.08, 100.37, 9
4095, 4095, 15.41, 39.15, 102.45, 10
4095, 4095, 15.43, 32.74, 95.67, 1
4095, 4095, 15.55, 35.53, 103.88, 2
4095, 4095, 15.66, 36.86, 104.68, 3
4095, 4095, 15.75, 37.25, 100.95, 4
4095, 4095, 15.92, 37.68, 100.40, 5
4095, 4095, 15.78, 37.83, 99.85, 6
4095, 4095, 15.86, 38.06, 96.74, 7
4095, 4095, 15.89, 38.27, 100.65, 8
4095, 4095, 16.00, 38.49, 99.88, 9
4095, 4095, 15.99, 38.56, 100.19, 10
4095, 4095, 15.73, 32.75, 95.00, 1
4095, 4095, 15.88, 35.50, 103.18, 2
4095, 4095, 15.98, 36.60, 101.41, 3
4095, 4095, 16.02, 36.95, 101.20, 4
4095, 4095, 16.15, 37.32, 100.74, 5
4094, 4095, 16.19, 37.65, 99.73, 6
4095, 4095, 16.24, 37.95, 100.01, 7
4095, 4095, 16.21, 38.13, 100.01, 8
4095, 4095, 16.33, 38.18, 100.01, 9
4095, 4095, 16.37, 38.46, 100.19, 10
4095, 4094, 15.99, 32.67, 95.03, 1
4095, 4094, 16.19, 35.26, 103.94, 2
4095, 4093, 16.26, 36.23, 104.89, 3
4095, 4095, 16.43, 36.59, 100.83, 4
4095, 4094, 16.30, 36.84, 97.96, 5
4095, 4095, 16.48, 37.00, 103.52, 6
4095, 4095, 16.51, 37.07, 100.49, 7
4095, 4094, 16.48, 37.33, 100.68, 8
4095, 4089, 16.56, 37.41, 103.82, 9
4095, 4084, 16.56, 37.63, 100.83, 10
4095, 4092, 16.19, 32.75, 95.67, 1
4095, 4090, 16.27, 35.24, 104.03, 2
4095, 4091, 16.33, 36.34, 104.89, 3
4095, 4092, 16.37, 36.73, 100.46, 4
4095, 4092, 16.46, 36.92, 100.34, 5
4095, 4095, 16.58, 37.12, 100.49, 6
4095, 4091, 16.64, 37.34, 100.68, 7
4095, 4089, 16.63, 37.44, 99.85, 8
4095, 4087, 16.58, 37.62, 99.88, 9
4095, 4092, 16.71, 37.72, 100.83, 10
4095, 4093, 16.23, 32.57, 95.03, 1
4095, 4089, 16.29, 35.41, 103.82, 2
4094, 4094, 16.44, 36.61, 104.77, 3
4095, 4088, 16.54, 36.88, 102.54, 4
4095, 4093, 16.56, 37.18, 95.37, 5
4095, 4087, 16.65, 37.57, 101.10, 6
4095, 4084, 16.65, 37.61, 100.49, 7
4095, 4085, 16.68, 37.81, 101.10, 8
4095, 4085, 16.70, 37.88, 100.01, 9
4095, 4090, 16.68, 37.99, 100.01, 10
4095, 4090, 16.21, 32.89, 95.09, 1
4095, 4091, 16.27, 35.35, 103.94, 2
4095, 4089, 16.43, 36.44, 104.68, 3
4095, 4092, 16.46, 36.70, 100.49, 4
4095, 4080, 16.51, 36.94, 100.65, 5
4095, 4083, 16.63, 37.24, 99.88, 6
4095, 4085, 16.65, 37.45, 100.01, 7
4095, 4087, 16.64, 37.71, 100.01, 8
4095, 4086, 16.77, 37.80, 100.07, 9
4095, 4079, 16.77, 38.01, 100.01, 10
4095, 4095, 15.84, 32.99, 95.21, 1
4095, 4095, 15.93, 37.59, 103.52, 2
4095, 4095, 16.00, 39.99, 101.23, 3
4095, 4095, 16.09, 40.75, 101.41, 4
4095, 4095, 16.09, 41.44, 104.83, 5
4095, 4095, 16.13, 41.92, 100.89, 6
4095, 4095, 16.26, 42.44, 100.37, 7
4095, 4095, 16.24, 42.82, 102.14, 8
4095, 4095, 16.23, 43.27, 101.07, 9
4095, 4095, 16.27, 43.70, 100.01, 10
4095, 4095, 15.75, 33.95, 96.10, 1
4095, 4095, 15.77, 39.16, 104.37, 2
4095, 4095, 16.02, 41.62, 101.68, 3
4095, 4095, 16.13, 42.35, 100.52, 4
4094, 4095, 16.09, 42.98, 101.20, 5
4095, 4095, 16.09, 43.57, 100.37, 6
4095, 4095, 16.23, 44.12, 98.48, 7
4095, 4095, 16.16, 44.49, 101.41, 8
4095, 4095, 16.37, 44.81, 100.52, 9
4095, 4095, 16.36, 45.21, 100.62, 10
4095, 4095, 15.92, 34.83, 95.03, 1
4095, 4095, 15.99, 41.42, 104.03, 2
4095, 4095, 16.19, 44.57, 101.41, 3
4095, 4092, 16.23, 45.65, 101.07, 4
4095, 4095, 16.24, 46.57, 101.81, 5
4095, 4095, 16.27, 47.49, 99.82, 6
4095, 4093, 16.37, 48.31, 101.68, 7
4095, 4095, 16.36, 48.87, 103.82, 8
4095, 4095, 16.47, 49.17, 100.74, 9
4095, 4095, 16.44, 49.50, 99.24, 10
4095, 4095, 15.68, 36.07, 95.92, 1
4095, 4095, 15.71, 42.31, 103.52, 2
4095, 4095, 15.81, 45.37, 101.10, 3
4095, 4095, 15.82, 46.41, 100.31, 4
4093, 4095, 15.93, 47.26, 95.83, 5
4095, 4095, 15.95, 48.25, 100.52, 6
4095, 4095, 15.99, 49.05, 100.01, 7
4095, 4095, 16.10, 49.74, 100.31, 8
4095, 4095, 16.15, 50.06, 104.37, 9
4095, 4095, 16.17, 50.38, 100.10, 10
4095, 4095, 16.10, 37.11, 96.01, 1
4095, 4095, 16.24, 42.63, 103.61, 2
4095, 4092, 16.19, 45.14, 104.89, 3
4093, 4095, 16.33, 46.09, 96.10, 4
4095, 4095, 16.47, 46.81, 101.07, 5
4095, 4092, 16.57, 47.61, 99.55, 6
4095, 4092, 16.54, 48.12, 100.95, 7
4095, 4089, 16.57, 48.48, 99.85, 8
4095, 4095, 16.64, 48.99, 100.07, 9
4095, 4090, 16.71, 49.41, 100.19, 10
4095, 4079, 16.78, 37.54, 104.55, 1
4095, 4077, 17.04, 42.70, 102.48, 2
4095, 4075, 17.13, 45.06, 101.47, 3
4095, 4075, 17.23, 45.62, 100.95, 4
4095, 4077, 17.23, 46.20, 100.74, 5
4095, 4077, 17.29, 46.64, 99.98, 6
4095, 4067, 17.23, 47.01, 99.91, 7
4095, 4075, 17.40, 47.25, 100.19, 8
4095, 4073, 17.42, 47.39, 100.22, 9
4095, 4069, 17.47, 47.70, 100.49, 10
