817, 982, 31.67, 8.83, 114.35, 1
815, 976, 31.76, 8.10, 108.12, 2
813, 973, 31.73, 7.73, 109.10, 3
808, 969, 31.79, 7.86, 109.31, 4
865, 1036, 26.40, 11.66, 110.08, 1
861, 1035, 26.39, 10.65, 112.06, 2
871, 1034, 26.56, 9.73, 114.35, 3
863, 1038, 26.67, 9.91, 110.81, 4
898, 1077, 23.36, 11.46, 110.99, 1
898, 1075, 23.46, 12.35, 111.45, 2
901, 1079, 23.56, 12.39, 114.11, 3
898, 1072, 23.60, 12.54, 114.11, 4
917, 1102, 21.38, 11.65, 112.52, 1
921, 1105, 21.48, 15.41, 110.81, 2
919, 1103, 21.46, 15.48, 112.52, 3
930, 1103, 21.55, 15.66, 112.52, 4
938, 1122, 19.92, 12.09, 114.20, 1
939, 1119, 19.95, 16.73, 110.20, 2
935, 1121, 20.13, 16.46, 111.88, 3
939, 1124, 20.27, 16.35, 111.54, 4
948, 1132, 19.06, 12.54, 114.62, 1
948, 1138, 19.17, 16.81, 109.89, 2
946, 1139, 19.24, 16.88, 111.24, 3
947, 1137, 19.37, 16.64, 110.84, 4
964, 1147, 18.36, 12.92, 112.67, 1
955, 1148, 18.38, 17.05, 110.08, 2
962, 1149, 18.52, 18.08, 111.39, 3
961, 1153, 18.62, 18.09, 110.53, 4
967, 1159, 17.76, 13.21, 113.71, 1
960, 1158, 17.82, 19.09, 114.75, 2
964, 1157, 17.85, 18.79, 111.08, 3
969, 1156, 18.05, 18.44, 109.65, 4
967, 1166, 17.31, 13.69, 114.90, 1
970, 1162, 17.27, 18.62, 110.35, 2
969, 1167, 17.48, 19.17, 112.03, 3
971, 1166, 17.50, 19.11, 110.75, 4
982, 1174, 16.79, 13.95, 114.75, 1
978, 1166, 16.93, 20.23, 114.56, 2
979, 1172, 17.02, 20.75, 112.03, 3
977, 1165, 17.13, 21.32, 110.57, 4
989, 1176, 16.41, 14.51, 114.53, 1
984, 1180, 16.47, 22.08, 114.44, 2
981, 1173, 16.61, 22.97, 110.57, 3
984, 1173, 16.66, 22.57, 110.66, 4
987, 1179, 16.00, 14.99, 114.38, 1
987, 1180, 16.15, 22.76, 114.53, 2
984, 1179, 16.25, 23.78, 112.00, 3
985, 1183, 16.32, 23.97, 110.57, 4
988, 1190, 15.82, 15.41, 114.20, 1
989, 1186, 15.90, 23.47, 114.20, 2
993, 1180, 16.00, 24.92, 112.00, 3
988, 1186, 16.11, 24.50, 110.57, 4
999, 1188, 15.47, 15.84, 114.20, 1
996, 1191, 15.66, 24.32, 108.83, 2
996, 1190, 15.77, 24.80, 111.76, 3
994, 1190, 15.94, 25.09, 110.53, 4
998, 1195, 15.43, 16.35, 114.93, 1
998, 1190, 15.52, 25.32, 114.65, 2
993, 1192, 15.64, 25.99, 111.66, 3
997, 1193, 15.67, 26.15, 110.35, 4
993, 1186, 15.42, 16.74, 114.93, 1
998, 1193, 15.47, 26.01, 114.65, 2
997, 1194, 15.54, 26.46, 112.00, 3
994, 1191, 15.67, 26.68, 110.35, 4
998, 1194, 15.42, 17.24, 114.38, 1
997, 1193, 15.46, 26.42, 114.62, 2
997, 1191, 15.62, 27.09, 112.00, 3
999, 1193, 15.76, 27.15, 110.35, 4
996, 1198, 15.43, 17.59, 114.65, 1
993, 1197, 15.49, 26.51, 109.19, 2
992, 1195, 15.54, 27.11, 111.76, 3
997, 1190, 15.73, 27.16, 110.57, 4
995, 1201, 15.39, 17.89, 114.53, 1
996, 1197, 15.43, 26.27, 108.89, 2
990, 1193, 15.60, 27.05, 112.06, 3
996, 1192, 15.76, 26.93, 110.57, 4
991, 1191, 15.53, 18.04, 114.20, 1
997, 1188, 15.60, 25.20, 109.04, 2
994, 1194, 15.79, 25.90, 112.18, 3
995, 1193, 15.79, 26.24, 110.75, 4
992, 1192, 15.53, 18.37, 114.20, 1
994, 1195, 15.63, 25.34, 109.04, 2
996, 1192, 15.69, 26.29, 112.37, 3
994, 1189, 15.79, 26.38, 110.75, 4
1003, 1189, 15.49, 18.27, 114.44, 1
998, 1190, 15.50, 25.68, 109.04, 2
1000, 1187, 15.63, 25.88, 112.30, 3
992, 1192, 15.84, 26.28, 110.66, 4
990, 1194, 15.45, 18.51, 114.44, 1
997, 1194, 15.56, 25.96, 109.04, 2
997, 1191, 15.73, 26.25, 112.30, 3
993, 1193, 15.77, 26.65, 110.66, 4
1000, 1192, 15.60, 18.75, 114.07, 1
998, 1190, 15.59, 25.88, 109.04, 2
994, 1190, 15.79, 27.33, 112.52, 3
997, 1189, 15.76, 26.66, 110.84, 4
996, 1188, 15.63, 18.72, 114.20, 1
993, 1192, 15.80, 25.57, 109.19, 2
994, 1189, 15.79, 26.14, 112.76, 3
995, 1183, 15.92, 26.82, 109.86, 4
990, 1193, 15.77, 18.88, 113.95, 1
991, 1192, 15.77, 25.49, 109.04, 2
989, 1191, 15.96, 26.18, 112.67, 3
993, 1188, 16.03, 26.25, 110.99, 4
977, 1181, 16.35, 19.06, 113.43, 1
984, 1181, 16.42, 25.69, 109.10, 2
986, 1181, 16.66, 25.25, 112.98, 3
987, 1175, 16.71, 25.41, 110.08, 4
977, 1168, 17.01, 19.11, 112.98, 1
974, 1173, 17.13, 24.41, 109.34, 2
972, 1174, 17.23, 24.80, 113.28, 3
979, 1171, 17.36, 25.05, 110.57, 4
964, 1154, 18.19, 19.04, 112.67, 1
958, 1153, 18.19, 23.41, 109.10, 2
962, 1153, 18.48, 23.73, 112.67, 3
969, 1153, 18.50, 23.88, 110.99, 4
953, 1142, 19.08, 19.16, 111.76, 1
953, 1143, 19.10, 23.01, 109.53, 2
950, 1146, 19.20, 22.94, 114.20, 3
950, 1135, 19.32, 22.41, 110.57, 4
944, 1129, 19.64, 18.91, 111.24, 1
943, 1133, 19.72, 22.22, 109.31, 2
944, 1127, 19.83, 22.34, 114.11, 3
942, 1130, 20.05, 22.28, 110.35, 4
945, 1127, 19.76, 18.76, 111.45, 1
946, 1128, 19.96, 21.57, 109.53, 2
943, 1127, 20.02, 22.07, 114.20, 3
942, 1127, 20.23, 22.28, 110.81, 4
936, 1123, 20.37, 18.58, 111.54, 1
938, 1124, 20.48, 21.36, 109.53, 2
935, 1123, 20.57, 22.07, 113.19, 3
937, 1124, 20.84, 21.94, 110.99, 4
933, 1114, 20.50, 18.52, 111.45, 1
938, 1116, 20.53, 22.83, 109.53, 2
936, 1123, 20.67, 22.80, 114.23, 3
934, 1123, 20.71, 23.23, 110.81, 4
923, 1108, 21.79, 18.50, 110.99, 1
920, 1107, 21.79, 22.76, 109.53, 2
920, 1108, 22.01, 23.19, 113.74, 3
921, 1108, 22.11, 22.87, 110.53, 4
909, 1084, 22.95, 18.92, 110.57, 1
904, 1085, 23.13, 21.97, 109.74, 2
905, 1090, 23.26, 21.96, 114.35, 3
904, 1088, 23.39, 21.99, 110.66, 4
910, 1085, 23.05, 18.79, 110.14, 1
911, 1083, 23.17, 23.59, 109.53, 2
906, 1088, 23.22, 23.52, 114.35, 3
907, 1088, 23.29, 23.38, 110.96, 4
894, 1070, 24.21, 19.04, 109.53, 1
892, 1077, 24.34, 22.97, 109.68, 2
892, 1068, 24.52, 23.00, 114.62, 3
891, 1070, 24.47, 22.80, 111.39, 4
879, 1053, 25.36, 18.96, 109.10, 1
879, 1050, 25.54, 21.65, 109.31, 2
880, 1053, 25.74, 22.31, 113.65, 3
879, 1055, 25.78, 21.90, 111.30, 4
855, 1026, 27.78, 19.09, 109.19, 1
853, 1030, 27.91, 20.37, 110.23, 2
857, 1022, 28.02, 19.77, 114.56, 3
852, 1025, 28.20, 19.61, 110.63, 4
848, 1007, 28.87, 18.79, 109.04, 1
842, 1005, 28.99, 18.56, 110.23, 2
840, 1012, 29.09, 18.80, 113.95, 3
846, 1004, 29.22, 18.88, 110.99, 4
832, 997, 30.14, 18.29, 108.89, 1
833, 991, 30.20, 18.16, 110.26, 2
834, 998, 30.26, 17.27, 113.53, 3
826, 995, 30.45, 17.30, 110.32, 4
825, 990, 30.31, 18.18, 108.31, 1
825, 994, 30.41, 20.22, 110.20, 2
828, 993, 30.58, 20.73, 114.75, 3
831, 991, 30.61, 20.75, 112.37, 4
841, 1013, 28.28, 18.17, 107.76, 1
848, 1011, 28.37, 23.36, 109.53, 2
846, 1010, 28.50, 23.29, 114.23, 3
845, 1016, 28.64, 23.37, 111.60, 4
869, 1042, 25.85, 18.49, 108.95, 1
873, 1044, 25.99, 25.22, 109.53, 2
868, 1046, 25.99, 25.75, 114.38, 3
875, 1048, 26.22, 25.25, 110.75, 4
892, 1063, 24.39, 18.84, 109.99, 1
892, 1064, 24.49, 27.66, 109.41, 2
892, 1065, 24.59, 27.70, 113.74, 3
891, 1066, 24.73, 27.63, 111.85, 4
900, 1078, 23.19, 19.39, 110.08, 1
900, 1082, 23.33, 29.66, 109.34, 2
903, 1083, 23.45, 29.56, 113.95, 3
903, 1081, 23.53, 29.20, 110.14, 4
914, 1103, 22.28, 20.00, 109.89, 1
914, 1092, 22.31, 31.26, 109.62, 2
914, 1095, 22.54, 31.16, 114.62, 3
911, 1097, 22.59, 31.61, 111.30, 4
921, 1110, 21.72, 20.63, 110.53, 1
918, 1102, 21.77, 35.35, 109.53, 2
920, 1105, 21.99, 35.94, 114.90, 3
919, 1105, 21.96, 35.93, 110.93, 4
931, 1110, 21.16, 21.56, 110.32, 1
927, 1110, 21.25, 37.76, 110.08, 2
927, 1116, 21.32, 38.04, 114.65, 3
928, 1112, 21.48, 38.30, 110.99, 4
933, 1118, 20.80, 22.49, 110.26, 1
933, 1117, 20.81, 38.77, 110.14, 2
934, 1119, 20.90, 39.85, 113.19, 3
933, 1122, 20.95, 40.42, 110.99, 4
940, 1133, 19.64, 23.48, 110.63, 1
939, 1131, 19.83, 39.57, 109.10, 2
942, 1133, 19.83, 42.40, 114.65, 3
938, 1132, 20.05, 42.53, 110.81, 4
976, 1162, 17.19, 24.38, 111.54, 1
975, 1169, 17.22, 49.41, 109.34, 2
971, 1163, 17.33, 51.62, 113.98, 3
973, 1164, 17.44, 51.58, 110.35, 4
1002, 1194, 15.22, 25.99, 111.76, 1
996, 1198, 15.31, 53.25, 109.31, 2
1000, 1198, 15.45, 56.99, 113.19, 3
995, 1198, 15.47, 58.42, 110.66, 4
1016, 1217, 14.13, 28.00, 112.30, 1
1008, 1215, 14.29, 51.15, 108.95, 2
1010, 1213, 14.41, 55.47, 113.10, 3
1009, 1215, 14.39, 56.30, 110.14, 4
1026, 1228, 13.47, 29.20, 112.30, 1
1020, 1232, 13.47, 55.93, 108.80, 2
1018, 1227, 13.65, 61.36, 112.79, 3
1019, 1224, 13.69, 62.99, 110.14, 4
1027, 1233, 12.94, 31.16, 112.30, 1
1027, 1235, 13.08, 54.96, 108.80, 2
1026, 1235, 13.03, 61.52, 112.88, 3
1024, 1239, 13.18, 63.41, 110.02, 4
1038, 1245, 12.35, 32.87, 113.28, 1
1033, 1245, 12.55, 56.93, 109.04, 2
1030, 1238, 12.62, 62.82, 113.10, 3
1034, 1238, 12.64, 64.55, 110.26, 4
1038, 1244, 11.95, 34.06, 113.19, 1
1040, 1248, 12.01, 54.90, 109.04, 2
1036, 1252, 12.15, 60.64, 113.19, 3
1042, 1250, 12.33, 62.67, 110.26, 4
1053, 1255, 11.41, 35.13, 113.16, 1
1049, 1265, 11.61, 55.50, 109.53, 2
1046, 1254, 11.61, 60.88, 113.16, 3
1045, 1257, 11.70, 62.62, 110.20, 4
1054, 1264, 11.13, 35.79, 112.00, 1
1030, 1266, 11.23, 65.00, 109.41, 2
1026, 1264, 11.33, 75.46, 113.62, 3
1023, 1259, 11.41, 79.42, 109.99, 4
1052, 1266, 10.79, 42.97, 112.67, 1
1031, 1270, 11.00, 67.52, 109.62, 2
1022, 1268, 11.06, 77.47, 113.31, 3
1021, 1262, 11.14, 81.10, 110.20, 4
1050, 1266, 10.73, 47.99, 112.37, 1
1028, 1268, 10.65, 69.09, 109.34, 2
1023, 1269, 10.93, 78.42, 113.19, 3
1022, 1273, 11.04, 81.81, 110.29, 4
1055, 1274, 10.61, 51.70, 112.18, 1
1032, 1267, 10.62, 70.68, 109.10, 2
1021, 1271, 10.85, 79.31, 113.43, 3
1029, 1268, 10.92, 82.40, 110.53, 4
1063, 1279, 10.27, 54.77, 111.76, 1
1034, 1273, 10.41, 71.85, 109.10, 2
1034, 1272, 10.55, 79.92, 113.92, 3
1028, 1270, 10.59, 82.83, 110.29, 4
1064, 1284, 10.03, 57.24, 111.60, 1
1038, 1277, 10.08, 72.81, 109.04, 2
1033, 1278, 10.22, 80.44, 114.07, 3
1036, 1279, 10.34, 83.32, 110.32, 4
1073, 1292, 9.76, 59.31, 112.49, 1
1039, 1285, 9.80, 73.58, 109.10, 2
1041, 1276, 9.98, 80.83, 114.38, 3
1031, 1284, 10.12, 83.61, 110.41, 4
1073, 1290, 9.36, 60.98, 112.00, 1
1047, 1295, 9.36, 74.01, 109.19, 2
1043, 1292, 9.47, 81.06, 113.68, 3
1042, 1291, 9.63, 83.73, 110.57, 4
1080, 1293, 8.89, 62.52, 112.30, 1
1052, 1297, 9.04, 74.50, 109.53, 2
1046, 1299, 9.05, 81.25, 113.71, 3
1048, 1298, 9.26, 83.86, 110.75, 4
1084, 1301, 8.53, 63.76, 112.67, 1
1063, 1300, 8.65, 74.94, 109.19, 2
1061, 1301, 8.77, 81.46, 114.11, 3
1049, 1300, 8.78, 83.95, 110.63, 4
1095, 1315, 8.09, 64.92, 111.88, 1
1066, 1307, 8.19, 75.27, 109.10, 2
1063, 1312, 8.35, 81.63, 114.11, 3
1061, 1306, 8.57, 84.15, 110.53, 4
1100, 1318, 7.88, 65.73, 111.88, 1
1073, 1319, 7.90, 75.67, 108.89, 2
1065, 1311, 8.13, 81.71, 113.68, 3
1066, 1312, 8.25, 84.30, 110.57, 4
1101, 1324, 7.72, 66.55, 112.67, 1
1075, 1319, 7.84, 76.01, 109.10, 2
1066, 1323, 7.90, 81.93, 113.65, 3
1065, 1311, 7.90, 84.33, 110.81, 4
1102, 1324, 7.75, 67.18, 112.61, 1
1076, 1317, 7.78, 76.40, 109.10, 2
1067, 1319, 7.92, 82.06, 114.01, 3
1066, 1317, 8.00, 84.45, 110.57, 4
1094, 1308, 7.99, 67.67, 112.03, 1
1071, 1311, 8.27, 76.90, 108.80, 2
1068, 1314, 8.35, 82.47, 114.20, 3
1062, 1313, 8.36, 84.67, 110.99, 4
1087, 1304, 8.57, 68.16, 111.11, 1
1062, 1301, 8.63, 77.43, 109.10, 2
1053, 1302, 8.79, 82.79, 114.75, 3
1059, 1296, 8.98, 84.96, 110.84, 4
1075, 1292, 9.26, 68.45, 110.32, 1
1055, 1290, 9.30, 78.02, 109.41, 2
1051, 1293, 9.50, 83.32, 111.30, 3
1046, 1291, 9.59, 85.30, 109.89, 4
1069, 1281, 10.18, 68.84, 110.75, 1
1043, 1274, 10.27, 78.80, 109.65, 2
1039, 1278, 10.45, 83.76, 111.76, 3
1035, 1277, 10.58, 85.70, 110.32, 4
1038, 1247, 12.53, 68.55, 109.19, 1
1015, 1240, 12.59, 79.35, 109.53, 2
1009, 1237, 12.73, 83.82, 114.62, 3
1003, 1239, 12.86, 85.61, 111.54, 4
989, 1194, 15.84, 68.38, 107.42, 1
975, 1187, 15.93, 81.23, 110.08, 2
971, 1184, 16.04, 85.26, 114.62, 3
969, 1190, 16.21, 86.71, 110.35, 4
967, 1163, 18.02, 67.86, 107.15, 1
954, 1158, 18.15, 81.80, 110.08, 2
948, 1157, 18.22, 85.15, 112.00, 3
951, 1159, 18.39, 86.25, 111.08, 4
965, 1164, 17.54, 67.93, 106.23, 1
968, 1160, 17.66, 81.99, 109.86, 2
970, 1158, 17.76, 83.64, 112.00, 3
961, 1162, 17.80, 83.32, 111.54, 4
988, 1190, 16.14, 66.42, 107.88, 1
984, 1186, 16.27, 76.13, 109.99, 2
980, 1184, 16.32, 79.50, 114.90, 3
977, 1182, 16.48, 81.41, 110.75, 4
1004, 1202, 14.81, 65.45, 107.24, 1
1000, 1197, 14.82, 76.42, 109.65, 2
996, 1207, 14.98, 80.17, 112.00, 3
1001, 1198, 15.12, 82.13, 111.39, 4
1026, 1225, 13.51, 65.30, 108.18, 1
1017, 1222, 13.51, 76.43, 109.41, 2
1008, 1226, 13.72, 80.46, 111.76, 3
1010, 1223, 13.75, 82.35, 109.10, 4
1034, 1235, 12.83, 65.19, 108.55, 1
1029, 1238, 12.80, 76.13, 109.77, 2
1018, 1238, 12.97, 80.06, 114.93, 3
1023, 1232, 13.10, 81.95, 110.53, 4
1043, 1240, 12.63, 64.98, 108.95, 1
1029, 1241, 12.64, 75.50, 109.53, 2
1029, 1237, 12.77, 79.27, 114.93, 3
1023, 1238, 12.87, 80.99, 110.53, 4
1032, 1232, 13.15, 64.25, 108.28, 1
1031, 1233, 13.22, 74.23, 109.53, 2
1026, 1229, 13.42, 77.43, 114.93, 3
1021, 1231, 13.47, 78.94, 110.63, 4
1013, 1205, 14.72, 62.84, 107.76, 1
1010, 1211, 14.90, 71.50, 109.68, 2
1009, 1207, 15.12, 73.59, 114.35, 3
1006, 1205, 15.18, 73.97, 110.41, 4
987, 1180, 16.59, 60.73, 107.67, 1
997, 1183, 16.74, 63.52, 109.99, 2
989, 1184, 16.83, 61.40, 111.88, 3
991, 1181, 16.87, 61.13, 110.84, 4
976, 1160, 17.85, 57.16, 107.09, 1
982, 1164, 17.99, 54.75, 109.99, 2
975, 1156, 18.05, 54.70, 112.49, 3
979, 1160, 18.19, 54.56, 111.54, 4
990, 1174, 16.89, 54.09, 106.87, 1
990, 1171, 17.02, 49.65, 110.20, 2
989, 1179, 17.05, 49.50, 110.93, 3
989, 1179, 17.20, 49.15, 110.57, 4
989, 1176, 16.66, 51.36, 107.24, 1
998, 1178, 16.80, 44.18, 110.02, 2
994, 1184, 16.99, 41.92, 111.30, 3
999, 1177, 17.12, 40.42, 110.99, 4
1008, 1192, 15.76, 47.94, 108.00, 1
1007, 1197, 15.74, 38.74, 109.74, 2
1013, 1193, 15.92, 36.46, 112.18, 3
1010, 1198, 16.08, 35.57, 110.08, 4
1001, 1182, 16.50, 45.22, 108.00, 1
1002, 1183, 16.58, 31.89, 110.08, 2
1001, 1189, 16.75, 29.67, 111.30, 3
1005, 1185, 16.80, 28.73, 110.57, 4
1007, 1192, 16.13, 42.82, 108.40, 1
1004, 1190, 16.10, 30.56, 109.86, 2
1009, 1191, 16.20, 28.96, 112.18, 3
1005, 1190, 16.34, 27.84, 109.77, 4
1030, 1217, 14.48, 40.68, 109.10, 1
1029, 1211, 14.60, 31.66, 109.89, 2
1030, 1215, 14.68, 30.27, 114.56, 3
1028, 1217, 14.75, 28.91, 111.45, 4
1035, 1227, 13.54, 38.89, 109.89, 1
1045, 1227, 13.55, 27.68, 108.89, 2
1045, 1227, 13.79, 25.18, 114.11, 3
1043, 1230, 13.86, 24.41, 110.84, 4
1056, 1246, 12.53, 36.80, 110.53, 1
1059, 1243, 12.62, 28.46, 109.04, 2
1054, 1247, 12.72, 27.00, 111.45, 3
1059, 1244, 12.83, 26.48, 110.53, 4
1070, 1265, 11.85, 35.50, 111.24, 1
1072, 1259, 11.89, 29.49, 114.93, 2
1066, 1266, 12.06, 28.58, 113.65, 3
1065, 1258, 12.09, 27.87, 111.24, 4
1074, 1271, 11.26, 34.57, 111.54, 1
1070, 1273, 11.43, 30.85, 109.04, 2
1071, 1274, 11.47, 29.82, 114.65, 3
1078, 1265, 11.58, 29.38, 110.66, 4
1086, 1279, 10.83, 33.93, 111.76, 1
1080, 1275, 10.82, 30.48, 114.93, 2
1079, 1274, 11.12, 29.58, 113.16, 3
1085, 1270, 11.20, 28.79, 110.75, 4
1083, 1282, 10.52, 33.33, 112.30, 1
1089, 1280, 10.56, 30.92, 109.04, 2
1080, 1287, 10.66, 30.73, 114.11, 3
1086, 1287, 10.78, 30.37, 110.29, 4
1093, 1294, 10.17, 33.03, 112.52, 1
1091, 1288, 10.22, 32.72, 109.04, 2
1089, 1286, 10.38, 32.41, 113.98, 3
1083, 1288, 10.40, 32.21, 110.35, 4
1097, 1293, 9.72, 32.85, 112.67, 1
1092, 1291, 9.93, 33.93, 114.93, 2
1091, 1291, 10.04, 33.97, 113.74, 3
1095, 1292, 10.17, 33.66, 110.08, 4
1103, 1296, 9.49, 32.74, 112.85, 1
1097, 1303, 9.67, 34.55, 114.65, 2
1101, 1299, 9.73, 35.00, 113.92, 3
1102, 1298, 9.87, 34.79, 109.99, 4
1099, 1303, 9.21, 32.71, 113.19, 1
1097, 1309, 9.22, 35.69, 114.65, 2
1103, 1302, 9.33, 36.41, 113.59, 3
1097, 1307, 9.45, 36.46, 109.89, 4
1110, 1311, 8.88, 32.89, 112.76, 1
1107, 1305, 8.99, 36.30, 108.70, 2
1104, 1307, 9.12, 36.98, 113.92, 3
1108, 1314, 9.29, 36.98, 110.32, 4
1112, 1312, 8.68, 32.96, 113.59, 1
1106, 1312, 8.87, 36.41, 114.62, 2
1113, 1306, 8.97, 37.37, 113.92, 3
1106, 1316, 9.04, 37.53, 110.23, 4
1116, 1317, 8.27, 32.98, 113.31, 1
1114, 1320, 8.43, 37.54, 114.75, 2
1121, 1320, 8.57, 38.59, 113.53, 3
1113, 1319, 8.61, 38.50, 110.96, 4
1122, 1321, 7.93, 33.11, 113.43, 1
1123, 1322, 8.10, 38.03, 114.62, 2
1116, 1323, 8.23, 39.28, 113.28, 3
1120, 1323, 8.36, 39.81, 110.93, 4
1122, 1327, 7.82, 33.24, 113.68, 1
1124, 1329, 7.82, 38.71, 114.75, 2
1124, 1321, 8.02, 40.50, 113.37, 3
1124, 1321, 8.07, 40.66, 110.99, 4
1124, 1331, 7.62, 33.36, 113.77, 1
1125, 1330, 7.71, 39.26, 114.44, 2
1128, 1335, 7.86, 40.89, 113.53, 3
1122, 1332, 8.05, 40.90, 111.08, 4
1126, 1337, 7.47, 33.49, 114.01, 1
1131, 1334, 7.55, 39.09, 114.75, 2
1126, 1333, 7.62, 40.50, 113.28, 3
1129, 1333, 7.88, 41.06, 110.84, 4
1126, 1336, 7.43, 33.59, 113.68, 1
1129, 1332, 7.44, 39.39, 114.50, 2
1129, 1332, 7.68, 41.21, 113.19, 3
1127, 1337, 7.74, 41.55, 110.99, 4
1131, 1335, 7.25, 33.81, 113.68, 1
1134, 1339, 7.20, 40.21, 114.35, 2
1128, 1333, 7.43, 41.95, 113.19, 3
1131, 1340, 7.53, 42.06, 110.75, 4
1136, 1345, 6.94, 34.03, 113.71, 1
1134, 1340, 7.04, 40.30, 114.62, 2
1137, 1344, 7.18, 42.23, 113.16, 3
1135, 1345, 7.20, 42.55, 110.32, 4
1140, 1346, 6.76, 34.15, 113.68, 1
1143, 1346, 6.82, 40.81, 114.56, 2
1141, 1350, 6.92, 42.60, 112.85, 3
1139, 1344, 7.08, 43.32, 110.32, 4
1148, 1348, 6.61, 34.37, 113.92, 1
1141, 1346, 6.71, 41.62, 114.35, 2
1141, 1353, 6.82, 43.72, 113.16, 3
1143, 1350, 6.83, 44.19, 110.57, 4
1142, 1350, 6.28, 34.58, 113.65, 1
1144, 1351, 6.38, 42.02, 114.56, 2
1147, 1359, 6.52, 44.32, 112.98, 3
1147, 1353, 6.66, 45.01, 110.66, 4
1147, 1360, 6.26, 34.69, 113.98, 1
1144, 1352, 6.39, 43.73, 114.20, 2
1143, 1354, 6.52, 46.70, 113.19, 3
1146, 1358, 6.59, 47.17, 110.57, 4
1146, 1357, 6.38, 35.11, 113.74, 1
1150, 1353, 6.57, 42.56, 114.75, 2
1139, 1348, 6.65, 44.94, 113.31, 3
1148, 1350, 6.78, 45.47, 110.84, 4
1135, 1338, 7.08, 35.20, 113.59, 1
1136, 1342, 7.30, 41.56, 114.62, 2
1138, 1340, 7.31, 43.09, 113.59, 3
1128, 1333, 7.47, 43.65, 111.11, 4
1122, 1323, 7.84, 35.16, 113.04, 1
1117, 1326, 8.00, 40.44, 114.93, 2
1126, 1330, 8.10, 42.01, 114.11, 3
1124, 1324, 8.27, 41.94, 110.35, 4
1115, 1307, 8.82, 35.00, 112.49, 1
1108, 1309, 8.89, 38.12, 114.90, 2
1111, 1311, 9.14, 39.39, 113.49, 3
1104, 1310, 9.19, 39.26, 110.99, 4
1098, 1292, 9.93, 34.64, 111.54, 1
1095, 1297, 10.10, 34.94, 114.65, 2
1096, 1297, 10.28, 34.81, 113.65, 3
1092, 1291, 10.35, 35.20, 111.30, 4
