2812, 2413, 23.44, 22.62, 126.53, 1
2810, 2411, 23.57, 20.58, 122.71, 2
2809, 2409, 23.67, 18.82, 123.35, 3
2813, 2394, 23.73, 18.41, 127.66, 4
2800, 2400, 23.86, 18.28, 124.08, 5
2795, 2396, 23.90, 18.11, 129.79, 6
2793, 2396, 24.00, 17.75, 124.24, 7
2792, 2396, 23.94, 17.51, 121.37, 8
2791, 2410, 24.04, 17.10, 124.57, 9
2807, 2395, 24.03, 16.81, 124.24, 10
2871, 2462, 20.49, 22.65, 120.21, 1
2857, 2447, 20.52, 20.10, 127.66, 2
2858, 2461, 20.60, 19.76, 127.26, 3
2873, 2462, 20.58, 19.24, 125.70, 4
2859, 2452, 20.71, 18.74, 120.64, 5
2872, 2451, 20.67, 18.61, 125.98, 6
2865, 2451, 20.74, 18.61, 129.43, 7
2873, 2451, 20.78, 18.82, 124.24, 8
2856, 2451, 20.69, 18.92, 125.03, 9
2862, 2452, 20.75, 19.07, 125.40, 10
2936, 2512, 17.51, 21.76, 121.83, 1
2932, 2524, 17.53, 20.65, 129.94, 2
2946, 2525, 17.59, 20.18, 128.72, 3
2933, 2521, 17.78, 20.09, 128.11, 4
2947, 2526, 17.76, 20.05, 129.58, 5
2931, 2511, 17.77, 19.89, 126.01, 6
2934, 2511, 17.78, 19.95, 125.03, 7
2934, 2513, 17.84, 19.92, 125.03, 8
2938, 2507, 17.84, 19.79, 125.24, 9
2932, 2524, 17.82, 19.83, 125.24, 10
3000, 2565, 15.49, 21.43, 121.06, 1
3000, 2568, 15.51, 22.02, 127.47, 2
2985, 2554, 15.62, 21.92, 128.20, 3
2999, 2569, 15.75, 22.27, 126.89, 4
2983, 2556, 15.69, 22.50, 126.04, 5
2982, 2557, 15.69, 23.04, 125.12, 6
2998, 2569, 15.85, 23.10, 125.31, 7
2996, 2566, 15.78, 22.76, 125.15, 8
3000, 2569, 15.85, 22.40, 125.49, 9
2981, 2554, 15.88, 21.77, 125.40, 10
3015, 2584, 14.01, 21.54, 121.06, 1
3032, 2594, 14.17, 22.58, 127.26, 2
3024, 2598, 14.17, 23.05, 128.60, 3
3035, 2581, 14.31, 22.92, 127.26, 4
3022, 2582, 14.34, 23.26, 126.95, 5
3031, 2592, 14.43, 23.37, 125.12, 6
3033, 2596, 14.43, 23.43, 125.18, 7
3032, 2600, 14.49, 23.49, 128.91, 8
3034, 2594, 14.48, 23.46, 125.49, 9
3035, 2590, 14.49, 23.31, 128.30, 10
3050, 2613, 13.28, 21.92, 120.57, 1
3037, 2615, 13.39, 23.34, 128.54, 2
3052, 2612, 13.53, 24.02, 128.08, 3
3053, 2614, 13.52, 24.22, 127.14, 4
3048, 2599, 13.69, 24.23, 124.15, 5
3039, 2599, 13.63, 24.63, 128.11, 6
3037, 2597, 13.84, 24.89, 127.26, 7
3054, 2614, 13.66, 24.95, 123.84, 8
3048, 2615, 13.77, 24.90, 125.18, 9
3035, 2609, 13.83, 25.12, 125.40, 10
3050, 2608, 12.87, 22.42, 120.09, 1
3052, 2612, 12.92, 23.80, 127.66, 2
3063, 2620, 12.98, 24.32, 129.33, 3
3064, 2626, 13.18, 24.31, 126.65, 4
3061, 2623, 13.19, 24.34, 125.85, 5
3051, 2606, 13.16, 24.40, 124.57, 6
3059, 2625, 13.32, 24.56, 126.95, 7
3046, 2605, 13.23, 24.87, 124.73, 8
3063, 2626, 13.43, 24.90, 124.45, 9
3048, 2609, 13.41, 24.98, 124.24, 10
3073, 2630, 12.40, 22.51, 120.54, 1
3059, 2630, 12.49, 25.60, 129.79, 2
3069, 2633, 12.61, 26.74, 126.71, 3
3074, 2633, 12.70, 27.13, 125.85, 4
3052, 2618, 12.74, 27.19, 125.55, 5
3073, 2632, 12.81, 27.23, 123.69, 6
3075, 2617, 12.83, 27.35, 123.78, 7
3062, 2616, 12.87, 27.77, 123.84, 8
3055, 2614, 12.98, 27.86, 123.84, 9
3057, 2615, 13.01, 28.02, 123.84, 10
3078, 2635, 12.19, 23.32, 120.64, 1
3078, 2638, 12.30, 26.67, 129.33, 2
3063, 2623, 12.50, 28.28, 127.17, 3
3074, 2634, 12.56, 28.79, 125.85, 4
3063, 2624, 12.56, 29.10, 125.95, 5
3073, 2632, 12.66, 29.49, 126.53, 6
3075, 2638, 12.68, 29.92, 124.42, 7
3075, 2633, 12.80, 30.28, 123.96, 8
3076, 2617, 12.83, 30.56, 126.56, 9
3076, 2632, 12.84, 30.87, 123.78, 10
3076, 2635, 12.36, 24.19, 120.33, 1
3076, 2634, 12.51, 27.61, 129.79, 2
3058, 2614, 12.64, 29.15, 126.95, 3
3073, 2636, 12.64, 29.81, 125.70, 4
3059, 2616, 12.73, 30.27, 125.70, 5
3075, 2634, 12.83, 30.55, 123.84, 6
3057, 2615, 12.83, 30.68, 122.68, 7
3075, 2623, 12.92, 30.76, 126.31, 8
3058, 2615, 12.97, 30.79, 124.48, 9
3058, 2617, 12.99, 31.12, 124.05, 10
3077, 2628, 12.49, 24.79, 120.24, 1
3071, 2630, 12.64, 28.18, 129.58, 2
3056, 2633, 12.73, 29.98, 127.01, 3
3057, 2614, 12.78, 30.85, 126.71, 4
3072, 2636, 12.92, 31.30, 125.95, 5
3073, 2631, 12.97, 31.73, 126.71, 6
3073, 2635, 12.99, 32.23, 124.24, 7
3051, 2618, 13.11, 32.52, 126.95, 8
3069, 2630, 13.01, 32.76, 124.57, 9
3056, 2611, 13.08, 32.86, 127.14, 10
3065, 2619, 12.86, 25.39, 120.33, 1
3051, 2613, 12.90, 29.24, 129.61, 2
3048, 2626, 13.08, 31.14, 127.17, 3
3051, 2611, 13.12, 31.87, 126.37, 4
3046, 2609, 13.21, 32.31, 126.04, 5
3062, 2622, 13.35, 32.70, 124.57, 6
3046, 2609, 13.32, 33.09, 127.01, 7
3060, 2624, 13.42, 33.39, 124.45, 8
3045, 2606, 13.41, 33.67, 124.79, 9
3061, 2621, 13.50, 33.93, 124.79, 10
3064, 2622, 12.91, 25.97, 120.33, 1
3042, 2613, 12.98, 30.57, 129.61, 2
3047, 2607, 13.12, 32.79, 125.12, 3
3044, 2604, 13.21, 33.48, 126.80, 4
3063, 2607, 13.29, 34.17, 126.28, 5
3045, 2622, 13.39, 34.52, 127.14, 6
3059, 2621, 13.49, 34.79, 124.79, 7
3057, 2624, 13.46, 35.18, 124.91, 8
3046, 2604, 13.49, 35.34, 124.79, 9
3053, 2616, 13.55, 35.57, 124.91, 10
3063, 2622, 12.83, 26.72, 120.33, 1
3062, 2625, 12.86, 31.57, 129.61, 2
3047, 2628, 13.02, 33.76, 127.14, 3
3064, 2618, 13.16, 34.58, 127.01, 4
3063, 2618, 13.23, 35.24, 126.16, 5
3042, 2623, 13.15, 35.68, 124.45, 6
3046, 2610, 13.29, 36.24, 127.17, 7
3049, 2610, 13.28, 36.40, 124.57, 8
3062, 2621, 13.28, 36.70, 124.91, 9
3044, 2607, 13.46, 37.07, 124.91, 10
3062, 2630, 12.73, 27.35, 120.42, 1
3066, 2628, 12.81, 31.51, 127.75, 2
3050, 2628, 13.01, 33.43, 128.11, 3
3049, 2622, 12.99, 34.25, 125.95, 4
3064, 2627, 13.14, 34.62, 125.85, 5
3046, 2610, 13.12, 35.04, 126.89, 6
3052, 2614, 13.12, 35.42, 124.73, 7
3044, 2608, 13.18, 35.53, 124.79, 8
3059, 2626, 13.28, 35.71, 127.01, 9
3063, 2618, 13.32, 35.89, 125.03, 10
3057, 2626, 12.54, 27.71, 120.06, 1
3072, 2630, 12.57, 31.57, 129.52, 2
3057, 2615, 12.66, 33.54, 129.58, 3
3056, 2615, 12.84, 34.27, 125.95, 4
3072, 2628, 12.86, 34.61, 125.95, 5
3069, 2631, 12.98, 34.94, 126.80, 6
3065, 2624, 12.94, 35.18, 124.42, 7
3070, 2616, 12.99, 35.31, 126.95, 8
3068, 2624, 13.05, 35.67, 124.69, 9
3051, 2622, 13.14, 36.00, 124.79, 10
3064, 2623, 12.09, 27.86, 120.06, 1
3063, 2644, 12.20, 32.56, 129.52, 2
3063, 2625, 12.30, 34.51, 127.20, 3
3066, 2624, 12.41, 35.52, 126.71, 4
3081, 2640, 12.43, 36.03, 125.85, 5
3064, 2637, 12.57, 36.47, 123.69, 6
3077, 2638, 12.57, 36.95, 124.05, 7
3080, 2633, 12.59, 37.01, 124.57, 8
3080, 2628, 12.68, 37.40, 123.84, 9
3078, 2635, 12.63, 37.65, 127.17, 10
3091, 2649, 11.58, 28.46, 122.41, 1
3075, 2635, 11.77, 33.24, 128.20, 2
3088, 2633, 11.89, 35.50, 129.55, 3
3076, 2648, 11.86, 36.34, 126.56, 4
3089, 2647, 12.09, 36.89, 125.24, 5
3087, 2643, 12.09, 37.39, 125.70, 6
3087, 2650, 12.18, 37.76, 126.31, 7
3083, 2650, 12.20, 38.28, 126.22, 8
3072, 2627, 12.15, 38.58, 126.22, 9
3074, 2632, 12.23, 38.76, 124.08, 10
3106, 2655, 11.17, 29.11, 122.16, 1
3101, 2658, 11.24, 33.86, 129.12, 2
3090, 2640, 11.43, 36.12, 129.21, 3
3102, 2655, 11.55, 37.13, 126.22, 4
3089, 2640, 11.55, 37.73, 124.88, 5
3086, 2638, 11.63, 38.40, 125.49, 6
3100, 2644, 11.70, 38.83, 125.40, 7
3086, 2638, 11.68, 39.29, 123.20, 8
3091, 2655, 11.68, 39.58, 125.55, 9
3095, 2642, 11.77, 39.79, 123.32, 10
3104, 2651, 10.79, 29.56, 121.98, 1
3115, 2664, 10.86, 34.51, 129.55, 2
3115, 2655, 11.06, 36.95, 126.46, 3
3110, 2672, 11.10, 37.97, 126.31, 4
3111, 2667, 11.14, 38.80, 125.18, 5
3098, 2653, 11.23, 39.22, 125.49, 6
3099, 2652, 11.26, 39.64, 125.55, 7
3094, 2647, 11.30, 40.04, 126.16, 8
3096, 2651, 11.30, 40.48, 122.50, 9
3093, 2649, 11.34, 40.89, 125.31, 10
3122, 2674, 10.43, 30.20, 122.71, 1
3106, 2668, 10.47, 35.05, 129.03, 2
3106, 2671, 10.62, 37.91, 126.95, 3
3120, 2673, 10.69, 38.99, 126.01, 4
3106, 2660, 10.80, 39.83, 125.82, 5
3104, 2658, 10.89, 40.36, 125.31, 6
3123, 2660, 10.89, 40.75, 125.31, 7
3104, 2672, 10.93, 41.03, 125.31, 8
3108, 2660, 10.98, 41.38, 125.98, 9
3120, 2659, 10.96, 41.66, 123.14, 10
3133, 2678, 10.04, 30.62, 124.02, 1
3116, 2681, 10.17, 35.56, 128.75, 2
3131, 2683, 10.27, 38.59, 126.71, 3
3112, 2683, 10.33, 39.77, 122.31, 4
3113, 2669, 10.45, 40.67, 125.85, 5
3115, 2676, 10.59, 41.33, 125.49, 6
3115, 2666, 10.48, 41.71, 125.70, 7
3128, 2682, 10.51, 42.12, 124.79, 8
3125, 2681, 10.49, 42.51, 125.98, 9
3125, 2677, 10.57, 42.78, 124.79, 10
3124, 2675, 9.85, 31.28, 123.60, 1
3137, 2672, 9.85, 36.09, 128.54, 2
3138, 2686, 9.97, 39.14, 126.53, 3
3137, 2685, 10.04, 40.39, 125.40, 4
3119, 2670, 10.18, 41.29, 123.23, 5
3120, 2670, 10.17, 42.11, 125.98, 6
3122, 2668, 10.28, 42.62, 125.40, 7
3119, 2670, 10.36, 43.06, 124.57, 8
3132, 2689, 10.37, 43.48, 124.57, 9
3132, 2685, 10.40, 43.89, 124.69, 10
3126, 2680, 9.68, 31.92, 120.42, 1
3129, 2673, 9.68, 36.91, 129.03, 2
3126, 2676, 9.89, 40.02, 126.53, 3
3129, 2674, 9.89, 41.44, 125.82, 4
3133, 2689, 9.96, 42.33, 126.22, 5
3123, 2669, 10.07, 43.04, 125.40, 6
3125, 2676, 10.07, 43.57, 126.53, 7
3121, 2676, 10.27, 44.00, 126.65, 8
3123, 2672, 10.16, 44.31, 125.73, 9
3122, 2674, 10.27, 44.77, 124.91, 10
3131, 2678, 9.49, 32.52, 120.24, 1
3145, 2678, 9.62, 37.74, 129.00, 2
3133, 2678, 9.75, 41.47, 128.27, 3
3142, 2693, 9.83, 42.93, 125.73, 4
3130, 2676, 9.85, 44.13, 126.04, 5
3141, 2689, 10.00, 44.86, 125.31, 6
3144, 2691, 9.86, 45.61, 125.18, 7
3124, 2689, 9.96, 46.19, 125.31, 8
3137, 2693, 10.09, 46.92, 125.55, 9
3139, 2693, 10.13, 47.14, 123.60, 10
3135, 2686, 9.46, 33.33, 120.24, 1
3142, 2701, 9.61, 38.48, 129.55, 2
3147, 2691, 9.56, 42.39, 126.53, 3
3146, 2696, 9.76, 43.76, 126.22, 4
3129, 2677, 9.82, 44.97, 126.16, 5
3132, 2679, 9.86, 45.66, 125.18, 6
3144, 2688, 9.93, 46.46, 124.42, 7
3138, 2695, 9.89, 47.02, 125.31, 8
3141, 2692, 9.96, 47.60, 123.50, 9
3124, 2677, 9.97, 48.05, 125.55, 10
3136, 2682, 9.31, 34.05, 121.06, 1
3147, 2695, 9.37, 39.32, 129.03, 2
3131, 2692, 9.51, 42.98, 126.31, 3
3148, 2697, 9.53, 44.53, 125.98, 4
3134, 2678, 9.52, 45.57, 125.82, 5
3147, 2701, 9.83, 46.58, 125.15, 6
3127, 2682, 9.75, 47.36, 125.12, 7
3132, 2679, 9.73, 47.86, 125.15, 8
3127, 2678, 9.75, 48.54, 125.40, 9
3128, 2682, 9.88, 48.89, 126.65, 10
3139, 2692, 9.24, 34.75, 120.64, 1
3144, 2701, 9.30, 39.96, 129.03, 2
3146, 2682, 9.42, 43.90, 126.22, 3
3144, 2697, 9.45, 45.44, 125.49, 4
3132, 2685, 9.61, 46.60, 125.49, 5
3143, 2701, 9.62, 47.63, 125.70, 6
3149, 2700, 9.72, 48.52, 125.98, 7
3130, 2680, 9.72, 49.07, 125.12, 8
3148, 2696, 9.82, 49.53, 125.12, 9
3144, 2699, 9.72, 50.12, 124.79, 10
3140, 2683, 9.27, 35.52, 120.54, 1
3134, 2684, 9.37, 40.64, 128.91, 2
3138, 2685, 9.31, 44.59, 128.45, 3
3133, 2683, 9.48, 46.44, 125.49, 4
3133, 2683, 9.58, 47.69, 125.55, 5
3131, 2683, 9.59, 48.68, 125.03, 6
3132, 2682, 9.61, 49.49, 127.35, 7
3141, 2695, 9.75, 50.10, 125.98, 8
3145, 2697, 9.76, 50.66, 125.15, 9
3142, 2694, 9.89, 51.09, 125.15, 10
3149, 2703, 9.15, 36.08, 122.41, 1
3148, 2699, 9.22, 41.00, 128.27, 2
3136, 2685, 9.45, 44.51, 129.82, 3
3147, 2701, 9.55, 46.16, 125.49, 4
3144, 2698, 9.61, 47.24, 128.91, 5
3131, 2685, 9.70, 48.26, 125.55, 6
3127, 2687, 9.66, 49.12, 124.57, 7
3129, 2700, 9.79, 49.67, 124.42, 8
3130, 2685, 9.70, 50.31, 129.52, 9
3130, 2683, 9.79, 50.71, 125.82, 10
3159, 2704, 8.94, 36.48, 120.06, 1
3135, 2687, 9.10, 41.34, 129.94, 2
3139, 2690, 9.24, 45.52, 129.82, 3
3133, 2692, 9.30, 47.68, 125.55, 4
3151, 2699, 9.42, 49.14, 124.94, 5
3130, 2690, 9.46, 50.22, 124.69, 6
3135, 2688, 9.46, 51.04, 124.69, 7
3149, 2701, 9.42, 51.75, 126.07, 8
3131, 2691, 9.53, 52.37, 125.40, 9
3149, 2697, 9.56, 52.81, 125.40, 10
3165, 2709, 8.69, 37.37, 122.83, 1
3145, 2694, 8.88, 42.38, 129.52, 2
3141, 2708, 9.01, 46.77, 129.61, 3
3161, 2709, 9.08, 49.05, 126.95, 4
3152, 2706, 9.12, 50.48, 125.18, 5
3155, 2706, 9.11, 51.55, 124.88, 6
3139, 2706, 9.24, 52.45, 125.12, 7
3154, 2696, 9.21, 53.32, 124.94, 8
3136, 2691, 9.20, 53.94, 125.15, 9
3137, 2690, 9.35, 54.59, 125.31, 10
3170, 2718, 8.39, 38.29, 120.06, 1
3149, 2703, 8.52, 43.02, 128.91, 2
3147, 2704, 8.53, 47.64, 129.76, 3
3163, 2715, 8.77, 50.13, 122.96, 4
3143, 2701, 8.77, 51.67, 126.22, 5
3163, 2699, 8.82, 52.98, 124.79, 6
3143, 2700, 8.80, 54.02, 124.15, 7
3152, 2710, 8.93, 54.88, 125.55, 8
3154, 2711, 8.87, 55.69, 126.04, 9
3149, 2713, 8.90, 56.31, 126.22, 10
3164, 2705, 8.16, 39.20, 121.98, 1
3154, 2710, 8.16, 43.83, 128.54, 2
3168, 2724, 8.29, 48.48, 129.18, 3
3166, 2718, 8.45, 51.10, 127.35, 4
3149, 2707, 8.43, 52.75, 126.22, 5
3145, 2704, 8.51, 54.14, 125.03, 6
3157, 2720, 8.59, 55.40, 126.22, 7
3140, 2701, 8.60, 56.32, 124.39, 8
3142, 2706, 8.64, 57.15, 125.40, 9
3158, 2703, 8.79, 57.91, 125.49, 10
3174, 2725, 8.07, 40.19, 122.44, 1
3153, 2709, 8.09, 44.35, 129.52, 2
3166, 2722, 8.21, 49.09, 129.94, 3
3164, 2722, 8.42, 51.69, 128.75, 4
3161, 2719, 8.45, 53.46, 125.98, 5
3162, 2720, 8.55, 54.94, 124.24, 6
3146, 2708, 8.48, 56.23, 125.70, 7
3153, 2721, 8.53, 57.26, 125.12, 8
3144, 2701, 8.53, 58.22, 125.12, 9
3158, 2717, 8.60, 58.98, 125.15, 10
3169, 2717, 8.14, 41.56, 121.58, 1
3149, 2711, 8.15, 45.74, 129.27, 2
3163, 2707, 8.31, 50.25, 129.94, 3
3155, 2706, 8.45, 52.71, 125.98, 4
3146, 2705, 8.46, 54.52, 125.98, 5
3159, 2711, 8.63, 56.14, 126.74, 6
3143, 2705, 8.55, 57.30, 124.63, 7
3158, 2720, 8.60, 58.45, 126.95, 8
3139, 2708, 8.70, 59.34, 124.88, 9
3150, 2716, 8.72, 60.17, 125.15, 10
3158, 2704, 8.42, 42.93, 122.19, 1
3158, 2718, 8.38, 47.34, 129.27, 2
3141, 2705, 8.62, 51.54, 127.08, 3
3142, 2702, 8.62, 54.06, 129.61, 4
3142, 2703, 8.73, 55.92, 127.26, 5
3149, 2721, 8.82, 57.55, 126.01, 6
3137, 2701, 8.80, 58.82, 124.15, 7
3133, 2699, 8.91, 59.77, 124.63, 8
3135, 2702, 8.91, 60.67, 129.27, 9
3130, 2707, 8.97, 61.47, 124.57, 10
3154, 2711, 8.86, 44.11, 122.04, 1
3132, 2708, 8.84, 48.55, 129.39, 2
3126, 2693, 9.11, 52.79, 128.75, 3
3137, 2691, 9.17, 55.23, 129.94, 4
3121, 2703, 9.20, 57.20, 129.94, 5
3139, 2690, 9.30, 58.76, 127.90, 6
3123, 2688, 9.31, 60.07, 123.47, 7
3132, 2705, 9.41, 61.12, 124.39, 8
3116, 2703, 9.45, 61.99, 129.61, 9
3131, 2701, 9.53, 62.89, 124.79, 10
3138, 2690, 9.63, 45.26, 122.71, 1
3109, 2678, 9.70, 49.88, 129.61, 2
3121, 2692, 9.89, 54.02, 129.00, 3
3103, 2675, 9.89, 56.55, 128.27, 4
3121, 2689, 10.04, 58.25, 125.12, 5
3103, 2677, 10.03, 59.70, 125.70, 6
3103, 2677, 10.17, 60.97, 124.42, 7
3099, 2673, 10.28, 62.10, 124.63, 8
3097, 2674, 10.24, 62.96, 126.07, 9
3112, 2685, 10.28, 63.83, 125.12, 10
3105, 2657, 10.47, 46.51, 122.19, 1
3105, 2675, 10.47, 51.03, 129.03, 2
3087, 2660, 10.69, 55.00, 129.61, 3
3100, 2670, 10.80, 57.52, 127.75, 4
3080, 2668, 10.86, 59.05, 126.04, 5
3084, 2660, 10.82, 60.50, 125.18, 6
3092, 2669, 10.98, 61.78, 125.31, 7
3093, 2663, 10.99, 62.84, 122.83, 8
3092, 2653, 11.07, 63.75, 125.40, 9
3076, 2653, 11.10, 64.57, 125.70, 10
3083, 2649, 11.22, 47.36, 122.16, 1
3070, 2644, 11.31, 52.00, 129.82, 2
3081, 2662, 11.51, 55.94, 127.35, 3
3062, 2640, 11.58, 58.33, 129.61, 4
3063, 2642, 11.65, 60.03, 124.57, 5
3076, 2641, 11.84, 61.43, 125.49, 6
3060, 2642, 11.82, 62.53, 125.49, 7
3071, 2659, 11.85, 63.63, 125.98, 8
3051, 2642, 11.92, 64.52, 124.73, 9
3056, 2639, 11.93, 65.32, 124.73, 10
3057, 2629, 12.19, 48.32, 121.77, 1
3058, 2624, 12.25, 52.99, 128.42, 2
3055, 2638, 12.35, 56.84, 129.76, 3
3053, 2634, 12.50, 59.15, 125.49, 4
3057, 2639, 12.66, 60.92, 125.95, 5
3032, 2622, 12.64, 62.23, 125.70, 6
3046, 2637, 12.73, 63.37, 124.48, 7
3048, 2619, 12.77, 64.38, 124.57, 8
3031, 2633, 12.86, 65.34, 124.91, 9
3034, 2630, 12.83, 66.09, 124.79, 10
3043, 2612, 13.43, 48.96, 122.16, 1
3030, 2615, 13.46, 53.99, 129.76, 2
3030, 2610, 13.64, 58.03, 127.75, 3
3027, 2595, 13.76, 60.31, 128.91, 4
3009, 2597, 13.77, 61.98, 126.16, 5
3023, 2606, 13.87, 63.38, 125.18, 6
3004, 2595, 13.91, 64.46, 125.70, 7
3016, 2604, 14.00, 65.45, 126.04, 8
3004, 2607, 14.00, 66.32, 126.28, 9
3013, 2607, 14.10, 66.96, 125.98, 10
2995, 2566, 14.79, 50.22, 121.40, 1
2976, 2574, 14.94, 59.03, 129.61, 2
3826, 2585, 14.96, 65.37, 127.44, 3
4095, 2587, 15.13, 69.00, 128.72, 4
4095, 2565, 15.18, 71.78, 129.03, 5
4095, 2566, 15.30, 73.91, 128.54, 6
4095, 2578, 15.33, 75.60, 128.91, 7
4095, 2580, 15.49, 77.09, 125.85, 8
4095, 2566, 15.44, 78.12, 125.85, 9
4095, 2563, 15.49, 79.14, 124.88, 10
3351, 2562, 15.24, 65.46, 121.77, 1
3303, 2573, 15.30, 75.60, 129.76, 2
3281, 2575, 15.31, 79.71, 128.20, 3
3290, 2569, 15.54, 81.42, 128.60, 4
3277, 2571, 15.54, 82.54, 128.91, 5
3252, 2562, 15.65, 83.40, 128.91, 6
3241, 2553, 15.76, 84.19, 128.91, 7
3232, 2556, 15.73, 84.75, 126.31, 8
3239, 2555, 15.69, 85.15, 125.24, 9
3230, 2563, 15.82, 85.69, 125.70, 10
2861, 2583, 14.80, 69.72, 121.83, 1
2832, 2572, 14.93, 78.34, 126.46, 2
2825, 2566, 15.00, 81.68, 127.66, 3
2828, 2576, 15.17, 83.13, 128.75, 4
2821, 2563, 15.30, 84.05, 128.91, 5
2810, 2566, 15.33, 84.74, 129.18, 6
2812, 2578, 15.37, 85.35, 129.33, 7
2820, 2578, 15.37, 85.79, 125.85, 8
2814, 2569, 15.42, 86.15, 124.94, 9
2812, 2574, 15.48, 86.45, 125.49, 10
2893, 2584, 14.61, 71.13, 121.70, 1
2866, 2579, 14.69, 78.59, 129.03, 2
2847, 2571, 14.82, 81.44, 128.30, 3
2838, 2570, 15.06, 82.79, 128.91, 4
2846, 2580, 14.97, 83.72, 128.91, 5
2846, 2596, 15.04, 84.30, 128.91, 6
2827, 2565, 15.15, 84.87, 128.81, 7
2827, 2563, 15.11, 85.24, 126.28, 8
2839, 2559, 15.31, 85.64, 125.31, 9
2837, 2575, 15.35, 86.01, 125.70, 10
2865, 2567, 14.89, 71.99, 121.83, 1
2862, 2563, 15.06, 78.76, 129.79, 2
2855, 2579, 15.09, 81.55, 128.42, 3
2853, 2569, 15.20, 82.63, 128.42, 4
2833, 2563, 15.31, 83.39, 128.30, 5
2824, 2556, 15.41, 83.99, 128.60, 6
2836, 2559, 15.48, 84.39, 128.54, 7
2834, 2574, 15.49, 84.77, 128.20, 8
2832, 2570, 15.54, 85.12, 125.55, 9
2813, 2553, 15.58, 85.38, 125.70, 10
2856, 2560, 15.82, 72.60, 121.83, 1
2815, 2546, 15.96, 79.26, 128.91, 2
2827, 2562, 15.96, 81.65, 128.51, 3
2806, 2559, 16.13, 82.71, 128.39, 4
2821, 2563, 16.26, 83.34, 127.47, 5
2805, 2558, 16.27, 83.87, 127.66, 6
2817, 2553, 16.34, 84.19, 127.66, 7
2813, 2554, 16.41, 84.53, 127.47, 8
2792, 2553, 16.43, 84.93, 127.47, 9
2790, 2554, 16.47, 85.08, 126.95, 10
2803, 2516, 17.39, 72.83, 121.61, 1
2789, 2528, 17.37, 79.62, 129.61, 2
2790, 2514, 17.51, 81.84, 126.80, 3
2773, 2511, 17.74, 82.74, 126.95, 4
2786, 2525, 17.68, 83.31, 125.85, 5
2781, 2526, 17.74, 83.69, 125.31, 6
2762, 2513, 17.82, 84.03, 125.03, 7
2774, 2520, 17.88, 84.27, 124.94, 8
2768, 2504, 17.99, 84.56, 124.88, 9
2771, 2519, 18.04, 84.80, 126.01, 10
2797, 2492, 18.29, 72.66, 121.58, 1
2776, 2502, 18.36, 79.72, 128.11, 2
2782, 2508, 18.53, 81.60, 128.20, 3
2758, 2493, 18.63, 82.43, 126.65, 4
2751, 2511, 18.73, 82.92, 125.49, 5
2766, 2504, 18.71, 83.29, 125.55, 6
2742, 2487, 18.76, 83.52, 125.82, 7
2738, 2489, 18.78, 83.70, 125.82, 8
2738, 2483, 18.83, 83.87, 125.82, 9
2737, 2501, 18.90, 84.16, 124.05, 10
2778, 2491, 19.18, 72.57, 121.15, 1
2761, 2491, 19.31, 79.64, 128.30, 2
2738, 2476, 19.41, 81.45, 129.33, 3
2751, 2497, 19.51, 82.17, 126.16, 4
2742, 2470, 19.52, 82.54, 125.70, 5
2743, 2488, 19.68, 82.92, 125.40, 6
2740, 2486, 19.73, 83.12, 125.03, 7
2719, 2482, 19.73, 83.28, 125.12, 8
2735, 2486, 19.90, 83.50, 125.40, 9
2720, 2486, 19.96, 83.67, 125.55, 10
2775, 2489, 19.11, 72.74, 121.83, 1
2752, 2472, 19.24, 80.01, 128.39, 2
2750, 2491, 19.31, 81.79, 129.27, 3
2731, 2488, 19.46, 82.49, 126.31, 4
2743, 2487, 19.59, 82.84, 125.18, 5
2725, 2492, 19.56, 83.23, 125.18, 6
2718, 2469, 19.66, 83.48, 125.40, 7
2718, 2484, 19.66, 83.67, 124.15, 8
2714, 2471, 19.68, 83.86, 124.15, 9
2715, 2469, 19.86, 83.96, 125.55, 10
2783, 2493, 18.32, 72.82, 121.15, 1
2772, 2490, 18.46, 79.94, 128.39, 2
2749, 2493, 18.45, 81.85, 129.82, 3
2757, 2493, 18.63, 82.59, 127.20, 4
2746, 2503, 18.68, 83.02, 126.22, 5
2755, 2503, 18.78, 83.40, 125.03, 6
2735, 2487, 18.80, 83.73, 125.24, 7
2736, 2502, 18.82, 83.92, 125.03, 8
2727, 2490, 18.82, 84.03, 124.69, 9
2726, 2500, 18.86, 84.22, 126.31, 10
2792, 2501, 17.87, 73.02, 120.76, 1
2781, 2517, 17.80, 79.83, 128.08, 2
2755, 2516, 18.04, 81.99, 128.72, 3
2754, 2501, 18.08, 82.65, 127.44, 4
2763, 2500, 18.18, 83.11, 126.31, 5
2765, 2513, 18.24, 83.47, 125.24, 6
2739, 2502, 18.32, 83.84, 125.15, 7
2750, 2510, 18.31, 83.99, 125.15, 8
2751, 2495, 18.26, 84.11, 124.42, 9
2750, 2493, 18.40, 84.38, 125.03, 10
2824, 2538, 17.01, 73.47, 120.76, 1
2795, 2533, 16.99, 79.95, 129.21, 2
2791, 2514, 17.15, 82.24, 127.14, 3
2785, 2532, 17.16, 82.98, 126.31, 4
2768, 2517, 17.22, 83.34, 125.85, 5
2763, 2517, 17.30, 83.84, 125.73, 6
2772, 2529, 17.37, 84.07, 125.85, 7
2754, 2518, 17.57, 84.46, 125.70, 8
2754, 2526, 17.44, 84.50, 125.70, 9
2753, 2518, 17.50, 84.61, 125.82, 10
2821, 2533, 16.24, 73.64, 120.91, 1
2793, 2535, 16.26, 79.92, 129.76, 2
2793, 2533, 16.43, 82.25, 126.74, 3
2796, 2546, 16.48, 83.06, 127.08, 4
2780, 2539, 16.54, 83.61, 126.31, 5
2774, 2546, 16.55, 83.98, 126.16, 6
2792, 2531, 16.60, 84.31, 126.16, 7
2788, 2531, 16.63, 84.44, 126.16, 8
2768, 2532, 16.75, 84.72, 126.53, 9
2781, 2547, 16.75, 84.92, 126.07, 10
2855, 2565, 15.68, 73.87, 122.96, 1
2821, 2547, 15.64, 79.92, 129.58, 2
2815, 2567, 15.75, 82.24, 129.76, 3
2800, 2553, 15.88, 83.05, 126.80, 4
2805, 2564, 15.96, 83.62, 126.22, 5
2807, 2563, 15.90, 83.99, 126.22, 6
2792, 2547, 16.02, 84.25, 126.22, 7
2798, 2543, 16.06, 84.51, 126.22, 8
2803, 2543, 16.10, 84.69, 121.22, 9
2791, 2542, 16.02, 84.74, 126.46, 10
2849, 2554, 15.21, 73.67, 121.00, 1
2833, 2571, 15.26, 79.73, 128.72, 2
2805, 2556, 15.42, 82.29, 127.35, 3
2803, 2564, 15.45, 83.32, 126.22, 4
2797, 2552, 15.59, 84.12, 126.16, 5
2812, 2568, 15.62, 84.67, 126.16, 6
2811, 2555, 15.59, 85.09, 126.31, 7
2805, 2571, 15.73, 85.55, 126.22, 8
2799, 2568, 15.79, 85.84, 126.22, 9
2805, 2547, 15.76, 86.18, 126.31, 10
2857, 2574, 14.46, 74.81, 120.57, 1
2833, 2588, 14.56, 80.39, 129.55, 2
2837, 2573, 14.70, 82.79, 127.44, 3
2831, 2571, 14.76, 83.86, 126.46, 4
2826, 2585, 14.82, 84.60, 126.04, 5
2828, 2592, 14.83, 85.20, 126.04, 6
2821, 2571, 14.86, 85.60, 126.31, 7
2824, 2582, 14.97, 86.01, 126.16, 8
2799, 2569, 15.03, 86.35, 126.28, 9
2811, 2568, 15.03, 86.59, 126.28, 10
2867, 2590, 13.60, 75.76, 120.79, 1
2857, 2588, 13.72, 80.76, 129.61, 2
2853, 2605, 13.78, 83.27, 127.44, 3
2835, 2589, 13.91, 84.27, 126.28, 4
2829, 2585, 13.93, 85.00, 126.28, 5
2840, 2601, 14.01, 85.53, 126.16, 6
2839, 2602, 13.97, 85.94, 126.04, 7
2817, 2587, 14.08, 86.44, 126.16, 8
2831, 2587, 14.03, 86.72, 126.16, 9
2818, 2588, 14.08, 87.08, 126.16, 10
2910, 2629, 12.46, 76.33, 120.42, 1
2863, 2628, 12.50, 80.97, 129.18, 2
2877, 2626, 12.70, 83.32, 128.91, 3
2873, 2628, 12.73, 84.38, 126.07, 4
2868, 2625, 12.83, 84.98, 126.37, 5
2850, 2613, 12.88, 85.59, 125.85, 6
2849, 2607, 12.87, 86.02, 125.85, 7
2844, 2608, 12.91, 86.40, 125.95, 8
2858, 2620, 12.95, 86.83, 125.85, 9
2841, 2607, 13.04, 87.02, 125.95, 10
2914, 2625, 11.75, 76.70, 120.21, 1
2901, 2643, 11.80, 81.05, 129.55, 2
2892, 2640, 11.95, 83.39, 128.27, 3
2885, 2635, 12.06, 84.38, 126.31, 4
2869, 2643, 12.06, 85.08, 125.85, 5
2868, 2626, 12.18, 85.62, 125.12, 6
2865, 2627, 12.19, 86.14, 125.12, 7
2860, 2626, 12.25, 86.44, 125.40, 8
2855, 2620, 12.29, 86.87, 125.40, 9
2870, 2637, 12.35, 87.25, 125.49, 10
2918, 2636, 11.24, 76.96, 120.79, 1
2910, 2651, 11.40, 81.15, 129.55, 2
2885, 2642, 11.54, 83.47, 128.20, 3
2890, 2652, 11.54, 84.43, 126.31, 4
2894, 2651, 11.68, 85.16, 125.49, 5
2876, 2640, 11.72, 85.69, 125.98, 6
2888, 2643, 11.75, 86.20, 124.88, 7
2880, 2652, 11.82, 86.52, 124.88, 8
2866, 2638, 11.88, 86.92, 124.88, 9
2882, 2644, 11.80, 87.22, 126.46, 10
2944, 2663, 10.68, 77.31, 122.71, 1
2903, 2647, 10.75, 81.24, 129.39, 2
2914, 2649, 10.87, 83.51, 128.20, 3
2910, 2647, 10.96, 84.62, 126.22, 4
2887, 2651, 10.92, 85.22, 125.40, 5
2888, 2664, 11.03, 85.90, 125.70, 6
2900, 2665, 11.12, 86.33, 126.16, 7
2883, 2645, 11.13, 86.62, 124.79, 8
2895, 2660, 11.14, 87.02, 124.57, 9
2885, 2658, 11.30, 87.32, 126.56, 10
2945, 2666, 10.03, 77.75, 122.31, 1
2918, 2680, 10.18, 81.36, 128.91, 2
2911, 2677, 10.16, 83.56, 129.94, 3
2923, 2675, 10.27, 84.66, 127.35, 4
2902, 2659, 10.31, 85.34, 125.70, 5
2900, 2659, 10.41, 85.93, 125.15, 6
2902, 2661, 10.45, 86.32, 125.49, 7
2912, 2676, 10.45, 86.76, 125.40, 8
2887, 2660, 10.59, 87.13, 125.98, 9
2913, 2673, 10.49, 87.30, 125.98, 10
2950, 2678, 9.34, 78.05, 122.19, 1
2945, 2694, 9.39, 81.44, 129.61, 2
2942, 2693, 9.52, 83.71, 129.94, 3
2935, 2677, 9.52, 84.70, 126.83, 4
2916, 2674, 9.78, 85.40, 125.49, 5
2929, 2691, 9.70, 85.94, 126.04, 6
2929, 2690, 9.75, 86.43, 125.03, 7
2915, 2672, 9.80, 86.78, 125.31, 8
2930, 2688, 9.90, 87.09, 125.31, 9
2915, 2673, 9.96, 87.46, 126.04, 10
2977, 2702, 8.83, 78.13, 121.58, 1
2946, 2686, 8.83, 81.40, 129.58, 2
2953, 2702, 9.01, 83.53, 129.76, 3
2942, 2686, 9.10, 84.60, 126.74, 4
2961, 2702, 9.17, 85.25, 125.12, 5
2969, 2697, 9.20, 85.86, 125.40, 6
2963, 2687, 9.30, 86.18, 125.73, 7
2986, 2696, 9.28, 86.58, 124.88, 8
2990, 2696, 9.39, 86.98, 124.79, 9
2985, 2700, 9.48, 87.31, 124.88, 10
2977, 2698, 8.53, 78.31, 121.70, 1
2967, 2707, 8.52, 81.18, 129.55, 2
2996, 2697, 8.62, 83.23, 128.91, 3
2995, 2695, 8.76, 84.31, 126.53, 4
3004, 2697, 8.91, 85.00, 124.45, 5
3007, 2697, 8.90, 85.58, 125.40, 6
3014, 2694, 8.88, 85.98, 124.57, 7
3016, 2696, 8.95, 86.39, 124.63, 8
3016, 2692, 8.91, 86.67, 125.12, 9
3014, 2692, 9.03, 86.95, 124.94, 10
2989, 2707, 8.09, 78.06, 121.58, 1
2990, 2702, 8.09, 80.98, 129.61, 2
3022, 2709, 8.29, 83.06, 129.76, 3
3017, 2709, 8.39, 84.00, 126.65, 4
3018, 2705, 8.38, 84.65, 126.31, 5
3042, 2717, 8.39, 85.21, 125.49, 6
3048, 2716, 8.51, 85.60, 124.39, 7
3035, 2698, 8.63, 86.05, 124.45, 8
3037, 2706, 8.72, 86.36, 124.45, 9
3053, 2713, 8.73, 86.57, 124.63, 10
3013, 2724, 7.80, 77.97, 121.40, 1
3005, 2708, 7.91, 80.75, 129.55, 2
3030, 2722, 7.98, 82.82, 129.82, 3
3025, 2707, 8.14, 83.74, 126.53, 4
3044, 2718, 8.21, 84.40, 126.22, 5
3033, 2701, 8.32, 84.99, 125.55, 6
3054, 2715, 8.28, 85.38, 124.42, 7
3038, 2705, 8.29, 85.83, 124.42, 8
3055, 2718, 8.41, 86.04, 125.98, 9
3039, 2703, 8.43, 86.27, 124.91, 10
3003, 2710, 7.63, 77.86, 121.28, 1
3031, 2725, 7.73, 80.55, 128.60, 2
3025, 2710, 7.86, 82.66, 129.03, 3
3028, 2710, 7.93, 83.72, 126.71, 4
3031, 2709, 8.05, 84.28, 126.31, 5
3052, 2723, 7.97, 84.74, 125.15, 6
3041, 2705, 8.02, 85.26, 125.49, 7
3058, 2726, 8.16, 85.60, 125.82, 8
3069, 2722, 8.22, 85.79, 124.63, 9
3066, 2717, 8.20, 85.98, 125.82, 10
3026, 2734, 7.39, 77.67, 122.19, 1
3034, 2726, 7.53, 80.40, 129.82, 2
3044, 2715, 7.60, 82.27, 129.82, 3
3049, 2726, 7.76, 83.40, 126.74, 4
3053, 2728, 7.77, 83.96, 126.22, 5
3049, 2716, 7.81, 84.58, 125.40, 6
3057, 2714, 7.91, 84.97, 125.49, 7
3063, 2717, 7.91, 85.29, 125.82, 8
3066, 2712, 8.00, 85.53, 124.63, 9
3066, 2715, 8.04, 85.68, 125.85, 10
3014, 2724, 7.38, 77.32, 122.10, 1
3039, 2712, 7.43, 80.02, 128.66, 2
3053, 2717, 7.52, 81.97, 128.91, 3
3073, 2726, 7.70, 83.04, 126.28, 4
3066, 2712, 7.69, 83.58, 124.57, 5
3087, 2726, 7.78, 84.10, 125.31, 6
3088, 2719, 7.77, 84.34, 125.40, 7
3074, 2716, 7.88, 84.55, 125.82, 8
3097, 2728, 7.98, 84.72, 124.79, 9
3082, 2716, 8.01, 84.66, 124.79, 10
3070, 2733, 7.36, 75.99, 122.10, 1
3082, 2731, 7.45, 78.46, 129.79, 2
3086, 2718, 7.56, 80.43, 129.61, 3
3104, 2733, 7.69, 81.16, 126.71, 4
3092, 2737, 7.71, 81.42, 126.22, 5
3088, 2730, 7.80, 81.45, 125.40, 6
3096, 2721, 7.80, 81.25, 124.45, 7
3110, 2719, 7.87, 80.92, 124.42, 8
3097, 2728, 7.87, 80.56, 124.57, 9
3086, 2720, 7.87, 79.96, 124.63, 10
3083, 2732, 7.36, 73.89, 121.37, 1
3110, 2739, 7.42, 76.55, 128.75, 2
3110, 2738, 7.50, 78.22, 129.82, 3
3113, 2734, 7.67, 78.57, 126.71, 4
3098, 2718, 7.76, 78.52, 126.22, 5
3104, 2732, 7.77, 78.20, 125.49, 6
3119, 2733, 7.77, 77.53, 124.57, 7
3119, 2733, 7.90, 76.72, 124.42, 8
3110, 2717, 7.86, 75.89, 125.98, 9
3117, 2732, 8.02, 75.00, 124.94, 10
3093, 2732, 7.49, 71.74, 121.40, 1
3115, 2726, 7.63, 74.40, 128.91, 2
3102, 2718, 7.59, 75.78, 127.08, 3
3123, 2732, 7.70, 75.73, 127.62, 4
3105, 2720, 7.78, 75.05, 125.55, 5
3107, 2720, 7.76, 74.40, 125.70, 6
3106, 2714, 7.94, 73.48, 124.79, 7
3113, 2727, 8.00, 72.49, 124.88, 8
3106, 2717, 7.98, 71.60, 124.91, 9
3119, 2733, 8.04, 70.90, 125.18, 10
3102, 2732, 7.35, 69.52, 121.40, 1
3115, 2739, 7.45, 72.12, 129.00, 2
3103, 2724, 7.57, 73.43, 126.95, 3
3123, 2734, 7.63, 73.33, 127.62, 4
3109, 2738, 7.73, 72.83, 125.18, 5
3107, 2721, 7.70, 72.09, 125.70, 6
3121, 2734, 7.88, 71.42, 124.69, 7
3111, 2719, 7.97, 70.75, 126.01, 8
3107, 2720, 7.86, 70.15, 124.88, 9
3105, 2717, 7.91, 69.42, 124.91, 10
3099, 2727, 7.11, 67.84, 121.98, 1
3124, 2743, 7.19, 70.43, 129.61, 2
3128, 2744, 7.47, 71.60, 129.61, 3
3130, 2727, 7.42, 71.40, 126.16, 4
3130, 2742, 7.70, 70.78, 124.18, 5
3122, 2728, 7.62, 70.03, 124.94, 6
3126, 2742, 7.66, 69.29, 125.40, 7
3127, 2740, 7.66, 68.54, 124.24, 8
3112, 2725, 7.80, 67.93, 124.42, 9
3113, 2740, 7.76, 67.33, 124.48, 10
3117, 2743, 7.02, 66.20, 121.92, 1
3113, 2742, 7.08, 68.71, 129.61, 2
3117, 2727, 7.19, 69.80, 129.76, 3
3134, 2743, 7.29, 69.62, 126.28, 4
3131, 2745, 7.36, 69.00, 124.08, 5
3122, 2725, 7.50, 68.43, 124.79, 6
3118, 2727, 7.49, 67.85, 125.18, 7
3133, 2741, 7.62, 67.25, 125.40, 8
3117, 2728, 7.56, 66.59, 124.18, 9
3118, 2728, 7.69, 65.94, 125.70, 10
3125, 2749, 6.88, 64.46, 121.83, 1
3135, 2735, 6.98, 66.98, 129.76, 2
3143, 2749, 6.97, 67.76, 127.96, 3
3128, 2734, 7.11, 67.39, 126.31, 4
3143, 2749, 7.16, 66.84, 125.85, 5
3142, 2746, 7.30, 66.24, 124.94, 6
3128, 2733, 7.30, 65.55, 125.12, 7
3141, 2746, 7.38, 65.00, 125.40, 8
3126, 2744, 7.47, 64.44, 125.49, 9
3135, 2745, 7.47, 63.99, 125.55, 10
3128, 2743, 6.78, 62.90, 121.98, 1
3126, 2742, 7.01, 65.42, 129.18, 2
3141, 2749, 6.95, 66.22, 128.91, 3
3127, 2735, 7.18, 66.08, 126.16, 4
3131, 2725, 7.22, 65.45, 125.95, 5
3128, 2733, 7.23, 64.92, 124.57, 6
3144, 2746, 7.30, 64.29, 125.18, 7
3123, 2739, 7.38, 63.80, 125.40, 8
3142, 2744, 7.41, 63.24, 125.40, 9
3140, 2744, 7.45, 62.89, 124.42, 10
3137, 2748, 6.80, 61.62, 121.61, 1
3123, 2735, 6.94, 64.02, 129.94, 2
3143, 2748, 6.95, 64.88, 126.89, 3
3126, 2736, 7.08, 64.63, 126.71, 4
3145, 2737, 7.22, 64.10, 126.04, 5
3142, 2745, 7.32, 63.62, 124.79, 6
3144, 2749, 7.36, 63.13, 125.24, 7
3130, 2751, 7.39, 62.75, 125.40, 8
3142, 2746, 7.38, 62.26, 124.24, 9
3126, 2737, 7.43, 61.85, 125.55, 10
3138, 2749, 6.74, 60.55, 121.61, 1
3144, 2750, 6.87, 62.74, 129.27, 2
3147, 2737, 7.01, 63.70, 129.18, 3
3140, 2737, 7.08, 63.46, 126.31, 4
3145, 2749, 7.12, 62.94, 125.85, 5
3130, 2737, 7.22, 62.42, 124.79, 6
3146, 2747, 7.39, 62.09, 125.03, 7
3130, 2733, 7.39, 61.64, 125.18, 8
3140, 2746, 7.45, 61.20, 124.39, 9
3130, 2732, 7.47, 60.86, 124.39, 10
3138, 2749, 6.77, 59.43, 121.83, 1
3126, 2758, 6.90, 61.68, 129.39, 2
3143, 2746, 6.99, 62.47, 129.76, 3
3149, 2751, 7.09, 62.26, 126.53, 4
3131, 2737, 7.20, 61.83, 124.24, 5
3130, 2733, 7.26, 61.41, 124.79, 6
3141, 2738, 7.22, 61.02, 125.12, 7
3131, 2735, 7.30, 60.71, 125.18, 8
3145, 2752, 7.45, 60.40, 125.73, 9
3144, 2748, 7.46, 60.11, 125.85, 10
3127, 2735, 6.90, 58.45, 121.83, 1
3144, 2752, 6.90, 60.24, 127.75, 2
3142, 2749, 7.11, 60.61, 129.03, 3
3135, 2733, 7.11, 60.26, 126.74, 4
3128, 2752, 7.14, 59.81, 124.79, 5
3146, 2735, 7.29, 59.52, 125.12, 6
3129, 2732, 7.28, 59.19, 125.12, 7
3143, 2746, 7.32, 58.83, 125.55, 8
3133, 2733, 7.38, 58.55, 124.42, 9
3130, 2734, 7.45, 58.39, 124.48, 10
3130, 2739, 6.95, 57.23, 122.16, 1
3129, 2732, 6.92, 58.76, 129.18, 2
3128, 2732, 7.08, 59.11, 129.94, 3
3146, 2749, 7.23, 58.72, 126.89, 4
3130, 2733, 7.28, 58.49, 126.28, 5
3129, 2733, 7.39, 58.27, 125.55, 6
3131, 2753, 7.46, 58.17, 124.73, 7
3142, 2744, 7.49, 57.81, 124.69, 8
3140, 2751, 7.52, 57.70, 124.73, 9
3130, 2730, 7.59, 57.31, 124.69, 10
3131, 2742, 7.22, 56.16, 121.58, 1
3127, 2728, 7.35, 57.73, 129.82, 2
3136, 2740, 7.36, 57.73, 129.79, 3
3137, 2743, 7.55, 57.43, 124.91, 4
3125, 2726, 7.62, 57.04, 125.85, 5
3122, 2729, 7.66, 56.78, 124.79, 6
3123, 2730, 7.73, 56.51, 125.40, 7
3124, 2739, 7.83, 56.22, 125.40, 8
3122, 2724, 7.81, 56.01, 124.15, 9
3135, 2739, 7.91, 55.82, 124.24, 10
3110, 2722, 8.60, 54.68, 122.10, 1
3095, 2719, 8.59, 56.32, 129.61, 2
3097, 2714, 8.79, 56.25, 129.52, 3
3097, 2707, 8.91, 55.82, 126.53, 4
3096, 2703, 9.10, 55.43, 125.70, 5
3098, 2705, 9.27, 55.14, 124.45, 6
3094, 2707, 9.21, 54.62, 124.57, 7
3090, 2710, 9.31, 54.27, 125.03, 8
3094, 2700, 9.53, 53.89, 124.88, 9
3110, 2714, 9.46, 53.62, 125.15, 10
3013, 2641, 12.86, 53.61, 121.83, 1
3009, 2625, 12.95, 53.80, 128.91, 2
3010, 2620, 13.05, 51.50, 128.08, 3
3011, 2621, 13.18, 50.12, 125.95, 4
3012, 2622, 13.21, 49.04, 125.70, 5
3025, 2618, 13.38, 47.92, 125.31, 6
3028, 2618, 13.56, 46.74, 125.31, 7
3024, 2620, 13.59, 46.06, 125.55, 8
3026, 2616, 13.59, 45.31, 125.18, 9
3020, 2631, 13.73, 44.67, 125.40, 10
2937, 2546, 16.39, 51.38, 120.57, 1
2946, 2559, 16.35, 49.14, 129.94, 2
2947, 2565, 16.64, 45.26, 129.61, 3
2932, 2561, 16.78, 43.65, 126.95, 4
2929, 2548, 16.91, 42.50, 125.98, 5
2944, 2565, 16.99, 41.35, 125.40, 6
2942, 2544, 17.06, 40.36, 125.73, 7
2929, 2543, 17.09, 39.46, 124.39, 8
2940, 2562, 17.15, 38.65, 123.96, 9
2940, 2554, 17.30, 38.18, 123.96, 10
2856, 2488, 19.35, 48.63, 121.28, 1
2883, 2487, 19.42, 43.40, 129.12, 2
2879, 2490, 19.61, 39.34, 129.27, 3
2871, 2501, 19.73, 37.79, 126.16, 4
2862, 2489, 19.66, 36.62, 125.85, 5
2880, 2500, 19.89, 35.77, 125.40, 6
2862, 2483, 19.93, 34.92, 125.40, 7
2858, 2497, 19.99, 33.82, 125.49, 8
2874, 2481, 20.14, 33.02, 124.69, 9
2860, 2480, 20.27, 32.51, 124.79, 10
2807, 2448, 21.77, 45.66, 121.06, 1
2808, 2459, 21.88, 39.15, 129.27, 2
2822, 2445, 21.95, 35.95, 128.27, 3
2814, 2455, 21.99, 34.51, 126.53, 4
2813, 2443, 22.16, 33.35, 125.31, 5
2822, 2457, 22.28, 32.67, 125.40, 6
2811, 2453, 22.26, 31.82, 124.48, 7
2820, 2457, 22.33, 30.69, 124.48, 8
2822, 2435, 22.49, 30.17, 125.31, 9
2807, 2436, 22.51, 29.67, 125.40, 10
2760, 2388, 24.48, 43.17, 120.79, 1
2747, 2403, 24.54, 34.77, 129.82, 2
2749, 2390, 24.65, 31.54, 127.78, 3
2751, 2386, 24.69, 29.87, 125.98, 4
2746, 2406, 24.89, 28.70, 125.24, 5
2763, 2391, 24.89, 27.82, 125.55, 6
2749, 2404, 24.90, 27.27, 124.79, 7
2757, 2401, 25.06, 26.64, 125.12, 8
2743, 2400, 24.96, 25.96, 125.40, 9
2756, 2394, 25.16, 26.11, 125.18, 10
2718, 2354, 26.30, 40.73, 121.49, 1
2721, 2375, 26.29, 31.90, 128.39, 2
2719, 2352, 26.46, 29.11, 127.78, 3
2702, 2367, 26.58, 27.64, 125.55, 4
2721, 2350, 26.63, 26.62, 125.98, 5
2723, 2367, 26.67, 25.88, 125.40, 6
2720, 2359, 26.68, 24.97, 125.40, 7
2704, 2352, 26.77, 24.31, 125.18, 8
2702, 2366, 26.74, 23.73, 125.40, 9
2713, 2361, 26.88, 23.33, 125.31, 10
2760, 2399, 24.08, 38.10, 121.03, 1
2762, 2386, 24.15, 30.80, 129.61, 2
2765, 2390, 24.14, 28.09, 129.03, 3
2763, 2400, 24.30, 26.87, 126.71, 4
2766, 2391, 24.30, 25.83, 125.70, 5
2751, 2406, 24.30, 25.24, 124.24, 6
2765, 2402, 24.41, 24.94, 124.24, 7
2764, 2403, 24.39, 24.16, 124.05, 8
2748, 2391, 24.32, 23.99, 124.42, 9
2766, 2395, 24.42, 23.35, 124.42, 10
2818, 2473, 21.14, 35.77, 121.70, 1
2835, 2459, 21.19, 30.97, 128.54, 2
2833, 2469, 21.31, 29.00, 128.66, 3
2824, 2453, 21.38, 28.20, 126.95, 4
2839, 2462, 21.41, 27.53, 124.79, 5
2824, 2448, 21.45, 26.86, 125.12, 6
2816, 2451, 21.47, 26.53, 125.15, 7
2836, 2446, 21.53, 26.37, 125.24, 8
2823, 2467, 21.65, 26.03, 125.40, 9
2837, 2449, 21.55, 26.02, 124.57, 10
2851, 2478, 19.69, 35.26, 121.61, 1
2851, 2479, 19.69, 32.69, 129.61, 2
2871, 2476, 19.82, 31.57, 127.35, 3
2868, 2476, 19.84, 30.66, 127.17, 4
2858, 2480, 19.89, 29.82, 125.73, 5
2872, 2494, 19.90, 29.47, 124.88, 6
2868, 2494, 20.06, 28.69, 125.03, 7
2869, 2480, 20.07, 28.90, 125.12, 8
2851, 2481, 20.04, 28.32, 125.49, 9
2858, 2479, 20.03, 27.96, 125.31, 10
2902, 2517, 18.31, 34.97, 121.28, 1
2892, 2505, 18.47, 32.52, 127.96, 2
2885, 2500, 18.57, 31.27, 127.35, 3
2902, 2524, 18.63, 30.53, 127.87, 4
2904, 2506, 18.60, 30.06, 125.82, 5
2888, 2507, 18.71, 29.48, 124.69, 6
2900, 2520, 18.78, 29.24, 125.40, 7
2899, 2519, 18.86, 29.13, 124.69, 8
2898, 2520, 18.91, 28.51, 124.69, 9
2887, 2502, 18.87, 28.20, 125.70, 10
2919, 2541, 17.27, 34.77, 120.91, 1
2926, 2540, 17.36, 33.32, 129.58, 2
2911, 2531, 17.50, 31.63, 127.32, 3
2926, 2526, 17.56, 30.31, 126.46, 4
2906, 2532, 17.63, 30.03, 125.40, 5
2923, 2541, 17.73, 30.29, 125.40, 6
2927, 2544, 17.73, 29.65, 125.49, 7
2929, 2540, 17.74, 28.79, 125.49, 8
2911, 2530, 17.76, 28.39, 125.49, 9
2927, 2527, 17.71, 28.21, 125.40, 10
2951, 2568, 16.09, 34.43, 121.03, 1
2954, 2569, 16.24, 33.46, 129.39, 2
2940, 2551, 16.33, 32.69, 126.53, 3
2948, 2571, 16.45, 32.18, 126.16, 4
2952, 2568, 16.55, 31.20, 126.01, 5
2951, 2550, 16.54, 30.69, 125.82, 6
2934, 2550, 16.67, 30.68, 125.85, 7
2956, 2553, 16.67, 30.86, 125.85, 8
2950, 2568, 16.71, 30.67, 125.82, 9
2934, 2548, 16.75, 30.09, 125.85, 10
2948, 2563, 15.65, 34.56, 120.76, 1
2947, 2580, 15.68, 32.86, 129.03, 2
2968, 2566, 15.76, 31.50, 126.46, 3
2969, 2579, 15.84, 30.84, 125.49, 4
2951, 2563, 15.88, 30.40, 125.85, 5
2954, 2569, 16.09, 30.40, 125.70, 6
2953, 2563, 16.10, 30.28, 125.55, 7
2962, 2579, 16.19, 30.16, 125.55, 8
2961, 2565, 16.15, 30.12, 125.70, 9
2965, 2579, 16.21, 29.97, 125.55, 10
2972, 2587, 15.35, 34.32, 120.48, 1
2958, 2567, 15.48, 32.73, 129.61, 2
2955, 2571, 15.54, 31.83, 126.22, 3
2962, 2584, 15.65, 31.17, 125.49, 4
2955, 2585, 15.72, 30.58, 126.04, 5
2960, 2574, 15.75, 30.38, 125.49, 6
2958, 2564, 15.85, 29.97, 125.24, 7
2975, 2578, 15.89, 29.57, 125.24, 8
2957, 2572, 15.82, 29.86, 125.40, 9
2967, 2583, 15.95, 30.19, 125.40, 10
2973, 2583, 15.38, 34.48, 121.37, 1
2957, 2569, 15.38, 31.71, 129.76, 2
2978, 2588, 15.45, 30.33, 126.28, 3
2960, 2587, 15.61, 29.75, 126.74, 4
2964, 2572, 15.65, 29.49, 125.82, 5
2959, 2575, 15.70, 29.37, 124.94, 6
2959, 2577, 15.76, 29.19, 124.79, 7
2959, 2571, 15.85, 29.15, 124.94, 8
2969, 2582, 15.90, 28.60, 124.94, 9
2953, 2584, 16.00, 28.50, 125.12, 10
2976, 2584, 15.30, 34.24, 121.37, 1
2963, 2571, 15.33, 32.65, 129.76, 2
2957, 2568, 15.49, 31.37, 127.47, 3
2979, 2574, 15.66, 31.07, 127.08, 4
2961, 2568, 15.65, 30.87, 125.82, 5
2971, 2570, 15.82, 30.57, 124.73, 6
2970, 2582, 15.86, 30.56, 126.74, 7
2964, 2572, 15.88, 30.53, 124.94, 8
2973, 2585, 15.79, 30.10, 124.79, 9
2958, 2571, 15.88, 29.49, 124.88, 10
2970, 2587, 15.38, 34.27, 121.58, 1
2977, 2567, 15.57, 31.66, 128.91, 2
2958, 2584, 15.64, 30.06, 126.31, 3
2957, 2574, 15.66, 29.09, 126.95, 4
2958, 2570, 15.75, 28.62, 126.16, 5
2971, 2584, 15.90, 28.29, 124.42, 6
2970, 2585, 15.85, 27.87, 124.57, 7
2972, 2569, 15.86, 27.52, 124.79, 8
2971, 2581, 15.99, 27.31, 124.79, 9
2969, 2587, 15.96, 27.22, 127.14, 10
2969, 2588, 15.52, 33.93, 121.37, 1
2975, 2587, 15.52, 31.32, 128.72, 2
2955, 2570, 15.64, 29.66, 126.31, 3
2955, 2582, 15.72, 29.05, 125.49, 4
2954, 2582, 15.84, 28.46, 126.16, 5
2973, 2571, 15.84, 28.20, 126.89, 6
2958, 2570, 15.96, 27.82, 124.63, 7
2954, 2563, 15.97, 27.69, 124.79, 8
2971, 2583, 16.03, 27.45, 124.88, 9
2964, 2569, 16.12, 27.44, 124.88, 10
2966, 2582, 15.54, 33.73, 121.37, 1
2955, 2565, 15.54, 30.89, 129.58, 2
2976, 2584, 15.62, 29.39, 126.56, 3
2953, 2564, 15.85, 28.64, 126.95, 4
2957, 2565, 15.84, 28.63, 126.16, 5
2953, 2569, 16.02, 28.75, 124.63, 6
2957, 2574, 16.03, 29.00, 124.79, 7
2971, 2581, 16.02, 29.14, 127.14, 8
2952, 2568, 16.06, 28.82, 124.94, 9
2965, 2581, 16.06, 28.67, 124.88, 10
2955, 2592, 15.48, 33.63, 121.46, 1
2975, 2569, 15.57, 31.39, 128.81, 2
2970, 2590, 15.64, 30.21, 126.80, 3
2970, 2585, 15.72, 29.97, 126.16, 4
2956, 2581, 15.82, 29.68, 126.22, 5
2954, 2570, 15.85, 29.21, 124.79, 6
2972, 2582, 15.93, 28.71, 124.79, 7
2969, 2581, 16.00, 28.33, 127.14, 8
2954, 2568, 15.96, 28.16, 125.12, 9
2967, 2580, 16.06, 28.14, 124.88, 10
2971, 2583, 15.45, 33.58, 121.58, 1
2973, 2582, 15.55, 30.27, 129.82, 2
2958, 2575, 15.58, 28.42, 126.89, 3
2960, 2574, 15.69, 27.70, 125.70, 4
2956, 2572, 15.75, 26.98, 126.01, 5
2973, 2589, 15.75, 26.60, 127.20, 6
2959, 2568, 15.81, 26.25, 124.79, 7
2970, 2583, 15.90, 26.09, 124.88, 8
2957, 2566, 15.90, 26.15, 124.94, 9
2973, 2580, 15.97, 26.12, 125.12, 10
2959, 2576, 15.15, 33.09, 121.58, 1
2984, 2590, 15.23, 30.25, 128.81, 2
2969, 2577, 15.37, 28.85, 127.90, 3
2979, 2586, 15.48, 28.18, 125.70, 4
2976, 2591, 15.44, 27.83, 125.95, 5
2982, 2574, 15.41, 27.13, 126.89, 6
2979, 2572, 15.62, 26.83, 124.69, 7
2967, 2575, 15.61, 26.59, 124.69, 8
2961, 2571, 15.62, 26.32, 124.79, 9
2976, 2589, 15.76, 26.23, 124.39, 10
2987, 2599, 14.80, 32.86, 122.10, 1
2991, 2579, 14.87, 30.35, 129.76, 2
2971, 2582, 15.00, 29.08, 129.94, 3
2990, 2599, 15.06, 28.75, 126.53, 4
2980, 2597, 15.07, 28.57, 125.55, 5
2987, 2594, 15.09, 28.32, 123.69, 6
2987, 2600, 15.23, 28.27, 123.81, 7
2987, 2596, 15.26, 28.24, 123.60, 8
2968, 2580, 15.30, 27.94, 126.16, 9
2971, 2582, 15.39, 27.59, 124.69, 10
3001, 2604, 14.31, 32.67, 121.28, 1
2987, 2587, 14.35, 30.44, 129.61, 2
3000, 2593, 14.45, 29.07, 126.16, 3
2998, 2611, 14.52, 28.38, 126.46, 4
3001, 2606, 14.62, 28.21, 125.70, 5
2984, 2591, 14.68, 28.23, 123.60, 6
3001, 2608, 14.68, 27.71, 123.69, 7
2984, 2587, 14.76, 27.23, 126.04, 8
2982, 2585, 14.83, 27.11, 124.39, 9
2985, 2606, 14.86, 26.84, 123.81, 10
2996, 2603, 13.74, 32.61, 121.61, 1
2996, 2602, 13.85, 30.52, 129.76, 2
2997, 2604, 13.93, 29.24, 126.28, 3
2998, 2617, 14.00, 28.48, 126.16, 4
2997, 2600, 14.10, 28.11, 125.40, 5
2994, 2601, 14.21, 27.80, 125.73, 6
3012, 2620, 14.24, 27.46, 126.31, 7
3010, 2604, 14.20, 27.37, 124.42, 8
3014, 2617, 14.27, 27.29, 123.84, 9
2993, 2617, 14.25, 27.14, 123.90, 10
3014, 2616, 13.12, 32.40, 122.19, 1
3033, 2634, 13.12, 30.72, 129.52, 2
3030, 2636, 13.26, 29.75, 129.55, 3
3017, 2618, 13.42, 29.37, 127.20, 4
3027, 2630, 13.46, 29.02, 126.56, 5
3029, 2626, 13.43, 28.62, 125.73, 6
3011, 2632, 13.52, 28.26, 126.28, 7
3030, 2630, 13.52, 28.29, 126.37, 8
3025, 2635, 13.63, 28.02, 126.56, 9
3009, 2615, 13.55, 27.81, 124.15, 10
3047, 2650, 12.39, 32.28, 121.86, 1
3047, 2643, 12.54, 31.91, 129.39, 2
3044, 2629, 12.57, 31.40, 129.94, 3
3030, 2629, 12.66, 31.19, 127.17, 4
3033, 2631, 12.70, 31.05, 124.73, 5
3048, 2645, 12.83, 30.79, 125.12, 6
3043, 2646, 12.87, 30.64, 125.49, 7
3045, 2645, 12.88, 30.61, 125.95, 8
3029, 2634, 12.94, 30.66, 123.23, 9
3041, 2641, 12.95, 30.52, 125.70, 10
3040, 2642, 11.81, 32.74, 121.86, 1
3044, 2644, 11.84, 32.80, 129.88, 2
3057, 2656, 12.05, 32.71, 129.43, 3
3057, 2653, 12.13, 32.59, 126.46, 4
3060, 2653, 12.25, 32.41, 125.70, 5
3046, 2638, 12.18, 32.54, 125.73, 6
3059, 2652, 12.33, 32.60, 124.88, 7
3038, 2640, 12.39, 32.47, 125.15, 8
3061, 2656, 12.43, 32.35, 125.15, 9
3040, 2642, 12.35, 32.28, 125.55, 10
3069, 2670, 11.38, 33.10, 122.96, 1
3057, 2660, 11.43, 33.58, 129.61, 2
3060, 2651, 11.50, 33.64, 126.22, 3
3070, 2670, 11.53, 33.57, 126.01, 4
3054, 2653, 11.70, 33.58, 125.12, 5
3056, 2656, 11.68, 33.73, 125.40, 6
3054, 2652, 11.71, 33.73, 125.49, 7
3053, 2655, 11.85, 33.71, 125.98, 8
3070, 2668, 11.84, 33.68, 124.63, 9
3056, 2653, 11.92, 33.55, 125.98, 10
3062, 2661, 10.99, 33.34, 121.15, 1
3066, 2665, 11.05, 34.02, 129.88, 2
3067, 2664, 11.10, 34.00, 129.21, 3
3081, 2672, 11.24, 34.02, 126.16, 4
3065, 2678, 11.37, 34.14, 126.16, 5
3064, 2662, 11.40, 34.05, 125.31, 6
3079, 2674, 11.33, 33.97, 124.42, 7
3062, 2679, 11.51, 33.99, 124.45, 8
3082, 2674, 11.50, 33.89, 124.42, 9
3059, 2663, 11.60, 33.72, 124.88, 10
3086, 2684, 10.76, 33.77, 121.22, 1
3079, 2679, 10.87, 34.27, 129.61, 2
3082, 2682, 10.96, 34.44, 126.31, 3
3082, 2685, 11.09, 34.34, 126.31, 4
3065, 2665, 11.14, 34.35, 126.46, 5
3081, 2665, 11.16, 34.20, 124.27, 6
3087, 2680, 11.19, 34.20, 124.42, 7
3078, 2678, 11.30, 34.25, 124.45, 8
3081, 2656, 11.29, 34.17, 124.45, 9
3066, 2661, 11.43, 34.26, 124.69, 10
3078, 2671, 10.45, 33.85, 122.77, 1
3091, 2693, 10.44, 34.71, 129.88, 2
3074, 2666, 10.68, 35.17, 125.98, 3
3075, 2666, 10.76, 35.25, 125.98, 4
3093, 2688, 10.78, 35.42, 125.98, 5
3076, 2666, 10.91, 35.30, 125.31, 6
3074, 2671, 10.87, 35.39, 125.49, 7
3088, 2673, 10.93, 35.44, 124.27, 8
3072, 2683, 11.00, 35.51, 124.45, 9
3071, 2671, 11.02, 35.67, 124.57, 10
3104, 2692, 9.92, 34.27, 122.41, 1
3092, 2681, 10.11, 35.28, 129.33, 2
3090, 2680, 10.23, 35.74, 129.79, 3
3089, 2692, 10.33, 35.96, 124.63, 4
3087, 2689, 10.37, 36.04, 126.56, 5
3088, 2683, 10.45, 36.04, 124.45, 6
3098, 2692, 10.49, 36.08, 124.57, 7
3085, 2677, 10.51, 36.01, 124.69, 8
3100, 2696, 10.55, 36.04, 125.03, 9
3100, 2697, 10.51, 36.00, 125.12, 10
3115, 2699, 9.58, 34.54, 122.31, 1
3118, 2705, 9.63, 35.83, 129.33, 2
3110, 2703, 9.70, 36.57, 129.58, 3
3099, 2689, 9.82, 36.67, 126.95, 4
3111, 2703, 9.96, 36.82, 125.18, 5
3099, 2689, 10.03, 37.03, 124.27, 6
3109, 2704, 10.01, 37.29, 125.55, 7
3096, 2690, 10.10, 37.45, 124.88, 8
3110, 2704, 10.03, 37.51, 124.88, 9
3111, 2707, 10.18, 37.53, 124.63, 10
3110, 2704, 9.11, 35.06, 121.86, 1
3126, 2707, 9.17, 36.53, 128.72, 2
3124, 2719, 9.27, 37.63, 128.54, 3
3128, 2706, 9.42, 37.91, 126.22, 4
3124, 2710, 9.49, 38.08, 126.16, 5
3107, 2701, 9.51, 38.17, 125.49, 6
3125, 2708, 9.62, 38.29, 125.31, 7
3125, 2713, 9.63, 38.34, 124.27, 8
3109, 2701, 9.68, 38.33, 124.42, 9
3101, 2706, 9.75, 38.39, 124.24, 10
3141, 2721, 8.76, 35.37, 122.71, 1
3136, 2724, 8.69, 37.17, 129.76, 2
3121, 2711, 8.88, 38.50, 128.54, 3
3137, 2706, 8.87, 38.97, 126.71, 4
3132, 2725, 9.06, 39.41, 124.24, 5
3111, 2707, 8.95, 39.62, 124.94, 6
3120, 2708, 9.07, 40.00, 125.24, 7
3121, 2711, 9.08, 40.02, 125.40, 8
3129, 2709, 9.28, 40.11, 125.31, 9
3122, 2705, 9.17, 40.19, 125.15, 10
3152, 2730, 8.11, 35.90, 122.19, 1
3150, 2738, 8.25, 38.21, 129.27, 2
3133, 2734, 8.42, 39.78, 126.31, 3
3139, 2719, 8.39, 40.13, 126.83, 4
3147, 2734, 8.52, 40.30, 125.70, 5
3128, 2723, 8.62, 40.49, 124.39, 6
3146, 2735, 8.59, 40.80, 124.45, 7
3146, 2732, 8.60, 41.17, 125.98, 8
3130, 2715, 8.76, 41.45, 124.88, 9
3129, 2718, 8.66, 41.61, 124.88, 10
3157, 2738, 7.87, 36.31, 122.10, 1
3144, 2724, 7.88, 38.57, 129.76, 2
3155, 2741, 7.98, 39.84, 128.33, 3
3139, 2734, 8.09, 40.52, 125.98, 4
3152, 2740, 8.20, 40.95, 125.03, 5
3136, 2742, 8.31, 41.39, 125.55, 6
3149, 2736, 8.31, 41.79, 124.69, 7
3138, 2724, 8.35, 42.23, 124.57, 8
3139, 2732, 8.32, 42.69, 126.04, 9
3134, 2720, 8.41, 43.07, 124.91, 10
3160, 2751, 7.55, 36.94, 121.98, 1
3163, 2746, 7.52, 39.55, 129.33, 2
3160, 2753, 7.69, 41.47, 127.87, 3
3162, 2742, 7.78, 42.22, 127.01, 4
3162, 2747, 7.86, 42.68, 124.79, 5
3157, 2748, 7.86, 42.89, 125.40, 6
3146, 2736, 7.91, 43.03, 124.69, 7
3161, 2746, 7.94, 43.18, 124.45, 8
3145, 2730, 7.97, 43.29, 124.69, 9
3157, 2746, 7.98, 43.46, 124.79, 10
3171, 2752, 7.45, 37.40, 122.77, 1
3164, 2749, 7.56, 39.68, 129.39, 2
3164, 2751, 7.62, 41.16, 126.16, 3
3159, 2748, 7.66, 41.80, 126.46, 4
3150, 2736, 7.97, 42.00, 124.69, 5
3150, 2737, 7.93, 42.28, 125.40, 6
3163, 2741, 8.01, 42.33, 124.39, 7
3148, 2730, 8.07, 42.58, 124.39, 8
3146, 2741, 8.02, 42.82, 124.69, 9
3144, 2731, 8.04, 42.80, 124.69, 10
3141, 2730, 7.93, 37.63, 121.86, 1
3158, 2743, 8.02, 39.98, 129.52, 2
3155, 2742, 8.18, 41.61, 128.45, 3
3136, 2727, 8.21, 42.17, 126.04, 4
3137, 2726, 8.31, 42.56, 125.12, 5
3138, 2722, 8.29, 42.80, 125.98, 6
3153, 2739, 8.45, 43.07, 124.69, 7
3149, 2742, 8.51, 43.23, 126.04, 8
3132, 2723, 8.51, 43.38, 124.91, 9
3145, 2741, 8.60, 43.46, 125.12, 10
3151, 2733, 8.22, 38.15, 121.86, 1
3151, 2720, 8.29, 41.01, 129.55, 2
3132, 2716, 8.48, 43.40, 128.54, 3
3132, 2719, 8.51, 44.30, 126.07, 4
3127, 2717, 8.63, 44.93, 124.02, 5
3128, 2719, 8.62, 45.25, 124.57, 6
3128, 2717, 8.64, 45.68, 124.57, 7
3125, 2715, 8.80, 46.10, 125.03, 8
3139, 2730, 8.79, 46.29, 125.03, 9
3134, 2730, 8.86, 46.57, 125.12, 10
3131, 2714, 8.41, 38.96, 121.86, 1
3138, 2735, 8.49, 42.21, 129.55, 2
3123, 2715, 8.63, 44.68, 128.11, 3
3123, 2713, 8.60, 45.74, 126.07, 4
3131, 2725, 8.82, 46.47, 125.15, 5
3116, 2714, 8.83, 47.03, 126.01, 6
3123, 2712, 8.90, 47.52, 125.03, 7
3134, 2725, 8.95, 47.84, 125.03, 8
3121, 2716, 9.01, 48.21, 125.70, 9
3129, 2724, 9.03, 48.41, 125.70, 10
3126, 2715, 8.46, 39.77, 122.04, 1
3116, 2727, 8.59, 43.23, 128.91, 2
3121, 2715, 8.69, 46.16, 128.66, 3
3118, 2707, 8.88, 47.48, 126.31, 4
3118, 2710, 8.88, 48.37, 126.01, 5
3126, 2726, 8.95, 49.05, 125.15, 6
3132, 2728, 9.03, 49.65, 125.12, 7
3131, 2719, 9.06, 50.07, 125.31, 8
3129, 2723, 9.07, 50.43, 125.70, 9
3123, 2724, 9.11, 50.61, 124.79, 10
3117, 2712, 8.59, 40.63, 122.34, 1
3137, 2721, 8.63, 43.48, 129.58, 2
3130, 2708, 8.82, 45.51, 129.58, 3
3124, 2723, 8.95, 46.41, 124.45, 4
3111, 2713, 9.03, 47.13, 124.39, 5
3115, 2714, 9.06, 47.45, 125.15, 6
3118, 2704, 9.11, 47.78, 125.55, 7
3116, 2720, 9.11, 48.07, 124.42, 8
3110, 2706, 9.18, 48.32, 125.98, 9
3113, 2708, 9.27, 48.53, 124.57, 10
3131, 2718, 8.76, 40.83, 121.86, 1
3127, 2722, 8.79, 43.68, 129.03, 2
3124, 2721, 9.06, 46.15, 129.18, 3
3111, 2707, 9.07, 47.08, 124.79, 4
3128, 2722, 9.18, 47.59, 126.31, 5
3126, 2723, 9.25, 48.26, 125.12, 6
3129, 2718, 9.25, 48.46, 125.31, 7
3123, 2721, 9.39, 48.85, 124.15, 8
3124, 2717, 9.35, 49.16, 125.49, 9
3121, 2712, 9.49, 49.42, 124.63, 10
3106, 2703, 9.10, 41.28, 122.19, 1
3104, 2716, 9.22, 44.01, 129.58, 2
3100, 2700, 9.32, 46.21, 129.58, 3
3107, 2700, 9.43, 47.09, 124.79, 4
3108, 2702, 9.46, 47.88, 126.71, 5
3104, 2696, 9.52, 48.27, 124.57, 6
3102, 2699, 9.48, 48.72, 124.57, 7
3102, 2696, 9.68, 48.92, 125.03, 8
3116, 2709, 9.69, 49.16, 125.12, 9
3098, 2700, 9.68, 49.32, 125.18, 10
3082, 2675, 10.34, 41.50, 122.19, 1
3098, 2689, 10.47, 43.82, 129.55, 2
3095, 2694, 10.61, 45.40, 129.33, 3
3090, 2692, 10.79, 45.92, 126.16, 4
3088, 2696, 10.78, 46.41, 125.70, 5
3092, 2688, 10.85, 46.64, 124.79, 6
3074, 2673, 10.95, 46.78, 124.79, 7
3073, 2673, 10.99, 46.92, 125.15, 8
3087, 2690, 11.10, 47.17, 125.55, 9
3073, 2672, 11.17, 47.18, 125.98, 10
3006, 2613, 13.57, 41.24, 121.58, 1
3019, 2613, 13.60, 42.47, 128.81, 2
3020, 2628, 13.73, 42.95, 126.71, 3
3005, 2620, 13.84, 42.95, 125.55, 4
3020, 2612, 13.93, 42.89, 124.79, 5
3001, 2605, 14.08, 42.90, 125.18, 6
3001, 2609, 14.24, 42.88, 125.18, 7
3019, 2625, 14.15, 42.85, 125.12, 8
3017, 2621, 14.31, 42.79, 124.27, 9
3010, 2620, 14.46, 42.89, 124.27, 10
2951, 2566, 16.57, 40.52, 121.28, 1
2955, 2571, 16.75, 39.97, 129.52, 2
2953, 2549, 16.76, 39.33, 127.01, 3
2936, 2549, 16.89, 38.91, 127.59, 4
2929, 2548, 16.99, 38.62, 125.70, 5
2950, 2562, 17.06, 38.38, 124.63, 6
2930, 2549, 17.12, 38.22, 124.88, 7
2930, 2549, 17.26, 38.08, 124.88, 8
2928, 2545, 17.25, 37.82, 125.18, 9
2927, 2562, 17.33, 37.63, 125.18, 10
2878, 2507, 18.86, 39.18, 120.88, 1
2883, 2505, 18.95, 37.65, 129.97, 2
2893, 2522, 19.21, 36.63, 128.91, 3
2898, 2520, 19.18, 36.10, 128.20, 4
2898, 2517, 19.28, 35.93, 125.70, 5
2879, 2503, 19.41, 35.59, 124.79, 6
2892, 2516, 19.51, 35.34, 124.94, 7
2878, 2498, 19.59, 35.28, 125.18, 8
2875, 2500, 19.62, 35.03, 125.15, 9
2886, 2508, 19.68, 34.65, 125.18, 10
2817, 2446, 21.69, 38.03, 120.42, 1
2835, 2461, 21.80, 34.57, 128.08, 2
2818, 2456, 21.93, 33.39, 128.45, 3
2829, 2450, 22.06, 32.94, 127.35, 4
2828, 2462, 22.24, 32.58, 125.49, 5
2825, 2453, 22.23, 32.06, 125.49, 6
2811, 2444, 22.39, 31.60, 124.94, 7
2822, 2455, 22.35, 31.13, 124.88, 8
2806, 2441, 22.47, 30.79, 124.88, 9
2811, 2454, 22.53, 30.44, 125.70, 10
2768, 2411, 23.74, 36.71, 120.79, 1
2781, 2425, 23.86, 32.48, 128.42, 2
2768, 2423, 24.01, 30.32, 129.03, 3
2769, 2418, 24.04, 29.17, 126.56, 4
2782, 2419, 24.17, 28.46, 125.40, 5
2767, 2409, 24.25, 28.32, 125.40, 6
2781, 2408, 24.36, 27.73, 124.63, 7
2764, 2407, 24.42, 27.02, 124.63, 8
2779, 2416, 24.51, 26.69, 124.88, 9
2757, 2418, 24.49, 26.60, 124.88, 10
2756, 2399, 24.85, 35.18, 120.33, 1
2754, 2387, 24.83, 30.19, 129.55, 2
2742, 2407, 25.07, 28.50, 129.12, 3
2738, 2383, 25.07, 27.44, 126.74, 4
2761, 2397, 25.26, 26.45, 125.40, 5
2755, 2395, 25.31, 25.85, 124.79, 6
2740, 2379, 25.36, 25.20, 124.91, 7
2756, 2395, 25.37, 24.72, 124.69, 8
2753, 2379, 25.55, 24.47, 125.55, 9
2735, 2399, 25.51, 24.25, 124.91, 10
2759, 2400, 24.42, 33.76, 121.03, 1
2749, 2399, 24.47, 28.44, 128.08, 2
2758, 2391, 24.58, 26.52, 127.96, 3
2752, 2403, 24.80, 26.50, 127.01, 4
2750, 2397, 24.78, 26.28, 125.98, 5
2754, 2406, 24.85, 25.88, 125.55, 6
2746, 2385, 24.87, 25.24, 124.69, 7
2746, 2404, 24.96, 24.82, 125.70, 8
2745, 2404, 24.91, 24.98, 124.91, 9
2761, 2403, 24.94, 24.90, 124.91, 10
2756, 2403, 24.49, 33.20, 121.40, 1
2747, 2392, 24.61, 28.64, 128.33, 2
2764, 2401, 24.83, 26.94, 128.27, 3
2746, 2390, 24.80, 26.19, 127.59, 4
2747, 2386, 24.91, 25.61, 125.82, 5
2761, 2388, 25.05, 25.41, 125.03, 6
2761, 2396, 24.96, 25.23, 124.91, 7
2744, 2399, 25.09, 25.44, 125.03, 8
2758, 2401, 25.20, 24.80, 125.12, 9
2758, 2397, 25.02, 23.91, 125.03, 10
2766, 2406, 23.63, 32.54, 121.22, 1
2763, 2419, 23.69, 28.54, 129.82, 2
2780, 2409, 23.87, 27.43, 129.97, 3
2785, 2418, 23.94, 27.28, 127.62, 4
2766, 2403, 23.99, 26.82, 125.85, 5
2769, 2418, 24.00, 26.49, 125.85, 6
2769, 2418, 24.08, 25.55, 125.31, 7
2768, 2416, 24.17, 25.04, 125.31, 8
2782, 2416, 24.20, 24.77, 125.55, 9
2765, 2411, 24.30, 24.87, 123.96, 10
2781, 2432, 22.90, 32.30, 122.04, 1
2781, 2416, 22.99, 27.72, 129.39, 2
2788, 2435, 23.12, 26.40, 129.58, 3
2783, 2436, 23.11, 25.44, 126.83, 4
2792, 2432, 23.25, 24.90, 125.73, 5
2800, 2420, 23.30, 24.97, 124.08, 6
2784, 2438, 23.38, 24.34, 124.18, 7
2800, 2433, 23.36, 24.27, 124.18, 8
2782, 2416, 23.38, 23.82, 124.88, 9
2800, 2411, 23.38, 23.70, 126.65, 10
2820, 2454, 22.01, 31.50, 122.19, 1
2824, 2456, 22.05, 27.34, 129.94, 2
2819, 2459, 22.08, 26.28, 127.90, 3
2809, 2436, 22.26, 25.81, 126.80, 4
2809, 2456, 22.28, 25.10, 125.49, 5
2808, 2434, 22.30, 24.33, 125.98, 6
2807, 2441, 22.39, 24.24, 124.24, 7
2805, 2453, 22.38, 23.73, 123.84, 8
2822, 2449, 22.47, 23.93, 124.05, 9
2804, 2437, 22.47, 23.60, 124.15, 10
2841, 2468, 21.17, 31.30, 121.61, 1
2844, 2453, 21.26, 27.29, 129.33, 2
2842, 2470, 21.33, 26.06, 127.32, 3
2828, 2468, 21.44, 26.09, 126.07, 4
2844, 2467, 21.57, 25.23, 126.46, 5
2840, 2475, 21.53, 24.81, 125.85, 6
2842, 2467, 21.64, 24.65, 126.53, 7
2829, 2454, 21.60, 24.63, 124.39, 8
2823, 2473, 21.68, 24.09, 123.78, 9
2840, 2464, 21.72, 23.92, 123.87, 10
2852, 2477, 20.75, 31.16, 121.49, 1
2836, 2462, 20.80, 27.29, 129.33, 2
2841, 2476, 20.92, 25.66, 126.80, 3
2856, 2479, 21.05, 25.13, 126.16, 4
2839, 2476, 21.07, 24.87, 124.94, 5
2851, 2464, 21.06, 24.75, 125.49, 6
2850, 2466, 21.14, 24.41, 125.70, 7
2852, 2466, 21.22, 24.28, 126.01, 8
2835, 2477, 21.17, 24.09, 126.16, 9
2847, 2484, 21.24, 23.93, 126.46, 10
2857, 2482, 19.96, 30.72, 121.86, 1
2871, 2496, 20.00, 28.20, 129.55, 2
2874, 2494, 20.14, 26.84, 126.53, 3
2870, 2494, 20.24, 26.14, 125.40, 4
2870, 2490, 20.27, 25.80, 125.55, 5
2867, 2496, 20.38, 25.83, 124.88, 6
2856, 2494, 20.44, 25.64, 124.88, 7
2857, 2481, 20.48, 25.27, 125.31, 8
2866, 2481, 20.55, 24.88, 123.23, 9
2869, 2491, 20.58, 24.81, 125.70, 10
2872, 2499, 19.93, 30.72, 121.86, 1
2872, 2495, 20.04, 27.58, 129.55, 2
2858, 2506, 20.16, 26.46, 128.08, 3
2861, 2482, 20.14, 26.05, 127.75, 4
2873, 2495, 20.34, 25.82, 125.73, 5
2856, 2490, 20.38, 25.55, 125.12, 6
2874, 2479, 20.51, 25.41, 125.15, 7
2855, 2481, 20.48, 25.19, 125.31, 8
2855, 2480, 20.52, 25.27, 125.70, 9
2867, 2486, 20.59, 25.18, 126.16, 10
2871, 2493, 19.94, 30.71, 121.86, 1
2855, 2481, 19.96, 28.24, 129.55, 2
2854, 2491, 20.11, 27.61, 128.20, 3
2858, 2476, 20.18, 27.21, 127.44, 4
2857, 2484, 20.27, 26.99, 125.85, 5
2874, 2495, 20.35, 26.77, 124.79, 6
2871, 2483, 20.39, 26.78, 125.15, 7
2870, 2478, 20.35, 26.47, 125.15, 8
2870, 2494, 20.52, 26.50, 125.31, 9
2868, 2496, 20.45, 25.95, 123.23, 10
2865, 2490, 19.26, 30.99, 122.01, 1
2885, 2492, 19.38, 30.41, 128.91, 2
2884, 2503, 19.55, 29.98, 127.75, 3
2885, 2509, 19.59, 29.98, 127.44, 4
2869, 2491, 19.62, 30.08, 125.24, 5
2869, 2493, 19.73, 29.92, 125.70, 6
2880, 2506, 19.66, 29.88, 124.57, 7
2883, 2507, 19.79, 29.87, 125.95, 8
2886, 2505, 19.77, 29.65, 124.91, 9
2883, 2504, 19.87, 29.31, 124.79, 10
2906, 2516, 18.71, 31.33, 121.70, 1
2904, 2517, 18.71, 31.86, 128.20, 2
2897, 2522, 18.76, 31.88, 125.70, 3
2904, 2520, 18.95, 31.60, 126.89, 4
2899, 2505, 18.98, 31.52, 125.03, 5
2888, 2506, 19.05, 31.67, 125.55, 6
2896, 2516, 19.10, 31.63, 125.55, 7
2881, 2516, 19.18, 31.73, 124.73, 8
2899, 2518, 19.13, 31.44, 124.48, 9
2899, 2513, 19.19, 31.31, 124.73, 10
2914, 2532, 17.99, 31.81, 121.61, 1
2916, 2517, 17.97, 33.00, 129.76, 2
2898, 2516, 18.16, 33.37, 127.08, 3
2916, 2537, 18.24, 33.37, 127.08, 4
2901, 2517, 18.26, 33.05, 124.18, 5
2902, 2533, 18.32, 33.12, 124.73, 6
2902, 2518, 18.32, 33.06, 124.88, 7
2896, 2518, 18.45, 33.29, 124.94, 8
2898, 2515, 18.53, 33.33, 125.24, 9
2911, 2530, 18.46, 33.17, 124.08, 10
2933, 2556, 17.20, 32.41, 121.58, 1
2914, 2533, 17.22, 33.51, 129.82, 2
2921, 2553, 17.39, 33.87, 126.89, 3
2932, 2546, 17.44, 34.07, 127.14, 4
2919, 2530, 17.57, 34.17, 125.15, 5
2933, 2543, 17.57, 34.39, 124.94, 6
2929, 2542, 17.70, 34.58, 124.48, 7
2918, 2538, 17.81, 34.64, 124.94, 8
2933, 2532, 17.63, 34.56, 125.03, 9
2927, 2529, 17.74, 34.64, 125.15, 10
2935, 2544, 16.63, 32.84, 121.86, 1
2949, 2569, 16.58, 34.73, 128.75, 2
2945, 2546, 16.75, 35.40, 126.80, 3
2931, 2558, 16.79, 35.65, 126.80, 4
2944, 2558, 16.89, 35.85, 125.70, 5
2936, 2547, 17.01, 35.89, 124.48, 6
2950, 2563, 17.09, 35.97, 124.94, 7
2930, 2563, 17.12, 35.98, 125.31, 8
2946, 2563, 17.08, 35.92, 125.31, 9
2947, 2546, 17.09, 35.90, 125.40, 10
2961, 2577, 15.95, 33.26, 122.16, 1
2961, 2573, 15.99, 35.48, 129.82, 2
2961, 2577, 16.07, 36.42, 125.85, 3
2947, 2563, 16.17, 36.48, 126.56, 4
2965, 2562, 16.34, 36.72, 124.63, 5
2962, 2576, 16.41, 36.83, 125.24, 6
2961, 2574, 16.41, 36.86, 125.40, 7
2946, 2558, 16.39, 37.08, 124.42, 8
2960, 2575, 16.47, 37.05, 124.18, 9
2940, 2559, 16.50, 37.02, 125.82, 10
2978, 2589, 15.31, 33.88, 122.10, 1
2961, 2574, 15.38, 36.08, 129.76, 2
2975, 2587, 15.51, 36.88, 126.74, 3
2961, 2590, 15.59, 37.31, 126.22, 4
2960, 2572, 15.55, 37.55, 124.18, 5
2976, 2586, 15.65, 37.85, 124.42, 6
2975, 2585, 15.76, 38.10, 124.79, 7
2977, 2572, 15.86, 38.18, 124.94, 8
2977, 2588, 15.82, 38.29, 125.03, 9
2962, 2574, 15.85, 38.27, 125.31, 10
2992, 2604, 14.78, 34.32, 121.49, 1
2976, 2591, 14.83, 37.09, 129.76, 2
2992, 2599, 14.87, 38.38, 127.66, 3
2977, 2588, 15.00, 38.89, 126.95, 4
2991, 2600, 15.10, 39.15, 126.04, 5
2985, 2602, 15.13, 39.47, 124.27, 6
2975, 2588, 15.13, 39.66, 123.81, 7
2978, 2601, 15.15, 39.97, 123.87, 8
2973, 2597, 15.21, 40.15, 126.89, 9
2983, 2601, 15.27, 40.33, 124.42, 10
2986, 2597, 14.25, 35.11, 121.40, 1
2999, 2598, 14.35, 38.50, 129.76, 2
2986, 2598, 14.49, 40.03, 127.44, 3
2987, 2613, 14.59, 40.53, 126.95, 4
2983, 2598, 14.58, 41.04, 125.70, 5
2987, 2595, 14.68, 41.19, 126.46, 6
3001, 2608, 14.66, 41.76, 126.71, 7
2999, 2596, 14.73, 41.74, 124.27, 8
2997, 2608, 14.79, 41.91, 126.80, 9
2981, 2594, 14.80, 41.97, 124.45, 10
3014, 2621, 13.80, 35.67, 122.31, 1
3001, 2620, 13.98, 39.45, 129.82, 2
2992, 2606, 14.15, 41.53, 126.37, 3
3007, 2613, 14.20, 42.36, 125.31, 4
3010, 2619, 14.24, 42.94, 125.70, 5
2991, 2628, 14.29, 43.06, 123.69, 6
2991, 2619, 14.27, 43.56, 123.84, 7
2988, 2615, 14.45, 43.72, 123.90, 8
3010, 2619, 14.38, 43.95, 123.84, 9
3005, 2616, 14.49, 44.16, 124.05, 10
3003, 2609, 13.66, 36.44, 122.01, 1
3003, 2625, 13.81, 40.53, 128.51, 2
3014, 2623, 13.81, 42.76, 129.82, 3
3011, 2609, 14.01, 43.61, 126.16, 4
2997, 2606, 13.97, 44.21, 126.71, 5
2992, 2628, 14.01, 44.74, 123.50, 6
3012, 2622, 14.10, 45.15, 125.85, 7
3009, 2618, 14.15, 45.43, 126.80, 8
2994, 2606, 14.14, 45.80, 124.27, 9
2991, 2604, 14.34, 45.94, 124.57, 10
3006, 2613, 13.50, 37.34, 121.70, 1
2999, 2614, 13.64, 41.74, 128.91, 2
2999, 2621, 13.72, 43.88, 126.56, 3
3012, 2621, 13.84, 45.19, 127.14, 4
3015, 2608, 13.93, 45.81, 125.85, 5
3000, 2609, 13.94, 46.47, 126.28, 6
3011, 2609, 14.05, 46.87, 124.05, 7
2995, 2608, 14.04, 47.21, 123.81, 8
3009, 2621, 14.13, 47.45, 123.69, 9
3011, 2627, 14.08, 47.60, 126.28, 10
3025, 2628, 13.52, 38.16, 121.83, 1
3013, 2611, 13.60, 42.54, 128.91, 2
3001, 2616, 13.66, 45.14, 127.32, 3
3018, 2625, 13.72, 46.31, 126.89, 4
3002, 2607, 13.80, 47.05, 125.73, 5
3001, 2622, 13.81, 47.60, 126.46, 6
3015, 2625, 13.93, 47.97, 126.80, 7
2998, 2605, 14.01, 48.43, 124.45, 8
2995, 2613, 14.05, 48.76, 126.71, 9
3011, 2609, 14.01, 48.89, 124.02, 10
3022, 2630, 13.30, 38.88, 121.83, 1
3003, 2614, 13.39, 43.12, 129.52, 2
3010, 2626, 13.66, 45.78, 126.28, 3
3015, 2624, 13.66, 46.86, 126.53, 4
3019, 2631, 13.72, 47.37, 125.40, 5
3013, 2628, 13.81, 47.90, 123.60, 6
3013, 2628, 13.74, 48.37, 126.16, 7
3002, 2628, 13.91, 48.76, 124.15, 8
3011, 2611, 13.91, 49.04, 123.81, 9
3017, 2629, 13.97, 49.40, 123.81, 10
3023, 2631, 13.34, 39.54, 121.61, 1
3023, 2617, 13.35, 43.47, 129.33, 2
3003, 2627, 13.49, 45.80, 126.16, 3
3019, 2633, 13.60, 46.65, 126.53, 4
3017, 2625, 13.66, 47.40, 125.18, 5
3002, 2615, 13.70, 47.80, 125.98, 6
3002, 2630, 13.77, 48.22, 126.37, 7
3011, 2627, 13.85, 48.43, 124.15, 8
3000, 2610, 13.85, 48.64, 123.81, 9
3003, 2608, 13.87, 48.80, 124.15, 10
3021, 2630, 13.30, 39.84, 121.61, 1
3022, 2633, 13.46, 43.17, 128.91, 2
3005, 2616, 13.52, 44.96, 127.32, 3
3007, 2616, 13.69, 45.56, 126.53, 4
3023, 2629, 13.77, 46.00, 125.70, 5
3005, 2610, 13.77, 46.21, 126.37, 6
3015, 2624, 13.77, 46.43, 124.15, 7
3010, 2614, 13.90, 46.80, 123.81, 8
3018, 2626, 13.90, 46.94, 123.81, 9
3014, 2626, 13.97, 46.98, 123.90, 10
3014, 2623, 13.02, 39.90, 121.46, 1
3013, 2620, 13.09, 42.82, 129.58, 2
3010, 2621, 13.36, 44.16, 129.76, 3
3026, 2634, 13.39, 44.87, 126.89, 4
3024, 2634, 13.43, 45.24, 124.79, 5
3028, 2629, 13.50, 45.47, 125.40, 6
3009, 2618, 13.52, 45.62, 123.35, 7
3025, 2633, 13.52, 45.71, 125.85, 8
3024, 2632, 13.62, 45.75, 126.37, 9
3002, 2614, 13.69, 45.91, 126.46, 10
3029, 2629, 12.73, 39.69, 121.37, 1
3019, 2641, 12.81, 42.94, 129.27, 2
3020, 2623, 12.88, 44.67, 126.53, 3
3024, 2628, 12.95, 45.42, 127.01, 4
3018, 2633, 12.97, 45.94, 126.07, 5
3034, 2641, 13.07, 46.26, 125.18, 6
3034, 2644, 13.19, 46.60, 125.31, 7
3017, 2638, 13.14, 46.71, 123.23, 8
3017, 2627, 13.18, 46.81, 125.70, 9
3033, 2640, 13.28, 47.13, 125.95, 10
3052, 2652, 12.23, 39.97, 121.15, 1
3029, 2637, 12.39, 43.28, 129.33, 2
3027, 2649, 12.49, 45.19, 126.53, 3
3050, 2648, 12.50, 46.05, 126.95, 4
3045, 2655, 12.67, 46.66, 125.82, 5
3028, 2636, 12.63, 47.35, 125.40, 6
3028, 2634, 12.67, 47.76, 125.12, 7
3026, 2649, 12.74, 48.00, 122.77, 8
3046, 2628, 12.76, 48.13, 125.24, 9
3045, 2648, 12.78, 48.17, 123.17, 10
3043, 2646, 11.89, 40.33, 122.56, 1
3052, 2658, 12.05, 43.78, 129.76, 2
3051, 2647, 12.05, 46.16, 129.97, 3
3037, 2643, 12.12, 47.29, 126.16, 4
3040, 2647, 12.28, 47.79, 126.28, 5
3042, 2642, 12.36, 48.22, 125.70, 6
3042, 2646, 12.33, 48.57, 124.73, 7
3048, 2655, 12.41, 48.84, 124.57, 8
3053, 2657, 12.46, 49.03, 124.94, 9
3052, 2662, 12.49, 49.25, 125.12, 10
3070, 2664, 11.58, 40.92, 122.16, 1
3048, 2653, 11.72, 44.34, 129.61, 2
3062, 2663, 11.75, 46.79, 129.76, 3
3042, 2663, 11.86, 47.63, 125.49, 4
3044, 2645, 11.91, 48.40, 125.98, 5
3062, 2654, 11.99, 48.94, 125.40, 6
3044, 2651, 12.01, 49.34, 124.39, 7
3058, 2661, 11.99, 49.66, 124.42, 8
3056, 2661, 12.22, 49.94, 124.69, 9
3041, 2648, 12.13, 50.30, 124.73, 10
3060, 2649, 11.33, 41.25, 121.83, 1
3055, 2657, 11.38, 44.90, 129.55, 2
3052, 2655, 11.54, 47.56, 129.58, 3
3066, 2670, 11.61, 48.77, 125.15, 4
3050, 2653, 11.72, 49.41, 125.82, 5
3050, 2653, 11.77, 49.97, 126.07, 6
3061, 2663, 11.88, 50.44, 125.24, 7
3048, 2669, 11.88, 50.80, 125.24, 8
3046, 2667, 11.91, 51.10, 124.42, 9
3046, 2649, 11.91, 51.21, 124.42, 10
3060, 2666, 11.16, 41.85, 121.92, 1
3071, 2676, 11.24, 45.36, 129.39, 2
3064, 2657, 11.38, 47.90, 129.03, 3
3066, 2675, 11.57, 49.06, 125.15, 4
3054, 2661, 11.57, 49.73, 125.70, 5
3053, 2657, 11.64, 50.29, 126.01, 6
3056, 2668, 11.67, 50.66, 125.24, 7
3072, 2655, 11.68, 51.05, 125.24, 8
3066, 2670, 11.71, 51.31, 124.08, 9
3047, 2666, 11.80, 51.44, 125.40, 10
3060, 2655, 11.17, 42.20, 121.86, 1
3062, 2665, 11.24, 45.82, 129.33, 2
3059, 2657, 11.19, 48.64, 129.03, 3
3062, 2658, 11.38, 49.80, 125.12, 4
3068, 2675, 11.35, 50.55, 125.70, 5
3071, 2676, 11.44, 51.04, 124.88, 6
3055, 2658, 11.47, 51.40, 125.15, 7
3052, 2661, 11.58, 51.84, 125.18, 8
3067, 2673, 11.55, 52.16, 124.05, 9
3064, 2672, 11.61, 52.36, 125.49, 10
3063, 2666, 11.10, 42.55, 121.77, 1
3075, 2677, 11.03, 46.21, 129.21, 2
3056, 2662, 11.10, 49.14, 128.91, 3
3056, 2668, 11.29, 50.34, 125.15, 4
3055, 2662, 11.40, 51.07, 125.70, 5
3072, 2677, 11.47, 51.74, 124.88, 6
3070, 2672, 11.47, 52.27, 124.88, 7
3067, 2675, 11.47, 52.63, 125.24, 8
3056, 2660, 11.55, 52.95, 125.31, 9
3051, 2670, 11.63, 53.14, 125.70, 10
3074, 2677, 11.05, 43.16, 121.83, 1
3054, 2663, 11.20, 46.71, 129.43, 2
3071, 2674, 11.26, 49.43, 129.61, 3
3055, 2677, 11.35, 50.50, 125.24, 4
3053, 2653, 11.44, 51.42, 125.82, 5
3057, 2664, 11.41, 51.86, 124.94, 6
3047, 2659, 11.60, 52.34, 125.24, 7
3055, 2659, 11.55, 52.69, 125.40, 8
3067, 2657, 11.68, 52.82, 124.39, 9
3049, 2663, 11.63, 52.99, 124.39, 10
3063, 2663, 11.10, 43.39, 121.61, 1
3053, 2662, 11.12, 46.99, 129.55, 2
3053, 2660, 11.26, 49.74, 129.03, 3
3072, 2663, 11.29, 50.85, 125.24, 4
3054, 2673, 11.47, 51.62, 125.82, 5
3069, 2675, 11.51, 52.10, 124.94, 6
3068, 2669, 11.47, 52.49, 125.18, 7
3066, 2673, 11.63, 52.95, 125.18, 8
3049, 2653, 11.61, 53.28, 125.49, 9
3068, 2670, 11.64, 53.41, 124.57, 10
3075, 2680, 10.98, 43.75, 121.67, 1
3073, 2661, 11.02, 47.27, 129.55, 2
3059, 2665, 11.14, 50.10, 129.03, 3
3073, 2680, 11.27, 51.22, 125.18, 4
3072, 2676, 11.24, 51.96, 125.98, 5
3074, 2675, 11.37, 52.54, 124.94, 6
3059, 2666, 11.44, 53.18, 125.18, 7
3065, 2675, 11.41, 53.33, 125.24, 8
3067, 2659, 11.48, 53.81, 125.70, 9
3068, 2672, 11.53, 54.02, 124.57, 10
3072, 2668, 10.61, 44.09, 121.61, 1
3063, 2667, 10.82, 47.71, 129.39, 2
3066, 2680, 10.96, 50.70, 129.21, 3
3060, 2680, 10.99, 51.91, 125.31, 4
3073, 2681, 10.99, 52.62, 125.49, 5
3059, 2683, 11.13, 53.37, 124.63, 6
3075, 2674, 11.16, 53.88, 125.18, 7
3058, 2667, 11.07, 54.23, 125.49, 8
3072, 2679, 11.22, 54.57, 125.49, 9
3057, 2678, 11.27, 54.88, 124.57, 10
3075, 2668, 10.64, 44.56, 121.46, 1
3081, 2689, 10.55, 48.22, 128.39, 2
3078, 2688, 10.86, 51.27, 129.00, 3
3080, 2685, 10.83, 52.41, 125.15, 4
3062, 2672, 10.92, 53.35, 125.70, 5
3079, 2687, 10.96, 53.95, 124.88, 6
3061, 2665, 11.03, 54.49, 125.31, 7
3058, 2669, 11.05, 54.94, 125.31, 8
3057, 2664, 11.22, 55.28, 125.31, 9
3059, 2664, 11.17, 55.64, 124.27, 10
3073, 2680, 11.10, 44.84, 121.70, 1
3068, 2686, 11.17, 48.66, 129.00, 2
3068, 2682, 11.30, 51.58, 129.97, 3
3053, 2662, 11.47, 52.77, 125.49, 4
3052, 2661, 11.63, 53.54, 126.01, 5
3065, 2671, 11.60, 54.13, 125.40, 6
3063, 2671, 11.65, 54.58, 125.49, 7
3060, 2673, 11.65, 54.99, 125.73, 8
3044, 2658, 11.71, 55.36, 124.63, 9
3064, 2674, 11.72, 55.65, 124.42, 10
3049, 2655, 12.18, 45.21, 122.34, 1
3047, 2654, 12.28, 48.51, 129.39, 2
3025, 2641, 12.44, 50.88, 128.27, 3
3026, 2640, 12.47, 51.71, 125.95, 4
3046, 2651, 12.60, 52.26, 125.85, 5
3027, 2637, 12.60, 52.79, 125.49, 6
3029, 2637, 12.66, 53.01, 125.31, 7
3024, 2636, 12.64, 53.31, 126.07, 8
3038, 2650, 12.74, 53.54, 123.47, 9
3039, 2644, 12.88, 53.78, 125.85, 10
3016, 2624, 13.01, 45.15, 122.16, 1
3025, 2621, 13.07, 48.15, 129.76, 2
3020, 2641, 13.23, 50.40, 126.56, 3
3010, 2621, 13.26, 51.15, 126.31, 4
3023, 2634, 13.38, 51.65, 125.03, 5
3024, 2634, 13.45, 52.05, 125.70, 6
3006, 2634, 13.60, 52.38, 123.50, 7
3005, 2624, 13.63, 52.59, 125.85, 8
3019, 2635, 13.66, 52.81, 126.53, 9
3001, 2613, 13.66, 52.88, 124.42, 10
2975, 2596, 14.70, 44.61, 120.79, 1
2991, 2608, 14.87, 47.55, 129.52, 2
2990, 2594, 14.89, 48.96, 127.47, 3
2992, 2606, 15.09, 49.59, 126.95, 4
2985, 2603, 15.13, 50.10, 126.04, 5
2978, 2603, 15.30, 50.36, 124.69, 6
2973, 2588, 15.38, 50.51, 124.63, 7
2984, 2587, 15.48, 50.59, 124.42, 8
2965, 2606, 15.54, 50.65, 124.79, 9
2964, 2581, 15.57, 50.63, 126.95, 10
2874, 2484, 20.17, 43.94, 122.77, 1
2872, 2503, 20.32, 44.23, 128.08, 2
2854, 2488, 20.44, 43.64, 128.39, 3
2859, 2501, 20.62, 42.82, 126.95, 4
2852, 2477, 20.79, 41.90, 125.55, 5
2868, 2478, 20.89, 41.80, 124.24, 6
2863, 2477, 20.97, 41.44, 124.57, 7
2845, 2481, 21.06, 41.27, 124.42, 8
2858, 2489, 21.19, 41.10, 126.01, 9
2844, 2476, 21.24, 40.79, 124.42, 10
2749, 2391, 25.61, 42.07, 120.79, 1
2730, 2392, 25.68, 36.38, 125.85, 2
2731, 2376, 25.82, 35.04, 127.44, 3
2745, 2391, 25.91, 34.71, 125.85, 4
2729, 2389, 25.95, 34.11, 125.73, 5
2725, 2388, 26.16, 33.41, 124.88, 6
2727, 2391, 26.22, 32.90, 124.94, 7
2742, 2374, 26.33, 32.77, 124.94, 8
2741, 2382, 26.48, 32.54, 124.94, 9
2732, 2386, 26.57, 31.99, 125.12, 10
2657, 2318, 29.35, 39.65, 121.34, 1
2641, 2303, 29.45, 31.47, 128.72, 2
2644, 2316, 29.62, 29.53, 127.75, 3
2660, 2316, 29.76, 28.74, 125.82, 4
2636, 2294, 29.95, 27.85, 125.18, 5
2639, 2297, 29.89, 27.20, 125.40, 6
2650, 2308, 29.89, 26.75, 125.49, 7
2638, 2309, 30.12, 26.21, 125.49, 8
2650, 2301, 30.19, 25.20, 124.79, 9
2652, 2310, 30.28, 24.66, 124.69, 10
2632, 2293, 30.13, 36.82, 121.61, 1
2618, 2284, 30.26, 28.04, 127.59, 2
2616, 2299, 30.27, 25.90, 127.78, 3
2635, 2295, 30.43, 24.67, 125.73, 4
2619, 2294, 30.55, 23.86, 125.31, 5
2624, 2280, 30.61, 22.95, 125.31, 6
2617, 2282, 30.67, 22.76, 125.49, 7
2620, 2295, 30.70, 23.47, 124.63, 8
2620, 2276, 30.73, 23.53, 124.88, 9
2634, 2293, 30.82, 23.02, 125.03, 10
2643, 2305, 29.65, 34.57, 121.15, 1
2635, 2286, 29.80, 26.32, 129.79, 2
2649, 2288, 29.85, 24.43, 128.08, 3
2646, 2286, 29.95, 23.45, 126.16, 4
2636, 2290, 29.92, 23.13, 125.70, 5
2650, 2306, 30.07, 22.84, 124.94, 6
2646, 2289, 30.06, 22.46, 124.94, 7
2652, 2290, 30.07, 21.92, 125.12, 8
2644, 2291, 30.20, 21.46, 125.12, 9
2643, 2289, 30.24, 21.56, 125.15, 10
2683, 2321, 27.97, 33.02, 121.46, 1
2682, 2338, 28.04, 25.89, 128.27, 2
2686, 2322, 28.28, 24.66, 128.81, 3
2686, 2336, 28.32, 23.79, 126.53, 4
2681, 2337, 28.26, 22.72, 124.57, 5
2685, 2339, 28.46, 22.41, 125.03, 6
2670, 2335, 28.48, 21.89, 125.12, 7
2682, 2337, 28.51, 22.08, 125.12, 8
2683, 2335, 28.58, 22.19, 125.15, 9
2681, 2336, 28.51, 21.74, 125.31, 10
2724, 2361, 26.06, 32.18, 121.49, 1
2716, 2377, 26.06, 26.03, 128.81, 2
2725, 2362, 26.15, 25.24, 129.33, 3
2731, 2360, 26.13, 24.89, 127.78, 4
2719, 2373, 26.23, 24.08, 125.70, 5
2738, 2377, 26.30, 24.09, 125.12, 6
2711, 2363, 26.32, 23.52, 125.18, 7
2715, 2372, 26.37, 23.08, 125.12, 8
2727, 2378, 26.42, 22.62, 124.79, 9
2733, 2380, 26.48, 22.23, 125.55, 10
2772, 2406, 23.55, 31.38, 121.70, 1
2770, 2426, 23.76, 26.39, 129.58, 2
2769, 2411, 23.74, 25.02, 129.18, 3
2767, 2407, 23.84, 24.15, 125.98, 4
2773, 2410, 23.87, 23.62, 125.98, 5
2770, 2407, 23.97, 23.05, 125.40, 6
2768, 2405, 23.94, 22.86, 125.55, 7
2773, 2410, 23.93, 22.60, 125.85, 8
2768, 2406, 24.00, 22.52, 123.38, 9
2784, 2413, 24.03, 22.13, 125.73, 10
2824, 2439, 22.29, 30.87, 121.34, 1
2818, 2454, 22.29, 27.66, 129.76, 2
2824, 2437, 22.32, 26.38, 127.01, 3
2821, 2443, 22.46, 25.83, 126.01, 4
2804, 2452, 22.60, 25.49, 126.04, 5
2821, 2461, 22.68, 25.96, 125.55, 6
2802, 2454, 22.70, 25.01, 123.32, 7
2802, 2439, 22.68, 24.30, 125.70, 8
2821, 2452, 22.80, 23.78, 123.69, 9
2815, 2438, 22.71, 23.29, 123.60, 10
2824, 2456, 21.53, 30.75, 121.58, 1
2837, 2470, 21.54, 28.27, 129.61, 2
2840, 2476, 21.77, 27.45, 126.71, 3
2825, 2463, 21.68, 27.26, 126.04, 4
2825, 2456, 21.82, 26.69, 125.98, 5
2840, 2471, 21.87, 25.97, 125.49, 6
2824, 2454, 21.88, 25.51, 123.35, 7
2822, 2461, 21.92, 25.46, 125.70, 8
2837, 2469, 22.09, 25.44, 126.28, 9
2819, 2469, 21.99, 25.03, 126.28, 10
2850, 2482, 21.06, 30.97, 121.37, 1
2848, 2466, 21.07, 28.37, 128.91, 2
2846, 2484, 21.19, 26.88, 125.98, 3
2847, 2478, 21.26, 26.60, 127.44, 4
2836, 2461, 21.30, 26.75, 125.70, 5
2834, 2462, 21.40, 26.46, 125.12, 6
2840, 2476, 21.33, 26.77, 125.03, 7
2837, 2462, 21.53, 26.44, 125.24, 8
2830, 2477, 21.47, 25.76, 125.24, 9
2850, 2476, 21.53, 25.35, 122.83, 10
2840, 2472, 20.71, 31.17, 122.10, 1
2840, 2467, 20.76, 28.17, 128.91, 2
2841, 2486, 20.87, 27.02, 128.27, 3
2844, 2475, 20.92, 26.48, 125.70, 4
2845, 2470, 20.93, 26.10, 125.70, 5
2854, 2484, 21.06, 25.78, 124.94, 6
2844, 2473, 21.10, 25.69, 125.15, 7
2858, 2480, 21.11, 25.33, 125.24, 8
2856, 2484, 21.19, 25.03, 125.49, 9
2857, 2485, 21.14, 24.64, 126.16, 10
2866, 2494, 20.31, 30.95, 122.01, 1
2851, 2475, 20.44, 28.20, 129.03, 2
2870, 2480, 20.45, 27.10, 127.96, 3
2854, 2483, 20.55, 26.74, 127.87, 4
2866, 2496, 20.74, 26.39, 125.82, 5
2862, 2480, 20.72, 26.11, 124.94, 6
2866, 2493, 20.83, 26.19, 126.16, 7
2863, 2491, 20.82, 26.11, 124.94, 8
2859, 2493, 20.78, 25.65, 125.03, 9
2864, 2489, 20.96, 25.57, 125.03, 10
2866, 2493, 20.28, 31.04, 121.58, 1
2855, 2481, 20.27, 29.11, 128.66, 2
2852, 2496, 20.42, 28.39, 127.87, 3
2855, 2479, 20.59, 28.20, 127.75, 4
2868, 2481, 20.54, 27.73, 125.70, 5
2869, 2494, 20.67, 27.46, 124.79, 6
2851, 2481, 20.62, 27.45, 124.88, 7
2867, 2493, 20.67, 26.79, 124.94, 8
2848, 2475, 20.83, 26.07, 125.12, 9
2863, 2493, 20.86, 26.30, 125.24, 10
2866, 2505, 19.61, 31.16, 121.86, 1
2881, 2507, 19.89, 28.44, 129.94, 2
2871, 2491, 19.86, 27.54, 128.27, 3
2868, 2492, 20.01, 27.33, 127.35, 4
2864, 2491, 19.87, 27.23, 125.49, 5
2862, 2502, 20.03, 27.11, 125.49, 6
2865, 2485, 20.21, 27.07, 124.42, 7
2886, 2504, 20.10, 26.82, 124.42, 8
2879, 2507, 20.20, 26.61, 124.42, 9
2860, 2508, 20.25, 26.26, 126.04, 10
2883, 2495, 19.62, 31.01, 121.77, 1
2880, 2513, 19.63, 28.60, 128.72, 2
2870, 2495, 19.76, 27.82, 127.62, 3
2869, 2491, 19.86, 27.54, 127.08, 4
2869, 2494, 19.96, 27.61, 125.12, 5
2867, 2493, 20.00, 27.11, 125.49, 6
2883, 2509, 20.06, 26.90, 125.85, 7
2881, 2489, 20.17, 26.77, 125.03, 8
2883, 2492, 20.11, 27.26, 124.69, 9
2868, 2490, 20.21, 26.83, 124.88, 10
2870, 2494, 19.45, 31.27, 121.98, 1
2869, 2516, 19.61, 28.49, 129.76, 2
2874, 2513, 19.66, 26.99, 128.08, 3
2869, 2493, 19.80, 26.33, 127.35, 4
2888, 2506, 19.91, 25.80, 126.37, 5
2886, 2507, 20.03, 25.62, 125.55, 6
2869, 2494, 19.99, 25.24, 124.79, 7
2884, 2503, 20.00, 25.10, 124.63, 8
2881, 2506, 20.09, 24.86, 125.03, 9
2886, 2508, 20.11, 24.61, 125.18, 10
2890, 2495, 19.21, 30.80, 121.58, 1
2893, 2519, 19.39, 27.89, 129.97, 2
2874, 2499, 19.49, 26.70, 127.35, 3
2893, 2513, 19.51, 26.12, 126.31, 4
2876, 2498, 19.61, 25.94, 124.27, 5
2893, 2510, 19.66, 26.09, 125.40, 6
2879, 2497, 19.77, 25.50, 125.49, 7
2890, 2501, 19.83, 25.14, 124.42, 8
2874, 2503, 19.76, 24.84, 124.39, 9
2891, 2513, 19.82, 24.51, 124.45, 10
2883, 2528, 18.95, 30.75, 121.58, 1
2884, 2508, 19.03, 28.44, 129.76, 2
2899, 2520, 19.19, 27.55, 127.44, 3
2898, 2520, 19.26, 26.80, 126.31, 4
2899, 2523, 19.28, 26.64, 124.42, 5
2890, 2503, 19.36, 26.43, 124.91, 6
2889, 2502, 19.38, 26.18, 125.40, 7
2899, 2518, 19.39, 25.90, 124.27, 8
2894, 2516, 19.46, 25.75, 124.42, 9
2881, 2504, 19.49, 25.69, 125.55, 10
2905, 2526, 18.53, 30.71, 121.70, 1
2891, 2511, 18.62, 28.08, 127.96, 2
2910, 2531, 18.76, 26.96, 125.49, 3
2910, 2530, 18.80, 26.57, 128.08, 4
2908, 2530, 18.82, 26.11, 124.79, 5
2910, 2511, 18.90, 25.75, 124.94, 6
2915, 2515, 18.90, 25.55, 125.24, 7
2909, 2529, 19.08, 25.41, 125.40, 8
2906, 2511, 19.10, 25.15, 125.70, 9
2890, 2511, 19.05, 24.85, 125.70, 10
2921, 2539, 18.04, 30.51, 121.83, 1
2902, 2543, 18.02, 27.91, 129.76, 2
2920, 2539, 18.16, 26.74, 126.89, 3
2905, 2526, 18.36, 26.30, 127.32, 4
2923, 2535, 18.32, 25.97, 124.18, 5
2907, 2543, 18.46, 25.59, 124.79, 6
2919, 2529, 18.36, 25.42, 125.40, 7
2924, 2540, 18.37, 25.48, 125.24, 8
2904, 2540, 18.45, 25.25, 125.24, 9
2904, 2522, 18.46, 25.05, 124.48, 10
2931, 2552, 17.37, 30.26, 121.77, 1
2919, 2559, 17.47, 28.22, 128.91, 2
2935, 2558, 17.59, 27.18, 124.88, 3
2934, 2555, 17.64, 26.85, 127.75, 4
2918, 2538, 17.73, 26.43, 123.96, 5
2936, 2537, 17.84, 26.42, 124.63, 6
2920, 2535, 17.84, 26.22, 124.63, 7
2919, 2535, 17.84, 25.93, 125.03, 8
2919, 2537, 17.89, 25.72, 125.03, 9
2916, 2539, 17.92, 25.50, 125.03, 10
2933, 2556, 16.76, 30.31, 122.19, 1
2952, 2546, 16.81, 29.10, 128.27, 2
2937, 2566, 16.92, 28.50, 129.73, 3
2949, 2568, 16.96, 28.47, 126.16, 4
2935, 2547, 17.09, 27.88, 124.08, 5
2933, 2570, 17.15, 27.50, 124.79, 6
2950, 2560, 17.23, 27.06, 125.12, 7
2952, 2567, 17.19, 26.72, 125.18, 8
2946, 2564, 17.25, 26.51, 125.18, 9
2931, 2567, 17.30, 26.38, 125.18, 10
2949, 2562, 16.05, 30.28, 121.83, 1
2947, 2569, 16.10, 29.66, 129.76, 2
2964, 2582, 16.26, 28.73, 127.47, 3
2968, 2578, 16.30, 28.30, 125.82, 4
2952, 2565, 16.41, 28.23, 123.78, 5
2951, 2568, 16.44, 28.16, 125.24, 6
2967, 2584, 16.54, 27.94, 124.48, 7
2962, 2565, 16.57, 27.67, 124.48, 8
2961, 2577, 16.55, 27.40, 124.48, 9
2964, 2577, 16.70, 27.46, 124.91, 10
2984, 2598, 15.37, 30.38, 121.83, 1
2969, 2598, 15.48, 29.81, 129.52, 2
2984, 2593, 15.64, 29.55, 129.94, 3
2984, 2574, 15.70, 29.34, 126.01, 4
2983, 2580, 15.70, 29.52, 124.42, 5
2965, 2582, 15.82, 29.11, 125.31, 6
2981, 2594, 15.73, 29.10, 125.31, 7
2983, 2594, 15.90, 29.29, 125.31, 8
2983, 2580, 15.89, 28.95, 125.40, 9
2980, 2590, 15.90, 28.72, 125.70, 10
2998, 2604, 14.75, 30.68, 122.10, 1
2997, 2607, 14.91, 30.31, 129.18, 2
2986, 2596, 15.00, 30.13, 126.56, 3
2982, 2593, 15.04, 29.81, 126.04, 4
2998, 2598, 15.10, 29.72, 126.04, 5
2980, 2591, 15.14, 29.53, 124.63, 6
2997, 2604, 15.21, 29.50, 124.39, 7
2983, 2588, 15.37, 29.56, 124.63, 8
2981, 2588, 15.28, 29.27, 125.12, 9
2980, 2596, 15.37, 29.25, 125.12, 10
2996, 2602, 14.32, 30.89, 121.92, 1
2993, 2600, 14.45, 30.89, 129.76, 2
2991, 2598, 14.45, 30.64, 126.31, 3
2993, 2597, 14.68, 30.51, 126.89, 4
2990, 2600, 14.70, 30.73, 125.98, 5
3006, 2617, 14.75, 30.57, 123.90, 6
3007, 2622, 14.86, 30.40, 126.89, 7
2989, 2615, 14.73, 30.46, 124.57, 8
3006, 2614, 14.94, 30.39, 124.63, 9
3001, 2614, 14.82, 30.73, 124.08, 10
3021, 2629, 13.66, 31.18, 122.16, 1
3001, 2614, 13.90, 31.82, 129.94, 2
3023, 2630, 13.98, 32.02, 126.37, 3
3022, 2629, 14.05, 31.53, 126.95, 4
3022, 2627, 14.17, 31.23, 126.04, 5
3009, 2610, 14.20, 31.07, 126.95, 6
3004, 2617, 14.20, 30.72, 124.57, 7
3019, 2624, 14.24, 30.78, 124.79, 8
3004, 2612, 14.35, 30.62, 127.01, 9
3018, 2625, 14.31, 30.64, 125.03, 10
3018, 2625, 13.26, 31.41, 121.98, 1
3034, 2638, 13.41, 31.52, 129.76, 2
3022, 2621, 13.47, 31.45, 129.61, 3
3033, 2640, 13.55, 31.16, 126.37, 4
3036, 2635, 13.72, 31.01, 125.55, 5
3019, 2619, 13.56, 31.07, 123.90, 6
3016, 2625, 13.67, 30.94, 123.90, 7
3019, 2624, 13.73, 30.75, 123.90, 8
3015, 2620, 13.73, 30.77, 124.02, 9
3034, 2631, 13.78, 30.72, 127.14, 10
3047, 2649, 12.74, 31.40, 121.58, 1
3043, 2632, 12.90, 31.78, 129.18, 2
3029, 2635, 12.99, 31.76, 129.61, 3
3033, 2633, 13.01, 31.55, 126.16, 4
3036, 2630, 13.09, 31.42, 126.31, 5
3032, 2647, 13.16, 31.36, 125.70, 6
3046, 2640, 13.18, 31.38, 126.04, 7
3041, 2635, 13.25, 31.38, 126.31, 8
3031, 2633, 13.35, 31.36, 126.53, 9
3044, 2644, 13.32, 31.20, 124.15, 10
3061, 2659, 12.26, 31.61, 122.34, 1
3059, 2653, 12.44, 32.09, 129.33, 2
3042, 2661, 12.39, 32.19, 129.79, 3
3045, 2643, 12.56, 32.15, 125.85, 4
3063, 2655, 12.59, 32.36, 125.95, 5
3047, 2650, 12.73, 32.09, 125.31, 6
3058, 2655, 12.76, 31.92, 125.49, 7
3063, 2643, 12.78, 31.80, 125.82, 8
3038, 2641, 12.77, 31.72, 123.47, 9
3040, 2642, 12.84, 31.70, 125.82, 10
3053, 2655, 11.99, 31.88, 122.19, 1
3072, 2671, 12.08, 32.27, 129.03, 2
3045, 2666, 12.12, 32.20, 129.61, 3
3065, 2666, 12.22, 32.27, 126.95, 4
3072, 2661, 12.41, 32.20, 124.91, 5
3047, 2653, 12.40, 32.00, 125.24, 6
3047, 2652, 12.41, 32.02, 125.31, 7
3064, 2664, 12.53, 32.03, 123.35, 8
3052, 2645, 12.47, 31.97, 125.70, 9
3051, 2646, 12.57, 31.96, 123.38, 10
3071, 2668, 11.84, 31.91, 129.03, 1
3071, 2667, 11.91, 32.37, 124.27, 2
3052, 2670, 11.95, 32.49, 125.12, 3
3057, 2669, 12.05, 32.82, 124.79, 4
3072, 2673, 12.12, 32.86, 125.18, 5
3070, 2667, 12.19, 33.03, 125.55, 6
3056, 2653, 12.23, 32.91, 124.88, 7
3073, 2669, 12.23, 32.89, 124.94, 8
3074, 2651, 12.26, 32.92, 124.94, 9
3072, 2653, 12.26, 32.77, 125.18, 10
3067, 2663, 11.48, 32.14, 128.81, 1
3068, 2665, 11.47, 32.86, 124.73, 2
3067, 2665, 11.53, 33.41, 125.98, 3
3086, 2675, 11.58, 33.55, 125.49, 4
3071, 2674, 11.81, 33.45, 124.73, 5
