2833, 2845, 24.52, 35.22, 122.34, 1
2829, 2845, 24.66, 27.82, 127.75, 2
2831, 2842, 24.81, 25.96, 128.27, 3
2824, 2842, 24.93, 27.28, 126.46, 4
2828, 2842, 25.15, 25.41, 126.07, 5
2824, 2840, 25.15, 24.50, 125.15, 6
2818, 2832, 25.31, 23.85, 125.73, 7
2822, 2836, 25.39, 23.55, 125.58, 8
2817, 2834, 25.46, 23.52, 125.52, 9
2819, 2834, 25.48, 23.31, 125.95, 10
2856, 2869, 23.11, 33.76, 120.42, 1
2859, 2871, 23.31, 25.05, 127.75, 2
2863, 2873, 23.51, 23.95, 127.44, 3
2856, 2867, 23.54, 23.42, 126.95, 4
2856, 2866, 23.61, 22.83, 124.82, 5
2857, 2866, 23.68, 22.97, 125.58, 6
2853, 2865, 23.75, 22.88, 125.55, 7
2850, 2863, 23.86, 22.35, 125.58, 8
2850, 2861, 23.89, 22.21, 124.82, 9
2850, 2861, 23.91, 22.82, 125.24, 10
2880, 2887, 22.18, 32.72, 122.92, 1
2885, 2889, 22.46, 24.36, 128.78, 2
2878, 2886, 22.52, 23.63, 128.63, 3
2878, 2892, 22.62, 23.51, 126.37, 4
2878, 2883, 22.69, 22.89, 125.49, 5
2875, 2882, 22.69, 22.43, 125.67, 6
2874, 2885, 22.82, 21.95, 125.24, 7
2875, 2883, 22.85, 21.72, 125.15, 8
2872, 2881, 22.89, 21.64, 125.34, 9
2872, 2883, 23.02, 21.50, 125.24, 10
2889, 2895, 22.03, 31.88, 120.73, 1
2888, 2892, 22.21, 23.15, 127.99, 2
2887, 2894, 22.28, 22.63, 128.66, 3
2888, 2897, 22.48, 22.08, 126.43, 4
2887, 2894, 22.54, 21.56, 126.37, 5
2885, 2893, 22.59, 21.32, 125.67, 6
2880, 2888, 22.73, 21.01, 126.46, 7
2884, 2887, 22.79, 20.72, 124.63, 8
2874, 2893, 22.86, 20.73, 125.49, 9
2877, 2884, 22.92, 20.56, 124.15, 10
2859, 2870, 23.16, 31.44, 121.80, 1
2861, 2874, 23.31, 23.22, 128.27, 2
2859, 2874, 23.38, 22.16, 126.71, 3
2855, 2872, 23.54, 21.47, 126.71, 4
2856, 2866, 23.54, 20.83, 124.91, 5
2859, 2871, 23.68, 20.61, 126.13, 6
2853, 2870, 23.81, 20.26, 124.82, 7
2855, 2864, 23.76, 20.00, 125.58, 8
2850, 2857, 23.88, 19.71, 125.49, 9
2849, 2860, 23.92, 19.32, 124.63, 10
2844, 2850, 23.99, 31.11, 121.25, 1
2841, 2854, 24.16, 21.93, 126.98, 2
2844, 2853, 24.29, 21.25, 127.75, 3
2838, 2855, 24.40, 20.49, 126.98, 4
2836, 2847, 24.39, 20.40, 125.34, 5
2842, 2849, 24.49, 20.17, 125.15, 6
2835, 2849, 24.62, 19.23, 126.10, 7
2833, 2845, 24.67, 19.05, 125.12, 8
2832, 2845, 24.87, 18.99, 125.58, 9
2837, 2841, 24.84, 18.95, 125.15, 10
2806, 2823, 25.52, 30.80, 126.71, 1
2805, 2822, 25.61, 20.51, 127.99, 2
2808, 2818, 25.84, 19.54, 127.14, 3
2803, 2820, 25.94, 18.87, 125.85, 4
2804, 2813, 26.05, 18.55, 126.28, 5
2799, 2815, 26.16, 18.24, 125.09, 6
2801, 2816, 26.21, 17.93, 125.15, 7
2796, 2813, 26.23, 18.31, 126.28, 8
2793, 2811, 26.38, 17.54, 125.12, 9
2793, 2812, 26.45, 18.23, 125.67, 10
2762, 2789, 27.30, 30.48, 123.69, 1
2765, 2777, 27.50, 19.79, 127.14, 2
2764, 2782, 27.61, 18.43, 128.08, 3
2764, 2776, 27.67, 17.79, 125.24, 4
2762, 2778, 27.75, 17.52, 125.55, 5
2761, 2777, 27.80, 17.06, 124.85, 6
2755, 2781, 27.97, 16.72, 126.31, 7
2760, 2771, 27.97, 16.47, 125.09, 8
2753, 2774, 28.11, 16.42, 125.43, 9
2754, 2768, 28.15, 16.42, 126.01, 10
2761, 2780, 27.30, 29.75, 121.89, 1
2763, 2774, 27.61, 19.89, 126.95, 2
2761, 2779, 27.65, 18.00, 127.26, 3
2761, 2782, 27.85, 17.27, 126.59, 4
2758, 2774, 27.89, 16.91, 124.57, 5
2756, 2774, 28.07, 16.31, 125.67, 6
2756, 2776, 28.09, 16.43, 124.85, 7
2750, 2770, 28.19, 16.24, 125.21, 8
2751, 2770, 28.23, 16.36, 124.42, 9
2749, 2765, 28.39, 16.10, 125.79, 10
2775, 2791, 26.42, 29.35, 123.41, 1
2781, 2793, 26.48, 19.86, 128.17, 2
2781, 2792, 26.56, 19.27, 127.35, 3
2778, 2795, 26.63, 18.55, 125.09, 4
2775, 2792, 26.67, 18.03, 126.95, 5
2780, 2794, 26.68, 17.81, 125.79, 6
2778, 2790, 26.77, 17.50, 125.09, 7
2774, 2786, 26.83, 17.37, 126.01, 8
2775, 2792, 26.72, 17.24, 125.34, 9
2771, 2788, 26.81, 17.23, 123.96, 10
2865, 2865, 23.03, 28.53, 121.37, 1
2865, 2868, 23.06, 21.60, 128.66, 2
2857, 2873, 23.31, 21.01, 127.87, 3
2863, 2869, 23.33, 20.50, 126.46, 4
2863, 2867, 23.37, 20.53, 125.12, 5
2865, 2863, 23.47, 20.51, 126.07, 6
2857, 2869, 23.50, 19.82, 125.09, 7
2855, 2867, 23.51, 19.83, 125.52, 8
2857, 2863, 23.58, 19.66, 125.24, 9
2847, 2867, 23.74, 19.65, 125.95, 10
2900, 2904, 21.47, 28.66, 120.94, 1
2900, 2908, 21.67, 23.63, 127.56, 2
2899, 2905, 21.72, 22.84, 127.66, 3
2899, 2906, 21.83, 22.04, 126.07, 4
2898, 2906, 21.88, 22.10, 125.67, 5
2893, 2905, 22.03, 22.15, 124.91, 6
2891, 2902, 22.03, 22.37, 126.01, 7
2894, 2902, 22.14, 22.84, 124.51, 8
2891, 2896, 22.11, 22.19, 125.49, 9
2894, 2895, 22.19, 21.87, 125.09, 10
2922, 2921, 20.61, 28.80, 120.12, 1
2920, 2927, 20.88, 24.21, 129.39, 2
2922, 2924, 20.94, 23.73, 128.54, 3
2922, 2927, 21.01, 23.71, 126.74, 4
2921, 2925, 21.08, 23.97, 124.91, 5
2920, 2919, 21.18, 23.23, 125.64, 6
2915, 2918, 21.26, 23.00, 125.34, 7
2912, 2918, 21.32, 22.69, 124.63, 8
2909, 2917, 21.32, 22.40, 125.40, 9
2908, 2920, 21.43, 22.70, 125.49, 10
2932, 2935, 20.16, 28.91, 120.73, 1
2928, 2936, 20.47, 22.48, 129.06, 2
2929, 2935, 20.54, 22.20, 126.77, 3
2930, 2931, 20.67, 21.77, 125.79, 4
2928, 2931, 20.66, 21.58, 126.86, 5
2930, 2925, 20.79, 21.33, 124.91, 6
2924, 2929, 20.88, 21.38, 125.92, 7
2921, 2924, 20.95, 21.45, 124.63, 8
2918, 2924, 20.98, 21.14, 125.09, 9
2920, 2924, 21.13, 20.87, 125.95, 10
2939, 2949, 19.72, 28.43, 121.09, 1
2941, 2947, 20.03, 23.68, 126.98, 2
2935, 2946, 20.16, 22.85, 126.43, 3
2941, 2942, 20.27, 22.46, 127.11, 4
2937, 2939, 20.34, 22.25, 125.79, 5
2937, 2941, 20.36, 21.95, 125.55, 6
2936, 2938, 20.48, 21.89, 125.09, 7
2931, 2942, 20.54, 22.02, 124.36, 8
2932, 2935, 20.58, 21.82, 126.65, 9
2928, 2932, 20.63, 21.90, 125.34, 10
2945, 2944, 19.48, 28.64, 120.73, 1
2945, 2942, 19.83, 24.18, 126.65, 2
2941, 2949, 20.02, 23.78, 126.98, 3
2947, 2941, 19.96, 23.33, 126.37, 4
2945, 2944, 20.15, 22.98, 125.09, 5
2936, 2944, 20.23, 23.03, 126.10, 6
2941, 2941, 20.24, 22.80, 125.21, 7
2939, 2938, 20.40, 22.38, 124.76, 8
2934, 2941, 20.30, 22.34, 125.12, 9
2934, 2933, 20.43, 22.36, 125.55, 10
2951, 2958, 19.20, 28.95, 120.42, 1
2953, 2957, 19.52, 24.11, 128.66, 2
2952, 2952, 19.62, 23.71, 127.53, 3
2950, 2958, 19.71, 23.45, 126.74, 4
2951, 2953, 19.72, 23.26, 125.34, 5
2949, 2950, 19.83, 23.05, 126.01, 6
2947, 2954, 19.95, 23.15, 125.49, 7
2944, 2948, 19.99, 23.32, 126.31, 8
2942, 2944, 19.96, 22.71, 125.00, 9
2943, 2942, 20.03, 22.86, 124.91, 10
2967, 2963, 18.67, 28.58, 120.54, 1
2966, 2965, 18.97, 23.70, 129.94, 2
2965, 2962, 19.09, 23.47, 127.53, 3
2966, 2959, 19.25, 23.14, 127.35, 4
2966, 2962, 19.28, 22.76, 126.37, 5
2959, 2961, 19.39, 22.68, 125.21, 6
2962, 2959, 19.41, 22.25, 124.73, 7
2956, 2957, 19.52, 22.36, 125.43, 8
2954, 2953, 19.51, 22.06, 125.00, 9
2952, 2959, 19.54, 22.04, 126.22, 10
2978, 2976, 18.13, 28.54, 120.94, 1
2973, 2978, 18.56, 23.37, 129.21, 2
2975, 2975, 18.55, 22.98, 127.44, 3
2976, 2975, 18.63, 22.81, 127.29, 4
2971, 2974, 18.76, 22.94, 125.92, 5
2969, 2975, 18.93, 22.76, 125.12, 6
2969, 2972, 18.97, 22.69, 126.31, 7
2968, 2971, 19.00, 22.48, 125.52, 8
2965, 2969, 19.13, 22.31, 125.21, 9
2964, 2967, 19.10, 22.25, 125.43, 10
2990, 2990, 17.74, 28.32, 120.54, 1
2986, 2986, 18.02, 24.17, 128.94, 2
2990, 2986, 18.05, 23.76, 127.66, 3
2991, 2986, 18.18, 23.53, 126.98, 4
2984, 2988, 18.33, 23.52, 124.57, 5
2984, 2984, 18.36, 23.39, 126.46, 6
2983, 2981, 18.50, 23.20, 125.55, 7
2979, 2981, 18.41, 22.99, 126.01, 8
2979, 2978, 18.55, 23.11, 126.10, 9
2977, 2979, 18.58, 22.97, 124.85, 10
3004, 3006, 17.09, 28.27, 120.85, 1
3001, 2995, 17.32, 26.02, 129.21, 2
3000, 3001, 17.60, 24.79, 127.56, 3
2999, 3000, 17.66, 24.64, 127.26, 4
2996, 2995, 17.84, 24.64, 126.77, 5
3000, 2996, 17.74, 24.30, 124.57, 6
2993, 3000, 17.90, 24.19, 125.52, 7
2997, 2994, 17.95, 24.09, 125.92, 8
2990, 2989, 18.00, 24.04, 124.42, 9
2990, 2991, 18.00, 23.84, 125.34, 10
3013, 3006, 16.75, 28.38, 126.83, 1
3002, 3004, 17.53, 25.26, 127.96, 2
3001, 3003, 17.66, 25.37, 125.40, 3
2995, 2997, 17.76, 25.18, 126.46, 4
2998, 2995, 17.90, 25.22, 125.00, 5
2997, 2994, 18.00, 25.31, 125.21, 6
2998, 2991, 17.90, 25.10, 125.21, 7
2991, 2991, 18.00, 25.22, 124.36, 8
2994, 2993, 17.92, 25.04, 125.00, 9
2991, 2989, 18.07, 24.60, 125.09, 10
3024, 3022, 16.37, 28.50, 123.69, 1
3026, 3018, 16.55, 27.50, 129.15, 2
3024, 3020, 16.88, 26.86, 127.50, 3
3024, 3016, 16.96, 26.76, 127.59, 4
3017, 3016, 16.99, 26.47, 126.13, 5
3019, 3015, 17.06, 26.42, 125.49, 6
3012, 3014, 17.13, 26.01, 126.46, 7
3018, 3012, 17.09, 25.94, 124.27, 8
3013, 3012, 17.27, 26.00, 125.52, 9
3011, 3006, 17.25, 25.64, 125.73, 10
3040, 3030, 15.79, 28.84, 120.97, 1
3039, 3033, 15.96, 27.66, 128.94, 2
