2712, 2463, 20.55, 46.28, 132.66, 1
2729, 2484, 20.75, 43.41, 128.30, 2
2731, 2478, 20.79, 40.75, 129.88, 3
2729, 2479, 20.96, 38.85, 130.43, 4
2710, 2465, 21.00, 37.41, 128.51, 5
2708, 2457, 21.10, 36.34, 130.28, 6
2705, 2479, 21.07, 35.42, 130.49, 7
2730, 2478, 21.20, 34.54, 129.15, 8
2730, 2481, 21.23, 33.83, 129.21, 9
2723, 2478, 21.27, 33.22, 129.70, 10
2771, 2514, 18.25, 43.39, 134.06, 1
2750, 2500, 18.34, 40.54, 131.26, 2
2751, 2502, 18.41, 37.79, 130.77, 3
2750, 2520, 18.57, 36.22, 131.81, 4
2768, 2520, 18.52, 35.03, 129.15, 5
2773, 2509, 18.66, 34.61, 129.88, 6
2770, 2520, 18.59, 33.75, 130.19, 7
2772, 2521, 18.65, 32.97, 130.19, 8
2758, 2501, 18.72, 32.30, 130.19, 9
2749, 2519, 18.76, 31.73, 130.25, 10
2806, 2543, 15.78, 41.35, 134.74, 1
2804, 2545, 15.86, 40.49, 132.90, 2
2827, 2563, 15.92, 39.29, 129.70, 3
2803, 2545, 16.06, 38.81, 129.12, 4
2803, 2551, 16.08, 37.64, 130.77, 5
2822, 2566, 16.20, 36.54, 130.62, 6
2802, 2568, 16.25, 35.68, 130.74, 7
2807, 2547, 16.29, 34.83, 131.59, 8
2824, 2555, 16.32, 34.25, 129.61, 9
2803, 2547, 16.29, 33.97, 129.39, 10
2839, 2579, 15.20, 40.74, 127.44, 1
2847, 2586, 15.29, 39.11, 134.06, 2
2842, 2580, 15.35, 37.53, 134.25, 3
2819, 2562, 15.58, 36.81, 132.17, 4
2841, 2580, 15.58, 36.57, 130.55, 5
2838, 2579, 15.74, 36.04, 130.83, 6
2818, 2563, 15.69, 35.60, 130.28, 7
2818, 2559, 15.85, 35.14, 128.39, 8
2841, 2584, 15.81, 35.24, 130.65, 9
2838, 2576, 15.89, 34.93, 128.42, 10
2850, 2569, 14.94, 40.62, 126.22, 1
2854, 2586, 14.97, 39.07, 133.73, 2
2829, 2565, 15.14, 37.74, 134.03, 3
2846, 2586, 15.19, 36.93, 132.66, 4
2829, 2571, 15.31, 36.51, 130.62, 5
2853, 2569, 15.40, 35.98, 131.01, 6
2826, 2567, 15.37, 35.28, 130.28, 7
2849, 2587, 15.47, 34.68, 130.19, 8
2853, 2584, 15.61, 34.36, 128.05, 9
2824, 2582, 15.53, 33.95, 130.28, 10
2867, 2596, 14.08, 40.18, 134.64, 1
2841, 2577, 14.12, 39.10, 131.87, 2
2845, 2580, 14.33, 37.42, 130.28, 3
2844, 2580, 14.35, 36.41, 129.43, 4
2846, 2585, 14.33, 35.66, 129.43, 5
2842, 2582, 14.36, 35.16, 130.13, 6
2861, 2597, 14.43, 34.73, 130.49, 7
2869, 2578, 14.45, 34.30, 129.88, 8
2862, 2597, 14.58, 34.16, 129.88, 9
2846, 2585, 14.48, 33.82, 130.28, 10
2877, 2616, 12.51, 39.60, 130.77, 1
2875, 2611, 12.55, 38.49, 134.64, 2
2874, 2614, 12.64, 37.04, 134.34, 3
2897, 2627, 12.82, 36.26, 132.54, 4
2880, 2613, 12.98, 35.91, 129.67, 5
2900, 2636, 12.94, 35.18, 129.67, 6
2900, 2613, 13.01, 34.80, 129.49, 7
2897, 2634, 13.15, 34.43, 130.49, 8
2896, 2629, 13.08, 34.13, 129.88, 9
2896, 2630, 13.13, 33.93, 131.01, 10
2921, 2645, 11.73, 39.40, 130.49, 1
2896, 2629, 11.76, 37.95, 134.89, 2
2899, 2634, 11.99, 35.98, 134.77, 3
2897, 2629, 12.09, 34.87, 131.20, 4
2917, 2645, 12.10, 34.44, 131.20, 5
2893, 2629, 12.21, 33.73, 130.00, 6
2920, 2644, 12.26, 33.24, 129.88, 7
2910, 2632, 12.29, 32.87, 130.16, 8
2900, 2628, 12.39, 32.63, 130.16, 9
2894, 2624, 12.34, 32.57, 130.04, 10
2912, 2642, 11.00, 38.89, 130.04, 1
2910, 2642, 11.21, 37.32, 134.77, 2
2930, 2659, 11.30, 35.66, 130.62, 3
2934, 2658, 11.45, 34.59, 131.04, 4
2913, 2635, 11.43, 33.98, 130.16, 5
2912, 2640, 11.52, 33.41, 130.77, 6
2909, 2645, 11.64, 33.03, 128.39, 7
2930, 2656, 11.65, 32.97, 130.83, 8
2930, 2660, 11.66, 32.53, 131.53, 9
2910, 2640, 11.68, 32.16, 129.49, 10
2917, 2649, 11.06, 38.62, 129.49, 1
2940, 2667, 11.10, 37.29, 134.74, 2
2937, 2664, 11.17, 35.90, 130.62, 3
2938, 2662, 11.34, 35.37, 131.04, 4
2914, 2645, 11.39, 34.97, 130.16, 5
2938, 2663, 11.43, 34.58, 130.77, 6
2918, 2644, 11.62, 34.17, 128.45, 7
2913, 2642, 11.61, 33.81, 130.83, 8
2915, 2644, 11.65, 33.64, 131.47, 9
2910, 2643, 11.76, 33.35, 129.15, 10
2907, 2644, 11.06, 38.51, 128.85, 1
2933, 2661, 11.18, 37.43, 134.28, 2
2913, 2641, 11.28, 35.94, 133.51, 3
2919, 2646, 11.55, 35.07, 130.62, 4
2917, 2645, 11.45, 34.68, 130.04, 5
2911, 2640, 11.62, 34.44, 130.77, 6
2907, 2642, 11.59, 34.25, 128.45, 7
2930, 2660, 11.69, 33.84, 130.55, 8
2932, 2659, 11.69, 33.69, 128.45, 9
2910, 2643, 11.73, 33.52, 130.49, 10
2936, 2671, 10.67, 38.54, 128.57, 1
2918, 2656, 10.71, 37.29, 134.06, 2
2924, 2651, 10.87, 35.94, 133.61, 3
2944, 2668, 10.94, 35.14, 130.49, 4
2941, 2670, 11.08, 34.67, 131.10, 5
2941, 2668, 11.14, 34.16, 130.49, 6
2944, 2674, 11.11, 33.84, 128.39, 7
2924, 2652, 11.17, 33.46, 130.49, 8
2920, 2649, 11.27, 33.10, 130.83, 9
2918, 2648, 11.20, 32.95, 130.04, 10
2938, 2668, 9.82, 38.13, 126.59, 1
2964, 2684, 9.82, 37.39, 133.30, 2
2961, 2686, 9.99, 36.31, 133.64, 3
2943, 2665, 10.16, 35.58, 131.74, 4
2943, 2687, 10.16, 35.19, 130.49, 5
2954, 2687, 10.19, 34.80, 130.49, 6
2965, 2690, 10.26, 34.36, 129.49, 7
2941, 2667, 10.31, 34.29, 130.77, 8
2944, 2668, 10.40, 34.13, 129.67, 9
2940, 2668, 10.36, 33.92, 130.49, 10
2979, 2705, 8.92, 38.23, 125.27, 1
2967, 2686, 9.09, 37.50, 133.51, 2
2958, 2690, 9.09, 36.49, 131.74, 3
2980, 2703, 9.26, 36.13, 132.08, 4
2960, 2684, 9.31, 35.75, 130.83, 5
2959, 2684, 9.30, 35.42, 130.13, 6
2958, 2688, 9.47, 35.20, 130.28, 7
2958, 2680, 9.43, 34.94, 130.19, 8
2957, 2679, 9.55, 34.66, 130.19, 9
2977, 2702, 9.50, 34.65, 129.88, 10
2995, 2713, 8.20, 38.29, 125.43, 1
2983, 2699, 8.26, 37.81, 132.81, 2
2986, 2716, 8.47, 37.23, 131.53, 3
2996, 2717, 8.44, 36.84, 131.04, 4
2972, 2700, 8.58, 36.90, 130.62, 5
3002, 2718, 8.64, 36.91, 129.49, 6
2995, 2715, 8.55, 36.87, 129.49, 7
2999, 2717, 8.68, 36.72, 129.49, 8
2980, 2699, 8.79, 36.48, 130.74, 9
2976, 2695, 8.90, 36.45, 129.79, 10
2986, 2711, 7.66, 38.61, 125.12, 1
3011, 2728, 7.76, 38.55, 134.77, 2
2990, 2711, 7.86, 38.31, 131.90, 3
2988, 2712, 8.00, 38.39, 131.01, 4
2990, 2709, 8.10, 38.29, 129.79, 5
2987, 2706, 8.10, 37.81, 130.43, 6
3014, 2726, 8.23, 37.42, 130.49, 7
3007, 2731, 8.21, 37.29, 130.62, 8
3010, 2727, 8.23, 37.31, 129.70, 9
3010, 2731, 8.35, 37.01, 129.27, 10
2997, 2720, 7.29, 38.83, 125.79, 1
3019, 2739, 7.38, 38.68, 134.74, 2
3022, 2736, 7.67, 38.31, 131.59, 3
2996, 2714, 7.67, 37.99, 131.87, 4
2996, 2718, 7.73, 37.73, 129.73, 5
2995, 2713, 7.83, 37.61, 130.19, 6
2992, 2716, 7.93, 37.45, 130.49, 7
2993, 2715, 7.93, 37.40, 130.49, 8
2994, 2714, 7.92, 37.30, 130.49, 9
2993, 2714, 8.04, 37.36, 130.62, 10
3027, 2736, 7.01, 39.09, 126.01, 1
3024, 2743, 7.15, 39.00, 134.16, 2
2996, 2721, 7.35, 38.76, 132.75, 3
3020, 2741, 7.42, 38.61, 131.62, 4
2998, 2726, 7.58, 38.59, 129.70, 5
3024, 2741, 7.55, 38.42, 130.28, 6
3024, 2738, 7.59, 38.34, 129.27, 7
2997, 2720, 7.70, 38.26, 130.25, 8
3002, 2718, 7.76, 38.30, 130.62, 9
2998, 2727, 7.86, 38.19, 131.01, 10
3036, 2751, 6.60, 39.38, 125.43, 1
3013, 2734, 6.80, 39.38, 134.37, 2
3035, 2750, 6.90, 39.37, 134.77, 3
3011, 2729, 7.04, 39.39, 132.08, 4
3009, 2729, 7.04, 39.29, 129.03, 5
3013, 2731, 7.11, 39.44, 129.27, 6
3037, 2749, 7.16, 39.44, 132.08, 7
3012, 2730, 7.26, 39.65, 129.88, 8
3007, 2728, 7.24, 39.55, 130.00, 9
3007, 2728, 7.25, 39.62, 129.73, 10
3021, 2737, 6.42, 39.69, 126.10, 1
3018, 2734, 6.47, 40.13, 133.24, 2
3017, 2738, 6.60, 40.55, 134.37, 3
3017, 2738, 6.73, 40.81, 131.74, 4
3018, 2732, 6.90, 41.02, 130.65, 5
3021, 2740, 6.88, 41.28, 129.03, 6
3035, 2747, 6.91, 41.41, 129.12, 7
3017, 2736, 6.97, 41.31, 131.81, 8
3015, 2736, 6.98, 41.42, 129.67, 9
3031, 2747, 6.98, 41.45, 129.88, 10
3031, 2746, 5.92, 40.34, 126.50, 1
3046, 2771, 5.95, 40.73, 133.79, 2
3047, 2760, 6.15, 41.48, 134.58, 3
3047, 2766, 6.28, 41.67, 131.62, 4
3025, 2744, 6.33, 41.82, 130.92, 5
3023, 2739, 6.40, 41.94, 131.81, 6
3047, 2758, 6.47, 42.11, 129.70, 7
3025, 2748, 6.50, 42.33, 129.70, 8
3024, 2743, 6.54, 42.57, 129.73, 9
3026, 2740, 6.60, 42.85, 129.21, 10
3053, 2770, 5.54, 40.92, 127.69, 1
3055, 2772, 5.51, 41.33, 133.39, 2
3055, 2770, 5.88, 42.35, 133.73, 3
3036, 2750, 5.92, 43.05, 130.62, 4
3035, 2750, 5.92, 43.32, 130.19, 5
3058, 2773, 5.98, 43.61, 131.01, 6
3056, 2770, 6.05, 43.86, 129.03, 7
3035, 2746, 6.16, 44.17, 131.26, 8
3050, 2759, 6.18, 44.33, 129.12, 9
3056, 2774, 6.18, 44.46, 128.69, 10
3060, 2771, 5.27, 41.70, 128.30, 1
3061, 2774, 5.54, 42.01, 134.70, 2
3054, 2772, 5.68, 42.84, 131.47, 3
3038, 2755, 5.70, 43.60, 131.53, 4
3054, 2770, 5.82, 43.87, 130.49, 5
3036, 2755, 5.88, 44.22, 128.81, 6
3039, 2752, 5.90, 44.43, 128.81, 7
3059, 2769, 5.88, 44.75, 131.04, 8
3037, 2752, 6.06, 44.90, 129.49, 9
3043, 2758, 6.02, 45.00, 128.91, 10
3063, 2778, 5.24, 42.09, 127.56, 1
3060, 2779, 5.27, 42.63, 134.28, 2
3069, 2778, 5.37, 43.56, 130.77, 3
3063, 2778, 5.53, 44.07, 131.01, 4
3044, 2753, 5.64, 44.52, 130.13, 5
3043, 2756, 5.73, 44.82, 130.83, 6
3068, 2778, 5.75, 45.12, 128.57, 7
3068, 2774, 5.77, 45.43, 128.75, 8
3039, 2756, 5.88, 45.71, 131.20, 9
3040, 2757, 5.90, 45.89, 129.30, 10
3064, 2779, 5.10, 42.64, 128.69, 1
3070, 2782, 5.13, 43.01, 134.28, 2
3050, 2760, 5.30, 43.89, 132.69, 3
3066, 2781, 5.34, 44.56, 131.04, 4
3067, 2781, 5.43, 45.18, 130.77, 5
3071, 2779, 5.55, 45.46, 130.43, 6
3066, 2780, 5.63, 45.57, 130.49, 7
3044, 2761, 5.55, 45.54, 131.10, 8
3049, 2759, 5.65, 45.59, 131.26, 9
3066, 2776, 5.67, 45.56, 129.30, 10
3054, 2768, 4.91, 42.89, 129.00, 1
3072, 2788, 4.91, 43.19, 134.61, 2
3075, 2782, 5.19, 43.86, 132.69, 3
3071, 2782, 5.27, 44.21, 130.77, 4
3074, 2788, 5.27, 44.51, 131.01, 5
3069, 2782, 5.47, 44.81, 130.49, 6
3045, 2763, 5.43, 44.86, 131.10, 7
3051, 2765, 5.53, 44.89, 131.26, 8
3052, 2765, 5.50, 45.00, 131.38, 9
3070, 2780, 5.51, 45.18, 129.21, 10
3075, 2782, 4.76, 43.08, 128.14, 1
3071, 2788, 4.98, 43.34, 133.00, 2
3054, 2765, 5.08, 43.93, 132.26, 3
3049, 2770, 5.15, 44.09, 130.77, 4
3056, 2765, 5.26, 44.33, 131.04, 5
3051, 2766, 5.29, 44.46, 130.62, 6
3051, 2767, 5.37, 44.74, 128.51, 7
3071, 2782, 5.33, 44.83, 130.74, 8
3055, 2758, 5.41, 45.02, 131.26, 9
3072, 2780, 5.58, 45.11, 129.30, 10
3074, 2787, 4.81, 43.05, 128.39, 1
3074, 2789, 4.93, 43.35, 133.82, 2
3048, 2769, 5.08, 43.88, 134.06, 3
3072, 2784, 5.10, 44.28, 132.35, 4
3073, 2782, 5.20, 44.73, 130.13, 5
3050, 2767, 5.20, 45.16, 130.74, 6
3053, 2766, 5.37, 45.64, 128.69, 7
3049, 2763, 5.44, 45.80, 128.75, 8
3050, 2767, 5.39, 46.03, 131.04, 9
3075, 2785, 5.46, 46.04, 129.43, 10
3061, 2773, 4.62, 43.38, 128.45, 1
3055, 2767, 4.75, 43.88, 134.70, 2
3082, 2787, 4.91, 44.56, 132.69, 3
3077, 2791, 4.96, 44.98, 132.69, 4
3054, 2770, 5.12, 45.45, 129.70, 5
3078, 2786, 5.12, 45.49, 130.62, 6
3072, 2789, 5.22, 45.59, 128.75, 7
3058, 2769, 5.15, 45.70, 128.85, 8
3080, 2798, 5.24, 45.79, 128.85, 9
3076, 2788, 5.37, 46.08, 129.00, 10
3064, 2777, 4.34, 43.56, 128.57, 1
3085, 2796, 4.44, 44.16, 133.45, 2
3086, 2790, 4.64, 44.79, 132.20, 3
3080, 2787, 4.79, 45.28, 131.20, 4
3064, 2777, 4.81, 45.70, 130.55, 5
3083, 2789, 4.91, 46.18, 130.74, 6
3081, 2795, 4.91, 46.26, 128.69, 7
3064, 2774, 4.95, 46.46, 128.75, 8
3059, 2774, 5.00, 46.73, 131.01, 9
3077, 2793, 5.08, 47.02, 129.43, 10
3073, 2787, 3.94, 43.89, 128.30, 1
3100, 2800, 4.13, 44.54, 134.06, 2
3092, 2803, 4.24, 45.51, 131.87, 3
3094, 2801, 4.29, 46.00, 129.70, 4
3096, 2808, 4.33, 46.28, 132.26, 5
3093, 2802, 4.38, 46.77, 130.62, 6
3071, 2780, 4.48, 47.21, 131.10, 7
3091, 2799, 4.54, 47.45, 130.62, 8
3070, 2780, 4.60, 47.96, 131.29, 9
3091, 2802, 4.61, 48.24, 131.62, 10
3102, 2806, 3.72, 44.46, 128.39, 1
3105, 2812, 3.69, 44.93, 134.34, 2
3084, 2794, 3.86, 46.14, 134.64, 3
3079, 2788, 3.96, 46.88, 131.26, 4
3093, 2810, 4.04, 47.30, 130.07, 5
3076, 2788, 4.21, 47.54, 130.19, 6
3083, 2794, 4.18, 47.83, 129.03, 7
3082, 2787, 4.31, 48.11, 129.30, 8
3099, 2807, 4.20, 48.29, 130.62, 9
3080, 2787, 4.27, 48.42, 130.25, 10
3085, 2795, 3.49, 44.82, 129.49, 1
3108, 2796, 3.62, 45.56, 134.58, 2
3082, 2793, 3.69, 46.62, 131.44, 3
3084, 2793, 3.92, 47.21, 130.62, 4
3108, 2807, 4.04, 47.74, 129.21, 5
3084, 2794, 4.13, 48.11, 129.00, 6
3103, 2809, 4.10, 48.53, 129.03, 7
3107, 2810, 4.14, 48.64, 128.85, 8
3103, 2813, 4.21, 49.00, 130.43, 9
3100, 2809, 4.18, 49.34, 131.10, 10
3108, 2819, 3.52, 45.37, 129.00, 1
3094, 2820, 3.63, 45.93, 132.78, 2
3085, 2801, 3.66, 46.66, 134.55, 3
3089, 2801, 3.79, 47.17, 130.62, 4
3107, 2816, 3.73, 47.42, 129.27, 5
3106, 2809, 3.86, 47.81, 129.21, 6
3084, 2801, 3.89, 48.12, 131.62, 7
3081, 2803, 4.10, 48.26, 130.13, 8
3110, 2812, 3.96, 48.61, 129.88, 9
3084, 2793, 4.07, 48.84, 130.77, 10
3086, 2800, 3.61, 45.56, 129.70, 1
3083, 2798, 3.66, 45.92, 134.58, 2
3084, 2798, 3.86, 46.76, 134.40, 3
3078, 2799, 3.94, 47.30, 131.87, 4
3084, 2801, 4.06, 47.64, 129.49, 5
3085, 2792, 4.09, 48.12, 130.04, 6
3082, 2798, 4.20, 48.31, 130.07, 7
3102, 2809, 4.16, 48.50, 129.79, 8
3105, 2814, 4.33, 48.74, 130.77, 9
3104, 2808, 4.25, 48.98, 130.13, 10
3081, 2791, 4.82, 45.54, 129.49, 1
3087, 2789, 5.00, 46.15, 132.78, 2
3065, 2787, 5.15, 46.97, 133.97, 3
3054, 2773, 5.36, 47.59, 131.04, 4
3079, 2790, 5.39, 48.16, 130.62, 5
3058, 2774, 5.49, 48.33, 130.74, 6
3062, 2771, 5.54, 48.69, 129.43, 7
3058, 2769, 5.63, 49.00, 129.67, 8
3075, 2787, 5.71, 49.09, 129.30, 9
3052, 2770, 5.71, 49.34, 130.43, 10
2965, 2689, 10.29, 45.59, 130.49, 1
2956, 2694, 10.52, 45.31, 133.82, 2
2979, 2704, 10.74, 44.46, 131.81, 3
2981, 2705, 10.90, 43.91, 131.99, 4
2971, 2703, 11.08, 43.45, 132.08, 5
2975, 2700, 11.18, 43.35, 130.19, 6
2972, 2703, 11.30, 43.07, 128.23, 7
2947, 2698, 11.46, 42.63, 130.92, 8
2949, 2682, 11.64, 42.20, 131.44, 9
2964, 2688, 11.69, 41.87, 129.30, 10
2730, 2487, 21.28, 44.27, 134.28, 1
2751, 2484, 21.37, 42.19, 129.67, 2
2725, 2483, 21.66, 39.53, 127.69, 3
2724, 2505, 21.79, 37.69, 130.77, 4
2742, 2504, 21.95, 36.64, 129.88, 5
2741, 2501, 22.09, 35.86, 131.10, 6
2720, 2483, 22.16, 35.08, 130.19, 7
2715, 2493, 22.37, 34.44, 127.35, 8
2734, 2472, 22.40, 33.82, 129.88, 9
2712, 2476, 22.60, 33.10, 127.38, 10
2569, 2350, 29.35, 41.32, 133.00, 1
2572, 2327, 29.52, 37.05, 134.37, 2
2567, 2349, 29.70, 34.10, 133.73, 3
2545, 2349, 29.87, 32.32, 128.14, 4
2546, 2346, 29.90, 31.00, 131.99, 5
2567, 2348, 30.03, 29.91, 130.25, 6
2549, 2347, 30.24, 29.14, 130.43, 7
2539, 2327, 30.35, 28.20, 130.49, 8
2565, 2326, 30.40, 27.68, 129.88, 9
2539, 2338, 30.47, 27.05, 129.79, 10
2436, 2227, 34.56, 37.99, 131.99, 1
2441, 2239, 34.69, 31.23, 134.40, 2
2440, 2251, 34.79, 28.00, 131.99, 3
2438, 2234, 35.00, 26.43, 132.69, 4
2455, 2247, 35.09, 25.24, 131.26, 5
2437, 2228, 35.14, 24.51, 131.04, 6
2438, 2249, 35.31, 23.63, 130.28, 7
2453, 2247, 35.34, 22.73, 130.28, 8
2432, 2246, 35.36, 22.10, 130.62, 9
2432, 2222, 35.54, 21.53, 129.21, 10
2457, 2250, 32.01, 34.68, 131.81, 1
2485, 2251, 32.03, 27.97, 133.97, 2
2464, 2275, 32.11, 25.30, 128.75, 3
2482, 2272, 32.12, 23.97, 126.40, 4
2463, 2276, 32.14, 22.84, 125.55, 5
2485, 2277, 32.14, 22.01, 132.75, 6
2466, 2259, 32.01, 21.42, 128.39, 7
2487, 2259, 31.97, 20.94, 131.10, 8
2472, 2259, 31.90, 20.63, 130.04, 9
2469, 2283, 31.87, 20.17, 132.11, 10
2629, 2408, 24.30, 33.28, 134.06, 1
2652, 2426, 24.25, 30.58, 128.11, 2
2657, 2421, 24.30, 28.87, 130.28, 3
2635, 2409, 24.41, 27.89, 130.00, 4
2656, 2427, 24.47, 26.98, 131.47, 5
2657, 2408, 24.41, 25.94, 129.49, 6
2635, 2409, 24.47, 25.26, 129.70, 7
2655, 2428, 24.41, 24.84, 130.19, 8
2638, 2429, 24.54, 24.46, 130.19, 9
2638, 2413, 24.44, 24.19, 130.19, 10
2723, 2485, 20.25, 34.00, 133.73, 1
2727, 2508, 20.18, 31.94, 134.37, 2
2744, 2486, 20.28, 30.41, 133.88, 3
2728, 2491, 20.33, 29.50, 130.07, 4
2748, 2490, 20.39, 28.69, 130.19, 5
2724, 2490, 20.33, 28.23, 130.62, 6
2747, 2506, 20.45, 27.70, 131.47, 7
2741, 2508, 20.42, 27.42, 129.24, 8
2747, 2513, 20.52, 27.21, 128.51, 9
2723, 2510, 20.53, 27.01, 131.04, 10
2804, 2556, 17.65, 34.26, 134.80, 1
2779, 2534, 17.77, 33.13, 133.64, 2
2781, 2540, 17.94, 31.67, 132.26, 3
2796, 2556, 17.97, 30.84, 131.26, 4
2798, 2559, 17.94, 30.37, 129.12, 5
2802, 2556, 18.04, 29.81, 129.49, 6
2779, 2539, 18.11, 29.25, 130.19, 7
2801, 2562, 18.14, 28.71, 130.43, 8
2805, 2555, 18.06, 28.37, 130.43, 9
2784, 2538, 18.10, 28.21, 131.04, 10
2838, 2585, 16.05, 34.64, 129.88, 1
2815, 2574, 16.06, 33.52, 134.80, 2
2842, 2592, 16.20, 32.64, 133.33, 3
2821, 2574, 16.26, 32.14, 131.20, 4
2811, 2587, 16.30, 31.56, 130.83, 5
2843, 2569, 16.34, 31.34, 128.51, 6
2839, 2588, 16.43, 30.97, 128.81, 7
2842, 2571, 16.49, 30.73, 129.03, 8
2818, 2568, 16.53, 30.48, 129.27, 9
2817, 2569, 16.53, 30.34, 130.07, 10
2859, 2607, 15.11, 35.01, 129.00, 1
2860, 2594, 15.20, 33.92, 133.73, 2
2861, 2616, 15.41, 32.95, 133.27, 3
2846, 2592, 15.47, 32.52, 130.19, 4
2840, 2598, 15.50, 32.19, 130.28, 5
2859, 2606, 15.62, 31.81, 130.77, 6
2841, 2587, 15.62, 31.56, 130.28, 7
2834, 2595, 15.71, 31.19, 130.55, 8
2840, 2595, 15.72, 30.99, 128.51, 9
2858, 2609, 15.72, 30.72, 130.65, 10
2867, 2624, 14.46, 35.15, 126.22, 1
2854, 2604, 14.61, 34.15, 133.00, 2
2856, 2599, 14.72, 33.35, 133.61, 3
2853, 2603, 14.78, 32.82, 131.29, 4
2853, 2623, 14.87, 32.24, 130.34, 5
2879, 2625, 14.94, 31.82, 130.28, 6
2855, 2603, 14.92, 31.48, 130.62, 7
2853, 2599, 14.90, 31.25, 129.88, 8
2857, 2603, 15.04, 31.06, 131.01, 9
2873, 2619, 15.11, 30.85, 129.88, 10
2888, 2631, 13.91, 35.17, 134.40, 1
2886, 2638, 13.93, 34.54, 132.69, 2
2865, 2618, 14.17, 33.77, 131.20, 3
2893, 2614, 14.25, 33.21, 129.67, 4
2870, 2616, 14.18, 32.66, 130.19, 5
2868, 2619, 14.32, 32.39, 129.43, 6
2868, 2615, 14.45, 32.17, 129.61, 7
2890, 2637, 14.36, 31.74, 129.88, 8
2871, 2618, 14.46, 31.53, 130.34, 9
2886, 2634, 14.46, 31.26, 129.43, 10
2901, 2625, 13.69, 35.38, 127.69, 1
2892, 2637, 13.78, 34.57, 133.18, 2
2896, 2626, 13.93, 33.71, 131.62, 3
2872, 2619, 14.08, 33.56, 132.17, 4
2898, 2640, 14.15, 33.18, 130.92, 5
2876, 2623, 14.28, 33.09, 129.88, 6
2899, 2618, 14.24, 32.85, 129.88, 7
2894, 2637, 14.31, 32.68, 129.70, 8
2872, 2618, 14.35, 32.52, 130.34, 9
2888, 2636, 14.35, 32.50, 129.43, 10
2870, 2618, 13.69, 35.61, 133.00, 1
2869, 2641, 13.81, 35.33, 131.29, 2
2874, 2622, 13.85, 34.94, 131.53, 3
2869, 2618, 13.91, 34.69, 130.65, 4
2891, 2645, 14.14, 34.49, 129.88, 5
2875, 2622, 14.10, 34.31, 130.16, 6
2878, 2637, 14.12, 34.22, 130.16, 7
2873, 2623, 14.24, 34.07, 130.19, 8
2871, 2620, 14.29, 34.13, 130.19, 9
2870, 2624, 14.35, 33.91, 129.30, 10
2899, 2639, 13.63, 35.91, 130.19, 1
2871, 2629, 13.74, 35.65, 132.90, 2
2876, 2630, 13.84, 35.27, 133.45, 3
2893, 2643, 13.96, 34.98, 131.81, 4
2895, 2638, 14.12, 34.75, 130.49, 5
2880, 2640, 14.24, 34.69, 130.92, 6
2872, 2618, 14.28, 34.57, 129.88, 7
2894, 2634, 14.25, 34.42, 130.16, 8
2874, 2623, 14.29, 34.41, 130.07, 9
2895, 2641, 14.36, 34.38, 130.07, 10
2865, 2617, 14.11, 36.23, 129.03, 1
2870, 2612, 14.27, 35.71, 134.74, 2
2869, 2616, 14.49, 34.99, 134.74, 3
2887, 2632, 14.45, 34.57, 132.17, 4
2886, 2616, 14.61, 34.33, 130.55, 5
2884, 2629, 14.69, 34.04, 129.70, 6
2867, 2629, 14.75, 33.90, 129.61, 7
2865, 2614, 14.75, 33.72, 130.16, 8
2861, 2613, 14.87, 33.44, 130.16, 9
2885, 2633, 14.90, 33.53, 130.16, 10
2861, 2609, 14.17, 36.21, 129.03, 1
2863, 2610, 14.25, 35.98, 133.45, 2
2888, 2629, 14.48, 35.85, 131.74, 3
2858, 2607, 14.63, 35.68, 130.49, 4
2882, 2627, 14.65, 35.52, 130.49, 5
2880, 2628, 14.76, 35.38, 130.65, 6
2886, 2624, 14.71, 35.40, 130.92, 7
2884, 2628, 14.89, 35.17, 129.70, 8
2857, 2624, 14.87, 35.25, 129.88, 9
2859, 2626, 15.02, 35.00, 130.49, 10
2879, 2626, 14.56, 36.53, 127.38, 1
2871, 2623, 14.66, 36.48, 134.70, 2
2860, 2633, 14.89, 36.19, 133.00, 3
2877, 2625, 14.99, 36.15, 130.19, 4
2850, 2606, 15.17, 36.15, 129.39, 5
2873, 2620, 15.17, 36.16, 130.55, 6
2873, 2627, 15.23, 36.15, 130.16, 7
2871, 2619, 15.24, 36.09, 130.28, 8
2855, 2603, 15.41, 35.98, 128.51, 9
2872, 2622, 15.50, 36.06, 130.92, 10
2858, 2608, 15.58, 36.88, 134.03, 1
2857, 2607, 15.64, 36.80, 130.77, 2
2837, 2589, 15.69, 36.72, 130.55, 3
2841, 2606, 15.78, 36.77, 129.88, 4
2855, 2607, 15.92, 36.67, 130.19, 5
2837, 2588, 15.96, 36.52, 128.75, 6
2856, 2610, 16.03, 36.42, 131.04, 7
2859, 2608, 16.05, 36.40, 129.70, 8
2854, 2602, 16.20, 36.37, 129.43, 9
2855, 2607, 16.13, 36.32, 129.88, 10
2826, 2596, 15.69, 37.21, 132.29, 1
2855, 2602, 15.75, 37.19, 130.43, 2
2852, 2604, 15.89, 37.28, 130.19, 3
2853, 2604, 15.99, 37.32, 130.55, 4
2826, 2582, 16.05, 37.36, 130.83, 5
2825, 2582, 16.16, 37.34, 128.75, 6
2830, 2585, 16.15, 37.38, 129.24, 7
2826, 2588, 16.16, 37.19, 129.49, 8
2828, 2584, 16.27, 37.34, 129.88, 9
2849, 2602, 16.26, 37.32, 129.88, 10
2863, 2615, 15.09, 37.36, 134.43, 1
2844, 2588, 15.24, 37.63, 129.21, 2
2839, 2611, 15.27, 37.71, 130.16, 3
2843, 2593, 15.38, 37.80, 131.04, 4
2838, 2611, 15.50, 37.80, 130.55, 5
2862, 2610, 15.55, 37.84, 128.85, 6
2858, 2605, 15.65, 37.97, 128.85, 7
2868, 2596, 15.68, 37.97, 129.00, 8
2847, 2592, 15.72, 38.01, 129.21, 9
2861, 2596, 15.69, 38.05, 129.21, 10
2856, 2604, 14.62, 37.74, 133.27, 1
2855, 2608, 14.71, 37.88, 129.27, 2
