2917, 2767, 20.77, 24.73, 130.62, 1
2917, 2765, 20.91, 26.09, 130.74, 2
2936, 2783, 21.08, 27.62, 131.01, 3
2936, 2783, 21.14, 26.55, 129.00, 4
2935, 2783, 21.20, 25.55, 130.00, 5
2910, 2764, 21.37, 25.13, 132.66, 6
2930, 2782, 21.42, 24.67, 131.01, 7
2930, 2779, 21.51, 25.36, 133.33, 8
2906, 2760, 21.59, 25.49, 131.04, 9
2929, 2775, 21.72, 25.15, 131.20, 10
2760, 2603, 28.70, 25.65, 134.95, 1
2740, 2610, 28.81, 23.69, 130.19, 2
2766, 2606, 28.88, 22.44, 129.12, 3
2737, 2598, 29.00, 21.80, 129.24, 4
2757, 2620, 29.08, 23.49, 128.39, 5
2753, 2599, 29.26, 22.64, 130.55, 6
2734, 2621, 29.32, 21.64, 130.55, 7
2752, 2598, 29.29, 21.00, 130.00, 8
2751, 2617, 29.36, 21.86, 130.00, 9
2750, 2614, 29.46, 21.23, 130.25, 10
2751, 2618, 27.72, 24.84, 134.77, 1
2768, 2633, 27.81, 22.88, 130.34, 2
2772, 2630, 27.91, 24.14, 127.29, 3
2766, 2629, 27.99, 24.03, 127.44, 4
2752, 2613, 27.96, 24.27, 129.21, 5
2775, 2615, 28.08, 24.11, 131.04, 6
2772, 2614, 28.16, 22.87, 131.81, 7
2753, 2612, 28.13, 21.41, 129.43, 8
2750, 2612, 28.12, 21.94, 128.51, 9
2768, 2630, 28.10, 20.80, 128.39, 10
2801, 2644, 26.46, 24.10, 133.03, 1
2801, 2660, 26.53, 24.71, 130.07, 2
2803, 2667, 26.62, 23.78, 132.81, 3
2784, 2645, 26.72, 22.51, 129.49, 4
2786, 2660, 26.85, 21.84, 129.03, 5
2803, 2666, 26.85, 21.86, 129.03, 6
2777, 2644, 26.87, 21.17, 129.88, 7
2778, 2663, 26.90, 21.44, 130.16, 8
2800, 2658, 26.97, 21.90, 130.16, 9
2801, 2656, 27.03, 21.09, 130.19, 10
2822, 2678, 25.34, 23.90, 130.77, 1
2809, 2663, 25.50, 22.96, 129.43, 2
2824, 2685, 25.60, 22.42, 129.88, 3
2805, 2667, 25.67, 21.58, 129.88, 4
2809, 2660, 25.80, 21.28, 130.49, 5
2821, 2664, 25.84, 20.85, 131.01, 6
2806, 2667, 25.88, 20.65, 129.27, 7
2823, 2678, 25.99, 20.14, 128.51, 8
2819, 2664, 25.92, 20.21, 128.51, 9
2819, 2679, 26.02, 19.83, 131.20, 10
2817, 2678, 25.66, 23.68, 133.88, 1
2819, 2676, 25.71, 23.14, 129.12, 2
2799, 2663, 25.81, 21.73, 130.74, 3
2818, 2677, 25.87, 21.36, 129.30, 4
2801, 2670, 25.94, 20.95, 131.01, 5
2819, 2660, 25.99, 20.79, 129.61, 6
2819, 2681, 26.09, 20.28, 128.75, 7
2818, 2658, 26.07, 20.04, 128.75, 8
2804, 2658, 26.18, 19.86, 129.00, 9
2817, 2674, 26.12, 19.99, 129.73, 10
2820, 2675, 25.80, 23.43, 134.58, 1
2824, 2676, 25.85, 21.97, 128.63, 2
2818, 2677, 26.05, 21.27, 130.19, 3
2815, 2677, 26.19, 20.96, 130.25, 4
2818, 2674, 26.19, 20.42, 130.74, 5
2816, 2673, 26.42, 20.46, 129.55, 6
2798, 2680, 26.35, 20.29, 128.85, 7
2815, 2670, 26.46, 19.86, 129.88, 8
2792, 2673, 26.46, 19.59, 132.45, 9
2815, 2678, 26.46, 19.53, 130.74, 10
2802, 2646, 26.49, 23.28, 129.67, 1
2809, 2644, 26.53, 22.16, 127.93, 2
2805, 2663, 26.60, 21.45, 128.14, 3
2804, 2664, 26.80, 21.32, 129.27, 4
2784, 2647, 26.80, 21.05, 131.04, 5
2780, 2650, 26.89, 20.82, 130.04, 6
2802, 2661, 26.93, 20.68, 129.88, 7
2797, 2659, 26.97, 20.77, 129.88, 8
2798, 2662, 27.11, 20.70, 130.34, 9
2779, 2642, 26.96, 20.44, 130.19, 10
2770, 2636, 27.13, 23.27, 131.44, 1
2791, 2652, 27.23, 22.45, 127.75, 2
2792, 2650, 27.38, 21.97, 131.01, 3
2785, 2645, 27.42, 21.20, 130.74, 4
2787, 2633, 27.52, 20.78, 130.43, 5
2771, 2626, 27.71, 20.16, 130.49, 6
2783, 2647, 27.61, 20.21, 131.38, 7
2785, 2631, 27.71, 20.00, 131.53, 8
2785, 2645, 27.78, 19.84, 131.53, 9
2766, 2624, 27.85, 19.75, 129.24, 10
2753, 2636, 27.96, 23.05, 132.26, 1
2753, 2614, 27.96, 21.32, 127.17, 2
2774, 2633, 28.09, 20.48, 130.34, 3
2768, 2615, 28.16, 20.01, 127.69, 4
2751, 2616, 28.36, 19.84, 129.49, 5
2773, 2612, 28.43, 20.20, 131.01, 6
2750, 2616, 28.46, 20.64, 131.99, 7
2767, 2633, 28.47, 20.35, 129.39, 8
2767, 2612, 28.46, 19.78, 129.39, 9
2765, 2629, 28.56, 19.67, 128.51, 10
2757, 2602, 28.30, 22.81, 133.45, 1
2761, 2621, 28.50, 21.46, 126.22, 2
2762, 2623, 28.60, 20.83, 128.75, 3
2762, 2623, 28.74, 20.48, 128.11, 4
2759, 2606, 28.77, 20.16, 130.19, 5
2759, 2623, 28.87, 19.57, 128.51, 6
2735, 2605, 28.98, 19.26, 128.75, 7
2753, 2618, 28.98, 19.01, 128.85, 8
2731, 2603, 28.98, 18.95, 129.00, 9
2757, 2600, 29.02, 18.90, 128.45, 10
2741, 2604, 28.26, 22.68, 132.69, 1
2763, 2626, 28.19, 21.23, 125.89, 2
2742, 2628, 28.39, 20.58, 132.54, 3
2765, 2628, 28.43, 20.26, 130.92, 4
2763, 2605, 28.49, 20.05, 127.20, 5
2763, 2610, 28.54, 19.77, 127.35, 6
2741, 2608, 28.53, 19.95, 127.35, 7
2742, 2609, 28.59, 19.97, 127.35, 8
2760, 2623, 28.61, 19.63, 127.50, 9
2759, 2626, 28.61, 19.38, 131.10, 10
2754, 2619, 27.69, 22.62, 132.26, 1
2759, 2618, 27.72, 21.13, 126.10, 2
2776, 2632, 27.87, 20.76, 129.88, 3
2753, 2639, 28.06, 20.74, 129.67, 4
2752, 2621, 28.08, 20.83, 128.81, 5
2753, 2618, 28.27, 21.40, 129.43, 6
2776, 2619, 28.20, 21.96, 130.25, 7
2777, 2636, 28.29, 21.92, 127.93, 8
2769, 2615, 28.32, 22.41, 130.74, 9
2755, 2616, 28.38, 22.14, 128.14, 10
2758, 2622, 28.32, 23.01, 132.29, 1
2742, 2609, 28.47, 21.75, 125.43, 2
2757, 2607, 28.61, 21.60, 131.10, 3
2760, 2623, 28.71, 21.96, 128.42, 4
2761, 2623, 28.86, 21.12, 129.73, 5
2763, 2623, 28.84, 20.50, 128.42, 6
2740, 2620, 28.93, 20.21, 131.10, 7
2754, 2602, 28.97, 20.03, 129.55, 8
2737, 2603, 29.02, 19.98, 128.11, 9
2738, 2616, 29.12, 20.25, 130.92, 10
2749, 2632, 27.85, 22.91, 132.90, 1
2767, 2627, 28.02, 22.36, 125.46, 2
2745, 2612, 28.26, 22.70, 133.79, 3
2767, 2613, 28.26, 21.50, 129.49, 4
2769, 2614, 28.38, 21.94, 129.27, 5
2751, 2613, 28.35, 21.40, 130.16, 6
2769, 2634, 28.39, 20.73, 130.49, 7
2765, 2631, 28.44, 21.09, 130.49, 8
2768, 2630, 28.49, 20.97, 131.53, 9
2750, 2629, 28.46, 20.73, 131.53, 10
2758, 2623, 27.64, 22.86, 129.49, 1
2756, 2625, 27.64, 21.63, 125.37, 2
2784, 2624, 27.85, 21.79, 134.74, 3
2777, 2626, 27.85, 21.37, 128.14, 4
2777, 2642, 28.06, 22.17, 131.26, 5
2754, 2623, 28.03, 22.20, 130.07, 6
2757, 2641, 28.05, 22.01, 130.25, 7
2777, 2643, 28.18, 21.35, 130.16, 8
2758, 2626, 28.13, 20.98, 130.25, 9
2752, 2618, 28.23, 21.19, 127.87, 10
2765, 2622, 27.44, 23.08, 132.29, 1
2782, 2642, 27.57, 23.16, 126.34, 2
2778, 2639, 27.78, 22.42, 133.88, 3
2765, 2625, 27.64, 22.13, 128.20, 4
2782, 2626, 27.69, 22.49, 131.20, 5
2782, 2642, 27.84, 21.88, 129.88, 6
2779, 2625, 27.92, 22.44, 130.07, 7
2762, 2639, 27.85, 22.25, 130.07, 8
2778, 2644, 27.87, 22.04, 130.13, 9
2762, 2625, 27.99, 21.73, 130.19, 10
2794, 2655, 26.58, 23.25, 134.55, 1
2798, 2664, 26.68, 22.50, 125.55, 2
2777, 2660, 26.78, 22.83, 133.06, 3
2774, 2640, 26.97, 22.62, 131.62, 4
2797, 2642, 27.01, 22.61, 131.01, 5
2799, 2657, 27.09, 22.51, 132.26, 6
2796, 2638, 26.97, 22.65, 132.90, 7
2777, 2641, 27.15, 22.34, 130.49, 8
2792, 2655, 27.13, 22.41, 129.70, 9
2774, 2641, 27.17, 22.34, 129.61, 10
2797, 2680, 25.61, 23.19, 134.06, 1
2820, 2681, 25.67, 23.07, 126.59, 2
2801, 2682, 25.81, 23.08, 132.11, 3
2799, 2662, 25.98, 23.47, 128.85, 4
2821, 2660, 26.02, 23.60, 129.30, 5
2800, 2662, 25.94, 23.83, 130.55, 6
2797, 2657, 26.08, 24.05, 128.11, 7
2818, 2678, 26.11, 23.94, 130.65, 8
2795, 2661, 26.12, 23.93, 128.39, 9
2797, 2677, 26.18, 23.70, 130.92, 10
2839, 2689, 24.74, 23.52, 134.06, 1
2814, 2702, 24.85, 24.78, 126.50, 2
2815, 2700, 24.86, 25.15, 130.77, 3
2840, 2698, 25.03, 25.51, 133.45, 4
2831, 2685, 25.08, 25.48, 129.88, 5
2837, 2703, 25.22, 25.75, 129.55, 6
2844, 2696, 25.25, 25.97, 129.88, 7
2832, 2689, 25.18, 26.25, 130.28, 8
2838, 2696, 25.32, 26.34, 130.25, 9
2838, 2698, 25.29, 26.16, 130.25, 10
2852, 2700, 23.84, 24.01, 128.81, 1
2862, 2717, 23.91, 25.98, 125.03, 2
2858, 2699, 24.07, 26.58, 130.16, 3
2860, 2719, 24.11, 26.97, 134.61, 4
2865, 2718, 24.13, 27.22, 134.70, 5
2864, 2701, 24.23, 27.52, 128.91, 6
2841, 2713, 24.34, 27.80, 129.61, 7
2841, 2699, 24.38, 27.89, 130.65, 8
2858, 2694, 24.38, 28.07, 130.00, 9
2836, 2696, 24.35, 28.28, 129.79, 10
2863, 2724, 22.77, 24.67, 133.79, 1
2878, 2719, 22.79, 27.01, 125.12, 2
2861, 2722, 22.90, 28.04, 129.67, 3
2870, 2724, 22.94, 28.82, 133.61, 4
2885, 2734, 22.91, 29.36, 134.06, 5
2885, 2744, 23.17, 29.75, 133.39, 6
2863, 2741, 23.11, 30.07, 130.19, 7
2886, 2723, 23.15, 30.24, 130.43, 8
2869, 2723, 23.19, 30.48, 130.77, 9
2859, 2723, 23.23, 30.69, 129.73, 10
2917, 2768, 21.49, 25.34, 134.03, 1
2893, 2754, 21.48, 28.42, 127.96, 2
2913, 2765, 21.58, 30.10, 130.62, 3
2912, 2768, 21.74, 30.72, 131.62, 4
2913, 2765, 21.81, 31.65, 132.75, 5
2916, 2753, 21.86, 32.40, 132.66, 6
2896, 2747, 21.89, 32.48, 132.66, 7
2891, 2750, 21.95, 32.91, 128.91, 8
2896, 2751, 21.92, 33.18, 128.91, 9
2915, 2748, 21.96, 33.41, 129.27, 10
2938, 2791, 20.43, 26.34, 128.11, 1
2915, 2770, 20.65, 29.77, 128.63, 2
2937, 2787, 20.67, 31.82, 128.42, 3
2919, 2774, 20.79, 32.84, 130.62, 4
2917, 2770, 20.82, 33.74, 131.81, 5
2919, 2772, 20.94, 33.95, 131.81, 6
2937, 2784, 20.96, 34.58, 131.74, 7
2939, 2790, 21.00, 34.97, 131.81, 8
2917, 2765, 21.06, 35.33, 132.26, 9
2915, 2770, 21.08, 35.70, 132.17, 10
2952, 2798, 19.95, 27.35, 130.28, 1
2931, 2785, 20.05, 30.79, 128.57, 2
2949, 2800, 20.14, 32.90, 128.14, 3
2957, 2786, 20.31, 34.11, 130.13, 4
2949, 2801, 20.33, 34.90, 131.47, 5
2930, 2785, 20.33, 35.71, 131.53, 6
2949, 2782, 20.48, 36.11, 131.29, 7
2949, 2781, 20.45, 36.39, 131.29, 8
2925, 2779, 20.46, 36.99, 131.47, 9
2926, 2783, 20.55, 37.36, 131.53, 10
2963, 2812, 19.43, 28.26, 134.55, 1
2932, 2790, 19.52, 31.60, 128.14, 2
2940, 2813, 19.80, 33.88, 129.88, 3
2939, 2813, 19.88, 34.66, 129.49, 4
2942, 2791, 19.84, 35.92, 131.20, 5
2962, 2809, 19.92, 36.61, 130.83, 6
2958, 2811, 20.01, 37.30, 131.01, 7
2934, 2791, 19.98, 37.54, 131.01, 8
2955, 2806, 20.21, 37.85, 130.77, 9
2939, 2792, 20.12, 38.50, 130.83, 10
2943, 2802, 19.47, 29.35, 134.70, 1
2966, 2793, 19.58, 32.85, 126.62, 2
2966, 2797, 19.76, 34.56, 128.20, 3
2962, 2796, 19.88, 35.45, 129.61, 4
2936, 2796, 19.94, 36.42, 130.62, 5
2942, 2794, 19.99, 37.44, 130.83, 6
2960, 2811, 20.12, 38.19, 130.77, 7
2960, 2812, 20.15, 38.98, 130.83, 8
2963, 2794, 20.16, 39.53, 131.01, 9
2958, 2814, 20.24, 40.06, 131.01, 10
2943, 2797, 19.52, 29.90, 134.77, 1
2939, 2794, 19.60, 33.54, 128.14, 2
2941, 2790, 19.66, 36.02, 128.30, 3
2958, 2811, 19.73, 37.30, 130.04, 4
2959, 2809, 19.84, 38.08, 130.04, 5
2940, 2795, 19.84, 38.76, 130.49, 6
2942, 2793, 19.97, 39.28, 130.43, 7
2935, 2793, 19.99, 39.91, 130.62, 8
2940, 2797, 20.01, 40.18, 130.55, 9
2957, 2792, 20.08, 40.46, 130.62, 10
2972, 2810, 18.58, 30.68, 133.82, 1
2958, 2805, 18.64, 32.03, 129.27, 2
2977, 2829, 18.75, 32.82, 129.03, 3
2958, 2804, 18.86, 33.30, 129.00, 4
2959, 2812, 19.02, 33.43, 130.62, 5
2954, 2806, 18.99, 33.77, 128.81, 6
2977, 2830, 18.99, 33.98, 128.85, 7
2978, 2824, 19.06, 34.15, 128.85, 8
2979, 2812, 19.13, 34.45, 129.00, 9
2980, 2814, 19.06, 34.52, 129.00, 10
3007, 2864, 16.62, 29.71, 134.25, 1
3007, 2860, 16.60, 31.19, 129.03, 2
3028, 2877, 16.70, 32.41, 128.51, 3
3033, 2862, 16.78, 33.14, 130.74, 4
3010, 2861, 16.85, 33.54, 130.43, 5
3000, 2861, 16.88, 34.02, 129.61, 6
3028, 2878, 16.95, 34.27, 129.79, 7
3017, 2858, 16.98, 34.49, 130.19, 8
3023, 2875, 17.05, 34.75, 130.28, 9
3006, 2857, 17.04, 34.98, 130.43, 10
3053, 2900, 14.75, 29.63, 131.74, 1
3073, 2919, 14.87, 32.04, 132.69, 2
3049, 2899, 15.03, 33.45, 130.16, 3
3068, 2915, 14.99, 34.15, 129.79, 4
3068, 2920, 15.04, 34.70, 131.44, 5
3046, 2900, 15.19, 35.05, 129.67, 6
3069, 2923, 15.24, 35.55, 129.43, 7
3045, 2902, 15.27, 35.92, 129.27, 8
3063, 2921, 15.38, 36.27, 129.88, 9
3064, 2911, 15.41, 36.60, 130.04, 10
3095, 2940, 13.70, 30.04, 128.45, 1
3092, 2946, 13.80, 32.74, 134.34, 2
3091, 2942, 14.00, 34.62, 129.21, 3
3078, 2920, 14.08, 35.39, 131.44, 4
3072, 2924, 13.98, 36.01, 130.19, 5
3094, 2938, 14.18, 36.56, 130.34, 6
3093, 2938, 14.22, 37.10, 128.51, 7
3070, 2923, 14.31, 37.43, 131.01, 8
3075, 2922, 14.38, 37.86, 129.49, 9
3074, 2939, 14.36, 38.36, 129.00, 10
3094, 2943, 12.88, 30.62, 134.55, 1
3119, 2961, 12.94, 32.72, 131.62, 2
3111, 2960, 13.02, 34.72, 130.25, 3
3096, 2946, 13.15, 35.97, 131.04, 4
3115, 2964, 13.22, 36.81, 130.16, 5
3116, 2966, 13.25, 37.67, 130.16, 6
3094, 2945, 13.33, 38.28, 130.16, 7
3091, 2957, 13.39, 38.86, 128.11, 8
3112, 2958, 13.38, 39.36, 130.55, 9
3090, 2941, 13.40, 39.66, 130.65, 10
3131, 2984, 12.16, 31.27, 134.28, 1
3135, 2982, 12.29, 34.27, 133.45, 2
3118, 2960, 12.40, 36.56, 130.83, 3
3119, 2961, 12.47, 37.69, 131.20, 4
3112, 2960, 12.58, 38.55, 130.19, 5
3130, 2981, 12.65, 39.28, 130.49, 6
3132, 2977, 12.55, 39.96, 128.23, 7
3112, 2963, 12.71, 40.62, 130.49, 8
3107, 2957, 12.77, 41.18, 130.49, 9
3131, 2977, 12.78, 41.57, 131.20, 10
3121, 2989, 11.79, 32.24, 133.79, 1
3122, 2971, 11.82, 35.09, 132.90, 2
3141, 2989, 11.96, 37.52, 130.49, 3
3145, 2975, 12.13, 38.68, 130.92, 4
3119, 2972, 12.17, 39.63, 129.55, 5
3119, 2972, 12.27, 40.40, 130.16, 6
3139, 2985, 12.30, 41.04, 130.34, 7
3139, 2989, 12.36, 41.73, 130.16, 8
3135, 2983, 12.31, 42.22, 130.83, 9
3116, 2963, 12.43, 42.57, 130.49, 10
3129, 2979, 11.59, 33.01, 132.48, 1
3148, 2998, 11.66, 35.93, 132.29, 2
3130, 2980, 11.72, 38.28, 130.49, 3
3123, 2977, 11.88, 39.42, 130.16, 4
3127, 2975, 11.93, 40.38, 129.49, 5
3127, 2984, 12.00, 41.14, 130.00, 6
3128, 2975, 12.00, 41.77, 130.00, 7
3150, 2993, 12.10, 42.47, 129.88, 8
3144, 2989, 12.13, 43.00, 132.17, 9
3126, 2972, 12.21, 43.34, 130.25, 10
3125, 2990, 11.30, 33.64, 128.91, 1
3153, 3003, 11.49, 36.58, 134.37, 2
3132, 2981, 11.58, 39.02, 130.16, 3
3151, 2996, 11.76, 40.02, 131.01, 4
3153, 2996, 11.85, 40.87, 131.29, 5
3121, 2980, 11.90, 41.75, 129.43, 6
3154, 2995, 11.96, 42.22, 131.53, 7
3130, 2975, 11.94, 42.94, 129.49, 8
3146, 2990, 11.99, 43.38, 129.12, 9
3127, 2976, 11.97, 43.73, 129.79, 10
3161, 3004, 11.24, 34.25, 134.70, 1
3139, 2986, 11.27, 36.10, 130.62, 2
3159, 3007, 11.37, 38.37, 128.75, 3
3159, 3004, 11.43, 39.99, 130.16, 4
3140, 2982, 11.42, 41.10, 129.49, 5
3137, 2983, 11.65, 41.94, 129.88, 6
3137, 2984, 11.66, 42.84, 130.55, 7
3137, 2984, 11.68, 43.46, 128.51, 8
3129, 2978, 11.68, 44.02, 129.00, 9
3130, 2980, 11.82, 44.57, 129.12, 10
3144, 2994, 10.91, 34.75, 133.64, 1
3161, 3011, 11.11, 36.60, 130.19, 2
3142, 2993, 11.20, 39.00, 129.00, 3
3135, 2986, 11.30, 40.60, 130.19, 4
3155, 2980, 11.32, 41.73, 130.77, 5
3137, 2991, 11.39, 42.70, 131.62, 6
3157, 3008, 11.42, 43.37, 129.30, 7
3139, 2988, 11.42, 44.18, 128.75, 8
3158, 3008, 11.42, 44.80, 128.75, 9
3137, 2984, 11.49, 45.15, 128.85, 10
3149, 2997, 10.76, 35.25, 133.09, 1
3147, 2994, 10.93, 38.07, 132.90, 2
3168, 3008, 11.06, 40.89, 127.62, 3
3161, 3010, 11.17, 42.07, 129.67, 4
3145, 2995, 11.22, 42.92, 129.49, 5
3150, 2992, 11.28, 43.79, 130.16, 6
3164, 3004, 11.21, 44.44, 130.16, 7
3141, 2991, 11.37, 45.07, 130.16, 8
3161, 3007, 11.45, 45.60, 130.16, 9
3141, 2992, 11.45, 46.20, 130.16, 10
3144, 2997, 10.74, 35.99, 133.09, 1
3172, 3018, 10.74, 38.81, 132.66, 2
3170, 3014, 10.89, 41.37, 130.16, 3
3171, 3014, 10.96, 42.61, 130.07, 4
3153, 2993, 11.00, 43.51, 129.49, 5
3146, 2994, 11.15, 44.34, 129.49, 6
3157, 2996, 11.10, 44.98, 130.07, 7
3144, 2995, 11.22, 45.65, 130.16, 8
3162, 3011, 11.28, 46.25, 130.16, 9
3162, 3003, 11.30, 46.80, 130.65, 10
3173, 3024, 10.36, 36.52, 132.57, 1
3177, 3024, 10.52, 39.23, 132.45, 2
3152, 3004, 10.59, 41.90, 129.49, 3
3171, 3015, 10.69, 43.19, 130.04, 4
3175, 3014, 10.74, 44.15, 129.55, 5
3173, 3014, 10.99, 44.90, 129.55, 6
3150, 2994, 10.97, 45.67, 130.07, 7
3174, 3021, 10.99, 46.31, 130.16, 8
3167, 3015, 11.04, 46.86, 130.16, 9
3168, 3018, 11.04, 47.26, 130.07, 10
3183, 3026, 10.31, 36.89, 131.53, 1
3180, 3023, 10.35, 39.90, 132.17, 2
3174, 3021, 10.56, 42.53, 129.49, 3
3180, 3006, 10.60, 43.83, 129.49, 4
3153, 3006, 10.71, 44.74, 129.24, 5
3179, 3018, 10.81, 45.50, 129.30, 6
3172, 3022, 10.76, 46.33, 132.11, 7
3178, 3019, 10.84, 46.97, 129.79, 8
3174, 3017, 10.96, 47.44, 129.70, 9
3171, 3016, 10.90, 47.93, 129.70, 10
3161, 3011, 10.31, 37.51, 128.75, 1
3153, 2999, 10.40, 40.55, 133.79, 2
3179, 3024, 10.55, 43.15, 129.67, 3
3173, 3018, 10.71, 44.18, 131.26, 4
3156, 2997, 10.77, 45.26, 129.43, 5
3176, 3021, 10.77, 45.96, 132.11, 6
3173, 3019, 10.87, 46.75, 130.28, 7
3154, 3000, 10.89, 47.42, 129.43, 8
3151, 3000, 10.94, 47.93, 129.12, 9
3147, 2999, 10.99, 48.45, 129.55, 10
3150, 3000, 10.48, 38.11, 134.64, 1
3176, 3020, 10.63, 40.06, 130.00, 2
3149, 2999, 10.81, 42.40, 129.49, 3
3172, 3019, 10.94, 43.87, 131.53, 4
3170, 3015, 10.93, 45.02, 130.49, 5
3151, 2997, 11.01, 45.97, 131.29, 6
3152, 2993, 11.11, 46.90, 129.49, 7
3171, 3015, 11.15, 47.60, 129.24, 8
3162, 2997, 11.12, 48.19, 129.88, 9
3170, 2989, 11.22, 48.83, 130.07, 10
3165, 3017, 10.89, 38.53, 134.16, 1
3146, 2995, 10.80, 40.42, 130.77, 2
3165, 3014, 11.00, 42.64, 129.49, 3
3163, 3013, 11.14, 44.12, 131.29, 4
3144, 2990, 11.22, 45.21, 129.73, 5
3161, 3008, 11.30, 46.28, 130.04, 6
3164, 3013, 11.27, 46.94, 130.04, 7
3165, 3010, 11.35, 47.82, 130.16, 8
3142, 2983, 11.35, 48.40, 130.07, 9
3160, 3006, 11.41, 48.92, 130.28, 10
3138, 2986, 11.27, 38.90, 130.62, 1
3137, 2983, 11.34, 41.61, 133.45, 2
3130, 2983, 11.48, 44.01, 127.69, 3
3157, 3001, 11.66, 45.13, 131.01, 4
3150, 2995, 11.64, 45.93, 131.10, 5
3134, 2979, 11.72, 46.69, 131.99, 6
3131, 2983, 11.73, 47.31, 129.70, 7
3154, 2996, 11.92, 47.88, 129.49, 8
3130, 2975, 11.86, 48.52, 131.99, 9
3131, 2978, 12.00, 48.87, 129.67, 10
3147, 2997, 11.43, 38.92, 130.07, 1
3127, 2976, 11.52, 41.71, 131.81, 2
3151, 2999, 11.62, 44.00, 127.69, 3
3145, 2981, 11.85, 45.15, 131.01, 4
3148, 2997, 11.92, 46.09, 130.92, 5
3147, 2992, 11.82, 46.79, 131.62, 6
3154, 2997, 12.06, 47.41, 129.43, 7
3131, 2975, 12.04, 48.04, 131.62, 8
3130, 2974, 12.09, 48.39, 129.55, 9
3143, 2989, 12.13, 48.90, 131.99, 10
3128, 2976, 11.69, 39.09, 126.59, 1
3127, 2973, 11.80, 41.83, 133.24, 2
3144, 2987, 11.90, 44.25, 128.05, 3
3119, 2975, 12.04, 45.14, 131.10, 4
3124, 2974, 12.15, 45.92, 131.04, 5
3125, 2977, 12.19, 46.70, 129.21, 6
3122, 2970, 12.17, 47.33, 128.51, 7
3116, 2969, 12.34, 47.91, 131.20, 8
3137, 2987, 12.44, 48.38, 130.00, 9
3113, 2966, 12.44, 48.85, 130.16, 10
3137, 2972, 12.24, 39.21, 131.62, 1
3133, 2980, 12.47, 41.28, 129.88, 2
3137, 2976, 12.50, 43.19, 129.30, 3
3108, 2961, 12.65, 44.42, 130.25, 4
3127, 2978, 12.68, 45.30, 132.17, 5
3131, 2976, 12.81, 46.07, 130.16, 6
3102, 2958, 12.78, 46.68, 130.00, 7
3127, 2977, 12.84, 47.23, 130.16, 8
3126, 2978, 12.94, 47.77, 130.28, 9
3129, 2970, 13.01, 48.24, 131.01, 10
3119, 2965, 12.92, 38.90, 129.67, 1
3121, 2968, 12.98, 41.61, 132.54, 2
3097, 2943, 13.09, 43.58, 126.46, 3
3117, 2966, 13.30, 44.64, 127.93, 4
3117, 2962, 13.21, 45.28, 130.19, 5
3094, 2967, 13.38, 45.95, 129.88, 6
3114, 2962, 13.45, 46.43, 130.25, 7
3115, 2962, 13.46, 46.93, 130.34, 8
3111, 2957, 13.57, 47.35, 130.62, 9
3109, 2957, 13.73, 47.73, 131.29, 10
3092, 2941, 13.26, 38.66, 125.46, 1
3086, 2934, 13.38, 41.38, 133.79, 2
3082, 2937, 13.39, 43.46, 125.61, 3
3086, 2935, 13.66, 44.30, 130.83, 4
3106, 2957, 13.63, 44.92, 130.92, 5
3102, 2957, 13.71, 45.58, 129.27, 6
3083, 2934, 13.93, 46.17, 130.04, 7
3103, 2949, 13.85, 46.59, 130.49, 8
3098, 2950, 13.87, 46.95, 130.19, 9
3100, 2941, 14.02, 47.33, 128.20, 10
3074, 2932, 13.60, 38.61, 134.06, 1
3080, 2935, 13.64, 40.44, 127.69, 2
3101, 2945, 13.97, 42.26, 129.49, 3
3077, 2932, 14.00, 43.47, 129.88, 4
3078, 2931, 14.07, 44.14, 129.70, 5
3099, 2945, 14.17, 44.83, 129.70, 6
3072, 2951, 14.12, 45.35, 130.34, 7
3076, 2922, 14.21, 45.86, 130.55, 8
3074, 2927, 14.31, 46.11, 131.53, 9
3070, 2946, 14.29, 46.43, 129.21, 10
3097, 2945, 13.83, 38.34, 129.00, 1
3099, 2941, 13.96, 40.87, 132.35, 2
3091, 2946, 14.11, 42.73, 127.59, 3
3095, 2943, 14.18, 43.67, 129.30, 4
3100, 2923, 14.27, 44.26, 130.55, 5
3095, 2941, 14.28, 44.81, 130.65, 6
3074, 2928, 14.35, 45.17, 131.53, 7
3087, 2942, 14.38, 45.58, 131.44, 8
3087, 2923, 14.42, 46.04, 129.03, 9
3072, 2918, 14.42, 46.35, 130.77, 10
3069, 2923, 14.08, 38.10, 134.80, 1
3070, 2923, 14.17, 40.04, 129.79, 2
3071, 2921, 14.24, 41.85, 129.70, 3
3089, 2938, 14.36, 42.83, 128.51, 4
3066, 2918, 14.46, 43.68, 130.13, 5
3066, 2920, 14.59, 44.31, 129.88, 6
3085, 2934, 14.66, 44.77, 130.28, 7
3066, 2938, 14.68, 45.14, 128.05, 8
3063, 2914, 14.69, 45.61, 130.62, 9
3066, 2931, 14.79, 45.93, 128.39, 10
3060, 2913, 14.55, 37.84, 133.97, 1
3080, 2925, 14.69, 39.75, 125.89, 2
3062, 2913, 14.87, 41.38, 129.03, 3
3076, 2925, 14.94, 42.44, 128.30, 4
3078, 2925, 15.09, 43.14, 131.01, 5
3069, 2906, 15.04, 43.56, 130.55, 6
3052, 2911, 15.14, 44.17, 128.51, 7
3075, 2922, 15.19, 44.49, 131.04, 8
3066, 2907, 15.22, 44.76, 129.67, 9
3048, 2923, 15.30, 45.11, 132.26, 10
3065, 2912, 15.14, 37.58, 128.51, 1
3042, 2895, 15.29, 39.89, 132.57, 2
3061, 2916, 15.45, 41.47, 131.01, 3
3056, 2899, 15.48, 42.07, 128.20, 4
3062, 2914, 15.55, 42.56, 131.29, 5
3061, 2915, 15.62, 42.95, 130.19, 6
3062, 2910, 15.74, 43.44, 130.16, 7
3040, 2905, 15.74, 43.69, 130.19, 8
3065, 2890, 15.80, 43.97, 130.28, 9
3038, 2895, 15.85, 44.22, 131.29, 10
3051, 2904, 15.86, 37.08, 134.74, 1
3037, 2883, 15.98, 38.81, 130.28, 2
3031, 2880, 16.13, 40.29, 128.81, 3
3052, 2884, 16.22, 41.09, 130.28, 4
3025, 2882, 16.32, 41.68, 129.24, 5
3048, 2897, 16.39, 42.21, 129.61, 6
3044, 2901, 16.40, 42.44, 127.96, 7
3027, 2881, 16.50, 42.70, 130.77, 8
3026, 2879, 16.56, 42.97, 128.30, 9
3026, 2876, 16.60, 43.14, 131.01, 10
3035, 2889, 16.43, 36.75, 126.77, 1
3015, 2867, 16.54, 38.93, 133.45, 2
3011, 2887, 16.66, 40.18, 131.99, 3
3015, 2867, 16.81, 40.78, 129.12, 4
3015, 2867, 16.94, 40.92, 130.43, 5
3010, 2888, 16.97, 41.30, 128.81, 6
3010, 2876, 17.00, 41.54, 132.35, 7
3032, 2887, 17.07, 41.72, 130.49, 8
3028, 2882, 17.03, 42.11, 129.79, 9
3026, 2884, 17.14, 42.16, 129.88, 10
3014, 2871, 16.46, 36.33, 133.61, 1
3039, 2885, 16.44, 38.14, 129.70, 2
3013, 2872, 16.57, 39.45, 127.50, 3
3038, 2892, 16.71, 40.06, 130.00, 4
3031, 2869, 16.83, 40.55, 127.59, 5
3036, 2889, 16.77, 41.00, 127.87, 6
3015, 2868, 16.87, 41.39, 131.26, 7
3033, 2887, 17.01, 41.61, 129.61, 8
3009, 2867, 17.01, 41.85, 128.69, 9
3030, 2885, 17.05, 42.11, 128.91, 10
3044, 2896, 16.13, 36.00, 127.35, 1
3020, 2876, 16.13, 38.33, 132.69, 2
3022, 2878, 16.34, 39.82, 126.28, 3
3019, 2897, 16.49, 40.46, 129.27, 4
3042, 2891, 16.59, 40.86, 129.79, 5
3024, 2874, 16.64, 41.25, 130.62, 6
3022, 2876, 16.66, 41.61, 128.30, 7
3037, 2893, 16.63, 41.93, 130.83, 8
3037, 2890, 16.71, 42.19, 131.74, 9
3020, 2871, 16.83, 42.34, 129.39, 10
3042, 2895, 16.34, 36.02, 133.00, 1
3040, 2895, 16.30, 37.81, 128.57, 2
3019, 2888, 16.47, 39.19, 127.38, 3
3040, 2888, 16.60, 39.78, 129.49, 4
3021, 2868, 16.53, 40.49, 129.73, 5
3023, 2871, 16.70, 40.97, 127.50, 6
3041, 2889, 16.68, 41.39, 127.50, 7
3036, 2876, 16.84, 41.59, 131.20, 8
3023, 2887, 16.90, 41.77, 129.61, 9
3037, 2884, 16.90, 42.09, 128.81, 10
3020, 2886, 15.89, 35.80, 127.93, 1
3049, 2902, 16.03, 38.08, 132.29, 2
3026, 2878, 16.19, 39.69, 126.40, 3
3030, 2878, 16.20, 40.37, 129.00, 4
3046, 2892, 16.25, 40.84, 131.99, 5
3050, 2897, 16.34, 41.32, 130.13, 6
3026, 2878, 16.34, 41.68, 130.28, 7
3027, 2878, 16.42, 41.93, 131.26, 8
3048, 2878, 16.57, 42.22, 128.14, 9
3025, 2879, 16.52, 42.50, 130.83, 10
3034, 2888, 15.64, 35.80, 133.88, 1
3031, 2888, 15.72, 37.85, 129.03, 2
3037, 2908, 15.85, 39.47, 129.12, 3
3051, 2901, 15.93, 40.21, 128.81, 4
3037, 2885, 16.01, 40.70, 130.77, 5
3052, 2897, 16.08, 41.30, 129.03, 6
3033, 2887, 16.15, 41.74, 132.54, 7
3031, 2883, 16.15, 41.99, 130.83, 8
3051, 2905, 16.20, 42.37, 130.13, 9
3029, 2884, 16.25, 42.65, 127.75, 10
3061, 2900, 15.17, 35.93, 128.20, 1
3066, 2920, 15.26, 38.23, 133.27, 2
3062, 2913, 15.48, 40.00, 126.53, 3
3045, 2899, 15.51, 40.64, 128.39, 4
3043, 2900, 15.53, 41.17, 131.01, 5
3042, 2896, 15.60, 41.70, 128.85, 6
3036, 2914, 15.62, 42.01, 128.75, 7
3044, 2892, 15.71, 42.63, 128.85, 8
3040, 2897, 15.69, 42.90, 129.00, 9
3061, 2901, 15.72, 43.17, 132.26, 10
3069, 2940, 14.24, 36.09, 132.90, 1
3086, 2938, 14.25, 38.79, 132.57, 2
3086, 2934, 14.43, 40.75, 126.46, 3
3088, 2933, 14.53, 41.49, 129.49, 4
3066, 2915, 14.68, 42.31, 130.04, 5
3082, 2939, 14.68, 42.86, 131.10, 6
3066, 2916, 14.75, 43.32, 130.34, 7
3064, 2917, 14.83, 43.70, 130.34, 8
3067, 2914, 14.72, 44.08, 131.20, 9
3061, 2911, 14.87, 44.39, 131.47, 10
3117, 2947, 13.12, 36.64, 133.27, 1
3107, 2957, 13.16, 38.44, 129.27, 2
3111, 2961, 13.36, 40.50, 131.87, 3
3090, 2939, 13.35, 41.94, 129.43, 4
3113, 2956, 13.49, 42.79, 130.19, 5
3089, 2941, 13.50, 43.60, 130.28, 6
3109, 2958, 13.62, 44.35, 130.49, 7
3113, 2947, 13.67, 44.77, 129.67, 8
3109, 2961, 13.63, 45.29, 129.43, 9
3091, 2935, 13.77, 45.82, 131.44, 10
3113, 2964, 12.36, 37.17, 130.77, 1
3127, 2981, 12.40, 40.02, 132.11, 2
3110, 2959, 12.58, 42.37, 129.24, 3
3109, 2961, 12.62, 43.42, 130.25, 4
3112, 2960, 12.75, 44.32, 129.70, 5
3131, 2978, 12.75, 44.98, 130.25, 6
3128, 2975, 12.80, 45.62, 130.28, 7
3129, 2978, 12.87, 46.22, 130.77, 8
3105, 2956, 12.90, 46.72, 129.67, 9
3128, 2980, 12.94, 47.18, 129.21, 10
3144, 2994, 11.65, 37.98, 130.04, 1
3123, 2976, 11.78, 40.78, 132.69, 2
3126, 2976, 11.86, 43.12, 128.39, 3
3152, 2972, 12.00, 44.20, 129.15, 4
3128, 2976, 12.06, 45.21, 128.45, 5
3122, 2977, 12.17, 45.96, 129.15, 6
3120, 2979, 12.07, 46.65, 132.08, 7
3145, 2989, 12.30, 47.08, 129.88, 8
3126, 2969, 12.26, 47.70, 129.73, 9
3143, 2987, 12.29, 48.27, 129.88, 10
3141, 2992, 11.01, 38.74, 129.43, 1
3162, 3003, 11.12, 41.56, 133.97, 2
3136, 2987, 11.35, 44.06, 128.05, 3
3139, 2985, 11.49, 45.28, 130.83, 4
3142, 2987, 11.43, 46.24, 130.77, 5
3158, 3003, 11.43, 46.94, 128.51, 6
3134, 2984, 11.59, 47.73, 130.55, 7
3139, 2984, 11.58, 48.41, 131.04, 8
3139, 2984, 11.71, 49.00, 131.04, 9
3155, 2999, 11.68, 49.43, 131.29, 10
3152, 2994, 10.76, 39.53, 126.01, 1
3171, 3021, 10.84, 42.47, 129.43, 2
3151, 2996, 10.93, 44.96, 130.19, 3
3147, 2998, 11.03, 46.34, 128.69, 4
3147, 2997, 11.18, 47.28, 127.87, 5
3168, 3007, 11.20, 48.06, 130.34, 6
3142, 2991, 11.32, 48.82, 130.25, 7
3162, 3005, 11.39, 49.38, 128.45, 8
3164, 3009, 11.30, 50.12, 130.83, 9
3141, 2995, 11.38, 50.54, 131.81, 10
3176, 3020, 10.53, 40.38, 134.40, 1
3172, 3019, 10.71, 42.33, 130.92, 2
3157, 3002, 10.67, 44.42, 130.77, 3
3175, 3013, 10.87, 46.13, 129.67, 4
3171, 3020, 11.00, 47.39, 128.39, 5
3148, 3002, 11.00, 48.42, 130.77, 6
3151, 3000, 11.03, 49.22, 131.53, 7
3151, 2995, 11.08, 50.04, 129.30, 8
3149, 3004, 11.17, 50.53, 128.69, 9
3150, 2995, 11.30, 51.14, 128.91, 10
3181, 3022, 10.43, 41.17, 131.62, 1
3154, 3000, 10.46, 43.77, 132.35, 2
3149, 2996, 10.64, 46.41, 128.39, 3
3171, 3018, 10.77, 47.69, 129.21, 4
3172, 3017, 10.84, 48.77, 129.21, 5
3170, 3014, 10.94, 49.63, 129.49, 6
3167, 3003, 11.00, 50.30, 130.07, 7
3170, 3017, 11.10, 50.84, 130.00, 8
3146, 2999, 11.15, 51.54, 130.07, 9
3147, 3004, 11.15, 52.05, 130.16, 10
3159, 3013, 10.08, 42.15, 130.49, 1
3176, 3027, 10.23, 44.74, 131.81, 2
3170, 3025, 10.32, 47.69, 128.39, 3
3151, 3010, 10.49, 49.40, 129.15, 4
3148, 3002, 10.60, 50.58, 128.45, 5
3173, 3023, 10.66, 51.55, 129.12, 6
3144, 3004, 10.64, 52.38, 129.12, 7
3143, 3001, 10.79, 53.22, 129.12, 8
3143, 3019, 10.73, 53.78, 129.70, 9
3138, 3004, 10.83, 54.36, 129.00, 10
3183, 3033, 9.82, 43.83, 127.44, 1
3157, 3012, 10.01, 46.38, 132.75, 2
3156, 3014, 10.15, 49.19, 129.70, 3
3151, 3016, 10.25, 50.61, 128.63, 4
3156, 3015, 10.31, 51.74, 130.34, 5
3169, 3034, 10.32, 52.67, 131.62, 6
3169, 3026, 10.39, 53.44, 129.15, 7
3150, 3026, 10.53, 54.31, 130.65, 8
3150, 3010, 10.50, 54.79, 131.53, 9
3167, 3024, 10.53, 55.49, 129.30, 10
3189, 3032, 9.76, 45.54, 134.43, 1
3178, 3033, 9.92, 47.26, 129.79, 2
3178, 3032, 9.92, 49.45, 129.21, 3
3158, 3018, 9.97, 51.05, 131.04, 4
3155, 3017, 10.15, 52.29, 128.51, 5
3155, 3009, 10.19, 53.25, 129.00, 6
3175, 3026, 10.22, 54.09, 129.43, 7
3177, 3012, 10.25, 54.93, 130.62, 8
3175, 3026, 10.23, 55.48, 131.29, 9
3173, 3028, 10.39, 56.03, 131.53, 10
3165, 3025, 9.58, 46.77, 134.64, 1
3157, 3016, 9.71, 48.24, 128.85, 2
3177, 3033, 9.70, 50.24, 130.04, 3
3176, 3038, 9.97, 51.89, 129.61, 4
3153, 3018, 10.02, 53.16, 130.43, 5
3175, 3031, 10.02, 54.13, 131.47, 6
3170, 3032, 10.12, 55.00, 131.53, 7
3177, 3027, 10.18, 55.74, 129.24, 8
3151, 3032, 10.19, 56.45, 128.75, 9
3147, 3009, 10.22, 57.10, 129.15, 10
3175, 3023, 9.58, 48.17, 130.55, 1
3153, 3017, 9.68, 50.12, 131.62, 2
3161, 3019, 9.78, 52.30, 128.23, 3
3179, 3032, 9.94, 53.74, 129.15, 4
3178, 3027, 9.99, 54.64, 128.69, 5
3156, 3014, 10.06, 55.62, 129.43, 6
3153, 3009, 10.19, 56.32, 130.13, 7
3171, 3030, 10.11, 56.99, 130.04, 8
3154, 3009, 10.32, 57.63, 130.19, 9
3152, 3003, 10.26, 58.20, 129.88, 10
3166, 3023, 9.64, 49.32, 127.93, 1
3158, 3016, 9.67, 51.18, 134.58, 2
3179, 3036, 9.84, 53.22, 128.14, 3
3157, 3014, 9.97, 54.60, 129.30, 4
3152, 3015, 10.01, 55.59, 128.57, 5
3171, 3033, 10.04, 56.40, 129.24, 6
3153, 3011, 10.18, 57.14, 129.88, 7
3174, 3031, 10.12, 57.82, 129.79, 8
3152, 3006, 10.19, 58.33, 131.90, 9
3173, 3022, 10.26, 58.83, 129.49, 10
3175, 3019, 9.57, 50.52, 131.26, 1
3148, 3017, 9.60, 52.15, 129.49, 2
3154, 3017, 9.77, 54.21, 127.44, 3
3172, 3034, 9.82, 55.47, 129.15, 4
3177, 3027, 9.98, 56.51, 128.23, 5
3173, 3028, 9.89, 57.14, 130.83, 6
3158, 3012, 10.19, 57.92, 129.67, 7
3157, 3023, 10.13, 58.45, 129.30, 8
3173, 3026, 10.16, 58.99, 130.19, 9
3172, 3024, 10.19, 59.51, 130.43, 10
3185, 3042, 9.46, 51.35, 134.64, 1
3178, 3037, 9.47, 52.51, 128.05, 2
3157, 3020, 9.54, 54.08, 130.13, 3
3177, 3031, 9.71, 55.42, 130.28, 4
3179, 3035, 9.87, 56.41, 128.85, 5
3155, 3015, 9.84, 57.28, 129.00, 6
3157, 3019, 9.87, 58.00, 129.00, 7
3156, 3013, 9.99, 58.58, 129.70, 8
3172, 3029, 10.06, 59.24, 129.15, 9
3171, 3031, 10.05, 59.53, 130.04, 10
3178, 3029, 9.30, 52.15, 130.28, 1
3162, 3022, 9.37, 53.64, 133.09, 2
3177, 3043, 9.47, 55.70, 126.40, 3
3183, 3038, 9.68, 56.99, 129.70, 4
3157, 3018, 9.70, 57.89, 129.70, 5
3181, 3036, 9.76, 58.67, 130.28, 6
3176, 3032, 9.84, 59.35, 130.28, 7
3153, 3015, 9.91, 59.98, 130.55, 8
3177, 3033, 9.98, 60.50, 129.67, 9
3172, 3029, 9.97, 61.00, 129.43, 10
3168, 3041, 9.40, 53.46, 127.59, 1
3182, 3037, 9.57, 54.97, 134.43, 2
3178, 3025, 9.64, 56.78, 126.22, 3
3149, 3020, 9.82, 58.05, 129.70, 4
3153, 3009, 9.92, 58.92, 129.70, 5
3151, 3011, 9.97, 59.59, 128.45, 6
3172, 3032, 10.02, 60.28, 130.19, 7
3147, 3004, 10.09, 60.87, 130.19, 8
3143, 3006, 10.05, 61.36, 129.15, 9
3168, 3020, 10.09, 61.92, 130.55, 10
3162, 3018, 9.57, 54.46, 127.20, 1
3169, 3029, 9.58, 56.02, 130.19, 2
3151, 3008, 9.85, 57.92, 126.98, 3
3168, 3031, 9.85, 59.05, 129.49, 4
3170, 3027, 9.94, 59.82, 129.43, 5
3168, 3025, 10.06, 60.52, 129.88, 6
3166, 3026, 10.01, 61.12, 129.55, 7
3164, 3004, 10.11, 61.84, 129.67, 8
3141, 3005, 10.16, 62.27, 130.16, 9
3142, 3002, 10.31, 62.74, 130.13, 10
3156, 3016, 9.74, 55.51, 127.44, 1
3169, 3027, 9.80, 56.50, 127.38, 2
3151, 3007, 9.95, 58.03, 130.49, 3
3147, 3008, 9.97, 59.02, 128.63, 4
3164, 3024, 10.08, 59.88, 129.79, 5
3145, 3003, 10.11, 60.69, 130.55, 6
3160, 3024, 10.29, 61.40, 129.21, 7
3163, 3015, 10.26, 62.01, 129.55, 8
3159, 3019, 10.29, 62.47, 129.79, 9
3161, 3016, 10.39, 63.02, 130.16, 10
3178, 3031, 9.77, 56.18, 128.14, 1
3147, 3009, 9.91, 57.50, 132.75, 2
3147, 3005, 9.92, 59.07, 130.77, 3
3153, 3003, 10.06, 60.10, 130.19, 4
3146, 3007, 10.16, 60.81, 131.29, 5
3160, 3020, 10.23, 61.43, 130.19, 6
3166, 3005, 10.35, 62.10, 130.43, 7
3140, 2998, 10.28, 62.54, 128.14, 8
3138, 2999, 10.39, 63.05, 130.19, 9
3142, 2997, 10.45, 63.55, 130.49, 10
3155, 3009, 9.82, 56.84, 133.45, 1
3163, 3024, 9.95, 58.13, 132.66, 2
3161, 3024, 10.06, 59.66, 130.49, 3
3159, 3018, 10.31, 60.70, 128.05, 4
3140, 3013, 10.23, 61.43, 130.28, 5
3159, 3019, 10.45, 62.08, 129.67, 6
3140, 2999, 10.48, 62.66, 130.19, 7
3161, 3013, 10.38, 63.19, 130.65, 8
3156, 3015, 10.42, 63.61, 128.14, 9
3156, 3010, 10.66, 64.12, 130.83, 10
3165, 3024, 10.04, 57.41, 134.61, 1
3157, 3018, 10.25, 58.36, 127.59, 2
3164, 2995, 10.26, 59.51, 130.49, 3
3133, 2995, 10.35, 60.60, 129.00, 4
3131, 2997, 10.42, 61.52, 129.88, 5
3155, 3015, 10.55, 62.32, 130.19, 6
3135, 2992, 10.52, 62.99, 130.55, 7
3131, 2993, 10.64, 63.56, 128.23, 8
3140, 2994, 10.67, 64.08, 131.01, 9
3129, 2986, 10.67, 64.58, 129.55, 10
3152, 3006, 10.11, 58.36, 127.35, 1
3150, 2994, 10.19, 59.45, 132.75, 2
3132, 3013, 10.25, 61.01, 130.74, 3
3136, 2993, 10.43, 61.96, 129.55, 4
3158, 2998, 10.42, 62.65, 131.04, 5
3134, 2993, 10.57, 63.33, 129.00, 6
3150, 3010, 10.71, 63.85, 128.75, 7
3137, 2990, 10.66, 64.36, 132.08, 8
3151, 3009, 10.73, 64.75, 129.67, 9
3127, 3007, 10.67, 65.05, 130.00, 10
3173, 3025, 10.02, 58.63, 132.17, 1
3136, 3000, 10.04, 59.76, 132.29, 2
3155, 3012, 10.22, 61.09, 132.57, 3
3158, 3017, 10.33, 62.18, 129.24, 4
3159, 3012, 10.46, 62.89, 129.55, 5
3155, 3010, 10.43, 63.43, 130.83, 6
3134, 2992, 10.57, 64.05, 128.75, 7
3152, 3009, 10.56, 64.47, 129.12, 8
3127, 2990, 10.59, 65.00, 129.70, 9
3149, 3007, 10.63, 65.32, 129.70, 10
3148, 3003, 9.89, 59.15, 133.51, 1
3138, 3001, 10.06, 59.95, 128.14, 2
3139, 3006, 10.13, 60.99, 131.20, 3
3158, 3012, 10.15, 62.04, 131.04, 4
3155, 3016, 10.31, 62.81, 130.19, 5
3137, 2990, 10.31, 63.47, 130.43, 6
3136, 2993, 10.38, 64.05, 128.39, 7
3156, 3010, 10.43, 64.48, 130.83, 8
3155, 2992, 10.50, 64.94, 129.43, 9
3156, 3007, 10.52, 65.34, 129.00, 10
3154, 3010, 9.74, 59.48, 126.74, 1
3141, 3000, 9.74, 60.50, 132.45, 2
3156, 3021, 9.92, 61.98, 130.62, 3
3138, 2997, 10.13, 62.94, 128.51, 4
3156, 3021, 10.19, 63.62, 132.26, 5
3159, 3018, 10.28, 64.31, 132.17, 6
3158, 3014, 10.19, 64.75, 132.78, 7
3155, 3010, 10.31, 65.28, 130.28, 8
3136, 2998, 10.40, 65.61, 129.43, 9
3154, 3009, 10.46, 66.09, 128.85, 10
3172, 3022, 10.05, 59.87, 130.55, 1
3168, 3015, 10.09, 60.96, 133.82, 2
3160, 3016, 10.23, 62.28, 130.43, 3
3138, 3013, 10.33, 62.98, 128.75, 4
3160, 3013, 10.42, 63.60, 129.88, 5
3159, 3012, 10.50, 64.03, 129.15, 6
3134, 2994, 10.55, 64.53, 129.88, 7
3135, 2998, 10.61, 64.94, 129.30, 8
3133, 2990, 10.74, 65.26, 130.19, 9
3153, 3004, 10.70, 65.65, 128.14, 10
3136, 2988, 10.77, 59.52, 134.95, 1
3117, 2982, 10.89, 60.44, 131.29, 2
3140, 3001, 11.03, 61.41, 127.62, 3
3120, 2981, 11.12, 62.29, 127.44, 4
3113, 3001, 11.21, 63.16, 129.15, 5
3139, 2988, 11.27, 63.85, 129.67, 6
3138, 2993, 11.38, 64.44, 130.62, 7
3116, 2974, 11.38, 64.82, 131.74, 8
3130, 2979, 11.46, 65.33, 129.21, 9
3134, 2990, 11.51, 65.75, 128.51, 10
3086, 2939, 12.94, 59.44, 132.11, 1
3103, 2953, 13.11, 60.46, 132.81, 2
3103, 2954, 13.26, 61.19, 131.87, 3
3097, 2959, 13.39, 61.51, 127.93, 4
3081, 2933, 13.39, 61.82, 127.11, 5
3075, 2936, 13.53, 62.20, 128.05, 6
3070, 2951, 13.63, 62.55, 129.24, 7
3101, 2946, 13.71, 62.77, 130.16, 8
3095, 2949, 13.70, 62.77, 130.19, 9
3071, 2929, 13.83, 62.68, 130.28, 10
2982, 2828, 18.66, 56.26, 134.95, 1
2966, 2827, 18.82, 56.89, 126.53, 2
2989, 2847, 18.91, 56.82, 127.04, 3
2991, 2847, 19.19, 56.54, 128.23, 4
2974, 2844, 19.29, 55.47, 126.74, 5
2963, 2841, 19.46, 53.98, 128.20, 6
2984, 2844, 19.57, 52.88, 126.10, 7
2980, 2837, 19.71, 52.16, 126.22, 8
2980, 2839, 19.81, 51.94, 126.22, 9
2958, 2832, 19.97, 51.30, 126.40, 10
2818, 2667, 26.24, 51.89, 134.58, 1
2826, 2673, 26.27, 46.93, 132.75, 2
2821, 2690, 26.49, 44.39, 131.20, 3
2796, 2690, 26.75, 43.33, 133.64, 4
2821, 2673, 26.83, 42.76, 130.49, 5
2802, 2677, 26.97, 41.24, 130.16, 6
2819, 2664, 27.04, 41.00, 130.16, 7
2796, 2666, 27.11, 40.87, 130.34, 8
2792, 2666, 27.26, 39.98, 129.03, 9
2805, 2677, 27.30, 38.51, 130.65, 10
2738, 2606, 28.36, 46.65, 134.37, 1
2758, 2634, 28.42, 42.01, 130.55, 2
2762, 2610, 28.51, 39.42, 126.62, 3
2760, 2611, 28.59, 38.44, 128.14, 4
2763, 2636, 28.56, 37.66, 131.59, 5
2760, 2618, 28.70, 36.89, 130.19, 6
2739, 2634, 28.61, 36.23, 130.49, 7
2756, 2614, 28.71, 35.57, 129.00, 8
2761, 2636, 28.64, 34.91, 130.55, 9
2738, 2636, 28.77, 33.09, 130.92, 10
2857, 2725, 22.97, 42.45, 128.30, 1
2856, 2727, 22.98, 37.33, 131.10, 2
2883, 2745, 23.22, 34.84, 130.16, 3
2880, 2729, 23.28, 34.85, 130.49, 4
2862, 2743, 23.25, 34.69, 130.77, 5
2859, 2729, 23.36, 33.88, 130.62, 6
2859, 2731, 23.26, 33.06, 127.75, 7
2865, 2728, 23.29, 32.10, 130.49, 8
2867, 2730, 23.38, 31.62, 130.49, 9
2880, 2749, 23.41, 31.32, 131.59, 10
2950, 2808, 20.14, 40.21, 134.09, 1
2937, 2791, 20.11, 39.32, 131.62, 2
2959, 2808, 20.36, 36.56, 127.17, 3
2934, 2794, 20.35, 35.10, 129.61, 4
2955, 2812, 20.45, 34.26, 129.27, 5
2934, 2794, 20.43, 33.56, 130.19, 6
2953, 2797, 20.55, 33.12, 130.19, 7
2934, 2807, 20.60, 33.30, 130.13, 8
2949, 2814, 20.60, 34.46, 130.25, 9
2948, 2808, 20.62, 35.26, 130.83, 10
2965, 2839, 18.98, 39.71, 133.61, 1
2960, 2839, 19.06, 37.62, 129.43, 2
2954, 2839, 19.30, 36.80, 130.07, 3
2986, 2817, 19.41, 36.27, 128.85, 4
2958, 2822, 19.46, 35.18, 127.81, 5
2976, 2837, 19.38, 35.04, 131.04, 6
2959, 2819, 19.52, 34.03, 131.99, 7
2978, 2823, 19.64, 33.46, 129.27, 8
2974, 2838, 19.58, 33.03, 128.57, 9
2959, 2818, 19.61, 32.39, 128.57, 10
2991, 2845, 18.45, 38.81, 134.28, 1
2967, 2855, 18.54, 36.66, 129.27, 2
2976, 2857, 18.69, 34.86, 128.51, 3
2976, 2834, 18.82, 33.89, 129.67, 4
2989, 2853, 18.82, 33.09, 129.43, 5
2968, 2850, 18.94, 33.32, 130.25, 6
2976, 2828, 19.01, 33.71, 130.49, 7
2996, 2830, 18.95, 33.60, 128.05, 8
2993, 2846, 19.15, 33.24, 130.49, 9
2995, 2829, 19.07, 32.13, 130.49, 10
2999, 2859, 18.23, 38.19, 132.29, 1
2977, 2837, 18.44, 37.32, 130.49, 2
2979, 2831, 18.44, 37.10, 127.38, 3
2981, 2833, 18.58, 36.48, 128.85, 4
2997, 2855, 18.55, 36.12, 131.90, 5
2978, 2842, 18.64, 35.96, 130.25, 6
2977, 2834, 18.71, 35.83, 131.10, 7
2976, 2834, 18.82, 35.48, 127.93, 8
2971, 2854, 18.85, 35.68, 130.34, 9
2970, 2850, 18.89, 36.07, 130.49, 10
2980, 2857, 18.14, 38.52, 134.61, 1
3004, 2844, 18.11, 37.75, 129.49, 2
2983, 2843, 18.31, 36.71, 127.96, 3
2981, 2857, 18.37, 35.72, 129.88, 4
2985, 2838, 18.59, 35.65, 129.43, 5
2982, 2840, 18.59, 35.40, 130.49, 6
3002, 2857, 18.59, 35.56, 130.49, 7
2998, 2859, 18.69, 35.56, 131.38, 8
2978, 2839, 18.66, 36.00, 127.62, 9
2982, 2837, 18.71, 35.42, 127.29, 10
2979, 2837, 18.28, 38.34, 134.64, 1
2976, 2860, 18.38, 37.58, 130.77, 2
2979, 2842, 18.52, 37.27, 128.51, 3
2980, 2834, 18.61, 36.85, 129.88, 4
2980, 2837, 18.74, 36.71, 129.24, 5
2974, 2850, 18.71, 36.46, 129.49, 6
2997, 2840, 18.78, 36.27, 130.25, 7
2990, 2855, 18.88, 35.92, 130.34, 8
2993, 2851, 18.86, 35.64, 131.20, 9
2976, 2833, 18.94, 35.56, 127.96, 10
2978, 2838, 18.48, 38.23, 134.64, 1
3000, 2856, 18.44, 36.44, 130.77, 2
2976, 2839, 18.68, 35.28, 126.74, 3
2977, 2837, 18.72, 34.43, 129.67, 4
2996, 2862, 18.84, 34.80, 129.43, 5
2997, 2828, 18.86, 35.46, 129.43, 6
2971, 2836, 18.96, 36.36, 130.65, 7
2991, 2845, 18.98, 36.84, 131.38, 8
2994, 2851, 19.02, 37.33, 131.44, 9
2991, 2829, 19.12, 36.46, 131.44, 10
2981, 2840, 18.89, 38.59, 131.53, 1
2962, 2819, 19.15, 35.57, 129.79, 2
2963, 2825, 19.25, 33.28, 126.59, 3
2960, 2842, 19.31, 31.94, 130.16, 4
2983, 2842, 19.41, 31.60, 127.56, 5
2963, 2821, 19.45, 31.26, 127.62, 6
2961, 2823, 19.47, 32.26, 127.35, 7
2979, 2835, 19.63, 32.77, 127.81, 8
2979, 2839, 19.67, 33.13, 130.92, 9
2978, 2840, 19.63, 32.70, 128.42, 10
2983, 2843, 19.02, 37.52, 134.37, 1
2962, 2828, 19.23, 34.92, 129.15, 2
2980, 2840, 19.25, 32.86, 126.50, 3
2982, 2839, 19.27, 31.80, 130.16, 4
2954, 2842, 19.46, 30.63, 129.70, 5
2960, 2821, 19.54, 30.62, 128.20, 6
2959, 2834, 19.58, 31.15, 130.62, 7
2958, 2819, 19.60, 31.77, 128.30, 8
2957, 2815, 19.68, 32.74, 131.01, 9
2959, 2819, 19.74, 31.88, 131.90, 10
2959, 2816, 19.10, 37.08, 133.79, 1
2965, 2818, 19.26, 36.37, 130.62, 2
2958, 2842, 19.41, 35.24, 129.30, 3
2957, 2822, 19.34, 34.01, 130.65, 4
2959, 2820, 19.47, 34.25, 129.61, 5
2981, 2821, 19.54, 34.29, 130.49, 6
2961, 2820, 19.54, 32.85, 131.20, 7
2983, 2832, 19.68, 32.69, 131.44, 8
2977, 2834, 19.76, 33.62, 131.62, 9
2975, 2835, 19.78, 33.84, 129.27, 10
2986, 2822, 19.12, 36.86, 133.30, 1
2980, 2834, 19.19, 35.89, 129.88, 2
2979, 2841, 19.46, 34.29, 126.50, 3
2977, 2840, 19.47, 32.96, 130.04, 4
2958, 2820, 19.60, 32.43, 129.88, 5
2957, 2815, 19.58, 32.63, 128.30, 6
2956, 2816, 19.67, 33.01, 130.77, 7
2956, 2817, 19.82, 32.25, 128.42, 8
2954, 2814, 19.78, 31.30, 130.65, 9
2978, 2831, 19.84, 31.69, 131.81, 10
2976, 2836, 19.30, 36.46, 134.16, 1
2975, 2839, 19.50, 34.13, 128.75, 2
2975, 2817, 19.54, 31.60, 127.69, 3
2979, 2832, 19.67, 31.14, 130.13, 4
2955, 2816, 19.66, 30.97, 127.38, 5
2955, 2817, 19.76, 31.13, 129.88, 6
2958, 2837, 19.82, 30.32, 128.14, 7
2974, 2829, 19.87, 30.45, 130.62, 8
2952, 2819, 19.88, 30.43, 128.30, 9
2947, 2829, 20.02, 30.91, 130.65, 10
2952, 2835, 19.40, 36.16, 134.09, 1
2975, 2839, 19.46, 35.12, 128.63, 2
2953, 2837, 19.60, 34.69, 126.62, 3
2954, 2815, 19.73, 34.62, 130.19, 4
2973, 2816, 19.81, 33.65, 130.04, 5
2975, 2836, 19.91, 33.63, 128.39, 6
2972, 2837, 19.97, 32.55, 130.62, 7
2972, 2835, 20.04, 32.14, 131.29, 8
2971, 2834, 20.08, 31.56, 131.53, 9
2968, 2827, 19.98, 32.03, 131.53, 10
2970, 2838, 19.53, 36.07, 131.20, 1
2966, 2828, 19.71, 35.92, 129.79, 2
2977, 2813, 19.73, 35.78, 127.69, 3
2948, 2813, 19.85, 34.25, 130.13, 4
2969, 2834, 19.94, 33.33, 130.55, 5
2951, 2828, 20.02, 33.12, 130.62, 6
2949, 2809, 20.08, 32.55, 131.62, 7
2949, 2812, 20.21, 31.60, 131.29, 8
2962, 2830, 20.19, 30.86, 129.12, 9
2968, 2811, 20.22, 32.00, 128.14, 10
2968, 2829, 19.54, 36.16, 130.77, 1
2948, 2813, 19.67, 34.98, 129.49, 2
2974, 2826, 19.74, 34.65, 127.69, 3
2950, 2812, 19.81, 33.76, 130.13, 4
2952, 2814, 19.94, 34.06, 127.59, 5
2945, 2820, 20.02, 32.77, 130.13, 6
2969, 2833, 20.12, 32.86, 128.14, 7
2969, 2834, 20.19, 32.81, 130.62, 8
2952, 2812, 20.04, 32.20, 131.47, 9
2968, 2827, 20.15, 31.97, 131.62, 10
2976, 2831, 19.41, 35.92, 133.73, 1
2971, 2837, 19.41, 34.59, 130.55, 2
2974, 2837, 19.57, 33.50, 128.63, 3
2975, 2839, 19.70, 32.35, 130.55, 4
2957, 2814, 19.77, 32.35, 129.49, 5
2975, 2839, 19.88, 32.71, 130.49, 6
2953, 2830, 19.84, 31.64, 127.87, 7
2955, 2832, 20.02, 31.86, 130.19, 8
2971, 2830, 19.92, 30.74, 130.19, 9
2977, 2812, 19.98, 30.28, 130.43, 10
2959, 2837, 19.29, 35.69, 134.77, 1
2985, 2819, 19.29, 34.26, 129.79, 2
2981, 2840, 19.38, 33.37, 128.20, 3
2957, 2821, 19.56, 33.35, 129.79, 4
2957, 2817, 19.58, 32.70, 129.61, 5
2956, 2820, 19.60, 32.16, 127.11, 6
2959, 2821, 19.63, 31.14, 129.49, 7
2960, 2819, 19.71, 30.66, 130.43, 8
2955, 2812, 19.82, 30.50, 130.43, 9
2974, 2837, 19.78, 31.78, 131.20, 10
2986, 2850, 18.64, 35.33, 134.61, 1
2965, 2850, 18.80, 33.54, 130.16, 2
2991, 2852, 18.96, 32.74, 130.16, 3
2969, 2827, 18.96, 31.72, 129.21, 4
2973, 2820, 18.99, 32.08, 131.04, 5
2964, 2827, 19.05, 32.74, 132.11, 6
2985, 2850, 19.26, 32.30, 129.49, 7
2988, 2851, 19.20, 31.56, 129.61, 8
2985, 2845, 19.29, 31.07, 132.20, 9
2963, 2848, 19.33, 31.25, 130.49, 10
2983, 2850, 17.87, 35.51, 134.40, 1
2989, 2843, 18.00, 34.61, 128.23, 2
2984, 2848, 18.10, 35.07, 128.23, 3
2985, 2854, 18.20, 34.19, 131.10, 4
2989, 2847, 18.14, 33.85, 131.01, 5
3004, 2866, 18.34, 32.92, 131.81, 6
3008, 2867, 18.27, 32.99, 129.49, 7
2983, 2848, 18.37, 33.22, 129.67, 8
2986, 2848, 18.50, 32.65, 129.00, 9
2986, 2850, 18.41, 32.16, 129.70, 10
3028, 2886, 17.13, 35.42, 131.62, 1
3008, 2866, 17.22, 34.59, 131.59, 2
3025, 2888, 17.28, 33.72, 129.00, 3
3029, 2866, 17.39, 33.21, 130.49, 4
3022, 2889, 17.43, 34.06, 131.01, 5
3030, 2878, 17.56, 34.13, 131.53, 6
3000, 2881, 17.63, 33.74, 129.30, 7
3029, 2863, 17.59, 33.71, 128.45, 8
3005, 2861, 17.68, 33.50, 131.01, 9
3019, 2882, 17.68, 33.50, 131.59, 10
3024, 2881, 16.39, 35.44, 134.06, 1
3018, 2884, 16.50, 35.15, 128.39, 2
3042, 2902, 16.54, 35.29, 129.70, 3
3040, 2897, 16.68, 35.64, 130.74, 4
3043, 2902, 16.74, 35.31, 129.24, 5
3038, 2901, 16.87, 34.92, 129.70, 6
3041, 2897, 16.85, 35.28, 128.14, 7
3024, 2882, 16.97, 35.31, 130.83, 8
3042, 2898, 16.94, 35.31, 128.51, 9
3016, 2880, 17.04, 35.28, 128.57, 10
3059, 2916, 15.78, 35.95, 130.13, 1
3056, 2914, 15.88, 35.33, 132.90, 2
3055, 2916, 15.98, 35.15, 130.49, 3
3054, 2910, 16.15, 35.53, 130.28, 4
3055, 2892, 16.20, 35.16, 129.39, 5
3034, 2896, 16.26, 35.01, 129.12, 6
3035, 2894, 16.23, 35.01, 130.19, 7
3059, 2890, 16.43, 34.89, 130.28, 8
3054, 2909, 16.39, 34.92, 130.19, 9
3028, 2895, 16.46, 35.30, 128.30, 10
3062, 2904, 15.41, 36.01, 131.99, 1
3075, 2909, 15.48, 35.32, 129.39, 2
3045, 2903, 15.68, 35.10, 129.61, 3
3065, 2926, 15.65, 35.48, 129.12, 4
3069, 2925, 15.77, 35.53, 130.74, 5
3046, 2906, 15.88, 34.83, 129.21, 6
3066, 2924, 15.99, 34.65, 129.61, 7
3063, 2923, 15.91, 35.10, 129.27, 8
3066, 2923, 15.91, 34.96, 130.16, 9
3064, 2919, 16.05, 34.49, 130.16, 10
3051, 2913, 14.96, 36.07, 133.61, 1
3055, 2915, 15.13, 35.79, 128.42, 2
3073, 2935, 15.17, 34.97, 129.70, 3
3057, 2910, 15.30, 35.06, 130.77, 4
3075, 2932, 15.40, 35.39, 130.55, 5
3076, 2927, 15.40, 35.24, 128.63, 6
3057, 2916, 15.55, 35.25, 129.03, 7
3054, 2906, 15.48, 34.61, 129.27, 8
3076, 2907, 15.44, 34.75, 129.49, 9
3055, 2912, 15.58, 35.12, 130.16, 10
3086, 2938, 14.56, 36.11, 131.99, 1
3066, 2927, 14.68, 35.41, 130.62, 2
3087, 2926, 14.73, 35.14, 129.55, 3
3085, 2925, 14.92, 36.03, 130.13, 4
3087, 2940, 14.97, 36.33, 130.62, 5
3061, 2942, 15.04, 36.17, 128.63, 6
3088, 2939, 15.07, 36.30, 128.75, 7
3067, 2920, 15.09, 36.25, 128.63, 8
3066, 2916, 15.04, 36.25, 130.77, 9
3057, 2919, 15.22, 36.09, 131.81, 10
3096, 2956, 14.08, 36.43, 130.13, 1
3074, 2937, 14.17, 35.82, 131.87, 2
3103, 2952, 14.38, 35.17, 129.03, 3
3077, 2933, 14.48, 35.88, 129.03, 4
3096, 2954, 14.51, 36.17, 129.43, 5
3096, 2951, 14.65, 36.59, 129.70, 6
3077, 2932, 14.73, 36.79, 130.13, 7
3092, 2951, 14.75, 36.36, 130.28, 8
3097, 2950, 14.76, 36.00, 130.77, 9
3099, 2927, 14.75, 36.15, 129.30, 10
3082, 2942, 13.77, 36.60, 134.25, 1
3085, 2942, 13.81, 36.65, 130.55, 2
3085, 2939, 13.98, 37.18, 130.34, 3
3082, 2944, 14.01, 37.37, 130.92, 4
3081, 2943, 14.11, 37.64, 130.16, 5
3086, 2944, 14.28, 37.56, 129.67, 6
3103, 2939, 14.24, 37.26, 129.88, 7
3102, 2957, 14.29, 37.20, 130.19, 8
3103, 2958, 14.35, 37.40, 130.34, 9
3103, 2957, 14.39, 37.60, 128.39, 10
3114, 2969, 13.53, 36.82, 130.55, 1
3089, 2939, 13.66, 37.23, 130.55, 2
3088, 2945, 13.67, 38.37, 131.99, 3
3092, 2950, 13.84, 38.09, 129.15, 4
3108, 2969, 13.91, 37.74, 130.92, 5
3086, 2944, 13.88, 37.25, 130.07, 6
3108, 2963, 13.96, 37.90, 130.07, 7
3110, 2963, 14.10, 38.58, 130.16, 8
3088, 2946, 14.11, 38.37, 130.55, 9
3088, 2946, 14.15, 38.43, 131.29, 10
3118, 2972, 13.32, 37.30, 133.27, 1
3098, 2948, 13.40, 38.31, 131.87, 2
3108, 2972, 13.53, 38.93, 128.85, 3
3117, 2973, 13.57, 38.68, 129.70, 4
3115, 2973, 13.66, 38.64, 129.88, 5
3093, 2950, 13.78, 39.41, 130.49, 6
3119, 2969, 13.94, 40.06, 131.29, 7
3091, 2948, 13.87, 40.37, 131.29, 8
3114, 2967, 13.84, 40.03, 129.21, 9
3113, 2968, 13.91, 40.29, 128.51, 10
3120, 2977, 13.15, 37.77, 132.26, 1
3097, 2960, 13.16, 37.84, 131.99, 2
3100, 2953, 13.22, 38.19, 129.24, 3
3125, 2972, 13.43, 38.41, 129.43, 4
3121, 2971, 13.50, 38.90, 131.53, 5
3120, 2974, 13.56, 39.56, 128.39, 6
3095, 2961, 13.53, 39.90, 130.62, 7
3098, 2959, 13.57, 39.60, 128.39, 8
3118, 2971, 13.56, 39.44, 130.62, 9
3097, 2953, 13.57, 39.65, 128.39, 10
3126, 2979, 12.92, 37.88, 129.70, 1
3130, 2987, 12.90, 37.92, 133.00, 2
3124, 2980, 13.13, 37.54, 130.92, 3
3106, 2962, 13.18, 37.46, 131.81, 4
3104, 2962, 13.19, 38.20, 129.67, 5
3105, 2961, 13.32, 39.17, 130.07, 6
3105, 2959, 13.35, 39.28, 129.88, 7
3103, 2969, 13.46, 38.88, 129.43, 8
3099, 2964, 13.46, 38.91, 129.73, 9
3121, 2961, 13.50, 39.09, 130.62, 10
3111, 2969, 12.82, 37.96, 132.69, 1
3127, 2985, 12.95, 39.43, 133.64, 2
3108, 2964, 12.92, 40.59, 128.11, 3
3113, 2963, 13.08, 40.03, 130.62, 4
3131, 2983, 13.21, 39.77, 130.04, 5
3106, 2957, 13.25, 39.58, 130.25, 6
3106, 2962, 13.32, 39.55, 130.92, 7
3130, 2971, 13.32, 39.47, 130.25, 8
3105, 2961, 13.35, 39.50, 130.34, 9
3106, 2959, 13.47, 40.31, 128.05, 10
3130, 2981, 12.80, 38.39, 134.06, 1
3128, 2983, 12.80, 38.74, 130.92, 2
3107, 2966, 12.95, 39.79, 129.43, 3
3108, 2967, 12.96, 40.33, 128.91, 4
3111, 2967, 13.15, 40.31, 130.28, 5
3109, 2965, 13.18, 40.56, 130.28, 6
3123, 2982, 13.23, 40.31, 130.65, 7
3109, 2963, 13.27, 40.22, 131.10, 8
3104, 2961, 13.35, 40.66, 129.88, 9
3126, 2983, 13.23, 40.66, 130.25, 10
3110, 2963, 12.77, 38.40, 131.99, 1
3129, 2981, 12.92, 39.27, 131.04, 2
3106, 2986, 12.94, 40.40, 128.23, 3
3111, 2960, 13.09, 40.41, 129.00, 4
3108, 2963, 13.19, 40.53, 129.67, 5
3108, 2963, 13.21, 40.69, 130.49, 6
3127, 2974, 13.27, 40.59, 130.49, 7
3108, 2965, 13.33, 40.45, 131.01, 8
3127, 2979, 13.32, 40.62, 131.29, 9
3102, 2959, 13.36, 41.01, 128.05, 10
3129, 2977, 12.87, 38.69, 131.20, 1
3103, 2955, 12.99, 39.51, 132.90, 2
3108, 2979, 13.09, 40.55, 128.51, 3
3128, 2974, 13.23, 41.22, 131.29, 4
3107, 2959, 13.27, 41.15, 129.88, 5
3108, 2962, 13.46, 40.96, 130.34, 6
3118, 2977, 13.45, 40.41, 130.49, 7
3123, 2979, 13.49, 40.77, 131.04, 8
3104, 2973, 13.49, 40.67, 128.11, 9
3126, 2976, 13.63, 40.74, 130.62, 10
3100, 2984, 13.15, 38.79, 129.24, 1
3121, 2980, 13.21, 38.93, 133.00, 2
3096, 2972, 13.39, 38.86, 127.38, 3
3098, 2963, 13.53, 38.60, 129.24, 4
3098, 2971, 13.59, 38.90, 131.44, 5
3102, 2951, 13.73, 38.97, 130.28, 6
3117, 2968, 13.73, 39.40, 127.93, 7
3096, 2954, 13.80, 39.62, 130.49, 8
3115, 2971, 13.81, 39.68, 131.01, 9
3115, 2952, 13.84, 40.00, 131.29, 10
3099, 2959, 13.33, 38.65, 134.77, 1
3096, 2949, 13.56, 39.63, 133.73, 2
3118, 2970, 13.69, 40.44, 131.47, 3
3094, 2949, 13.76, 40.28, 128.75, 4
3119, 2948, 13.78, 40.18, 129.88, 5
3121, 2945, 13.88, 40.25, 128.51, 6
3115, 2965, 13.94, 39.96, 130.77, 7
3108, 2964, 13.98, 39.38, 131.29, 8
3111, 2970, 14.04, 39.33, 131.53, 9
3110, 2963, 14.05, 39.44, 129.21, 10
3090, 2949, 13.50, 38.57, 133.79, 1
3115, 2968, 13.59, 38.83, 129.67, 2
3091, 2952, 13.67, 38.97, 131.10, 3
3090, 2949, 13.83, 39.03, 130.62, 4
3090, 2947, 13.94, 39.10, 130.13, 5
3094, 2952, 13.90, 39.28, 130.04, 6
3094, 2946, 13.96, 39.51, 130.19, 7
3091, 2945, 14.05, 39.68, 128.23, 8
3110, 2966, 14.17, 39.51, 130.65, 9
3089, 2948, 14.17, 39.23, 128.63, 10
3117, 2960, 13.56, 38.63, 131.01, 1
3085, 2944, 13.56, 38.46, 131.29, 2
3093, 2951, 13.70, 37.75, 127.35, 3
3111, 2964, 13.87, 38.05, 129.43, 4
3094, 2945, 13.88, 38.46, 130.62, 5
3093, 2951, 14.02, 38.40, 128.51, 6
3111, 2963, 13.94, 38.43, 130.77, 7
3114, 2954, 14.01, 38.67, 129.67, 8
3090, 2947, 14.07, 38.62, 128.75, 9
3087, 2948, 14.18, 38.37, 128.75, 10
3092, 2946, 13.50, 38.21, 130.77, 1
3090, 2943, 13.69, 38.70, 131.04, 2
3114, 2968, 13.74, 38.41, 127.20, 3
3095, 2949, 13.96, 38.21, 129.27, 4
3086, 2946, 13.94, 38.05, 130.65, 5
3108, 2961, 14.15, 37.77, 130.92, 6
3107, 2965, 14.14, 37.87, 129.21, 7
3107, 2959, 14.12, 38.31, 128.51, 8
3088, 2940, 14.11, 38.19, 130.92, 9
3084, 2945, 14.28, 37.93, 131.81, 10
3084, 2944, 13.73, 38.20, 128.45, 1
3108, 2961, 13.90, 38.44, 132.54, 2
3086, 2940, 14.10, 38.66, 127.38, 3
3106, 2965, 14.14, 38.90, 129.43, 4
3106, 2953, 14.25, 38.68, 130.49, 5
3098, 2960, 14.31, 38.74, 130.55, 6
3085, 2936, 14.43, 38.77, 131.53, 7
3095, 2956, 14.41, 39.01, 131.62, 8
3084, 2944, 14.41, 39.38, 129.43, 9
3088, 2936, 14.48, 39.26, 131.99, 10
3095, 2950, 14.29, 38.26, 131.62, 1
3094, 2953, 14.28, 38.64, 129.70, 2
3095, 2947, 14.45, 38.71, 129.00, 3
3075, 2931, 14.63, 38.79, 129.15, 4
3073, 2932, 14.75, 38.62, 130.49, 5
3098, 2931, 14.89, 38.93, 128.63, 6
3071, 2932, 14.83, 38.69, 128.75, 7
3096, 2933, 14.89, 38.46, 128.85, 8
3091, 2939, 14.94, 38.17, 129.21, 9
3089, 2947, 14.94, 37.90, 129.88, 10
3027, 2890, 16.37, 38.08, 130.19, 1
3031, 2894, 16.53, 37.69, 133.09, 2
3050, 2910, 16.64, 37.19, 129.88, 3
3030, 2909, 16.81, 36.97, 129.00, 4
3028, 2894, 16.90, 36.48, 131.81, 5
3049, 2910, 16.94, 36.16, 130.07, 6
3026, 2888, 16.95, 35.84, 130.28, 7
3048, 2903, 17.05, 35.69, 131.04, 8
3049, 2883, 17.10, 36.21, 131.47, 9
3024, 2884, 17.13, 36.31, 131.47, 10
2996, 2851, 18.06, 37.61, 128.63, 1
3015, 2873, 18.21, 36.76, 130.62, 2
2990, 2855, 18.41, 36.14, 127.04, 3
2988, 2856, 18.43, 35.24, 128.11, 4
2984, 2869, 18.54, 34.79, 130.19, 5
2991, 2869, 18.61, 34.74, 128.75, 6
3008, 2864, 18.75, 34.59, 128.85, 7
3006, 2865, 18.85, 34.46, 129.15, 8
3009, 2847, 18.89, 33.93, 132.11, 9
3001, 2862, 18.98, 34.08, 129.70, 10
2814, 2701, 25.87, 37.28, 134.61, 1
2844, 2714, 25.99, 34.02, 132.11, 2
2817, 2708, 26.18, 31.80, 134.06, 3
2835, 2708, 26.36, 30.82, 130.74, 4
2836, 2705, 26.46, 30.20, 125.27, 5
2833, 2709, 26.56, 29.48, 125.73, 6
2807, 2702, 26.64, 28.89, 127.35, 7
2826, 2705, 26.72, 28.32, 129.73, 8
2808, 2684, 26.73, 28.08, 127.35, 9
2808, 2698, 26.89, 27.54, 126.46, 10
2807, 2663, 26.69, 36.00, 134.37, 1
2779, 2661, 26.85, 32.29, 128.91, 2
2788, 2682, 26.94, 30.57, 131.20, 3
2814, 2664, 26.99, 29.19, 134.37, 4
2807, 2670, 27.11, 28.69, 126.77, 5
2786, 2664, 27.09, 28.02, 129.24, 6
2809, 2662, 27.13, 27.55, 131.44, 7
2784, 2680, 27.17, 27.60, 130.28, 8
2805, 2661, 27.21, 27.10, 130.55, 9
2783, 2662, 27.24, 26.77, 133.27, 10
2799, 2674, 26.09, 34.74, 134.80, 1
2822, 2694, 26.15, 31.66, 129.15, 2
2823, 2693, 26.28, 29.72, 131.87, 3
2820, 2695, 26.48, 28.77, 133.09, 4
2802, 2693, 26.52, 28.01, 129.27, 5
2826, 2691, 26.55, 27.37, 131.47, 6
2799, 2676, 26.59, 26.96, 129.49, 7
2797, 2676, 26.59, 26.80, 133.06, 8
2799, 2673, 26.70, 26.33, 130.25, 9
2820, 2673, 26.64, 26.16, 129.70, 10
2811, 2702, 25.64, 34.05, 134.89, 1
2834, 2708, 25.60, 30.82, 129.39, 2
2837, 2705, 25.80, 28.75, 130.19, 3
2829, 2698, 25.90, 28.07, 126.28, 4
2830, 2706, 25.88, 27.89, 130.28, 5
2811, 2706, 26.01, 27.79, 130.49, 6
2833, 2692, 26.08, 27.31, 130.49, 7
2809, 2683, 26.18, 26.59, 131.81, 8
2809, 2689, 26.09, 26.09, 131.90, 9
2827, 2708, 26.15, 25.86, 128.85, 10
2829, 2706, 25.70, 33.50, 134.89, 1
2829, 2717, 25.73, 30.33, 129.79, 2
2810, 2710, 25.80, 29.02, 132.78, 3
2809, 2704, 25.98, 28.23, 126.59, 4
2816, 2710, 25.92, 27.66, 127.50, 5
2835, 2688, 26.08, 27.07, 128.63, 6
2836, 2708, 26.21, 26.36, 129.24, 7
2830, 2700, 26.25, 26.03, 130.49, 8
2809, 2706, 26.25, 25.98, 131.81, 9
2809, 2681, 26.25, 25.83, 132.11, 10
2833, 2706, 25.33, 33.15, 134.09, 1
2815, 2711, 25.54, 30.40, 130.62, 2
2838, 2692, 25.67, 28.79, 130.77, 3
2838, 2708, 25.81, 27.93, 127.29, 4
2813, 2707, 25.80, 27.73, 129.79, 5
2838, 2707, 25.85, 27.46, 128.75, 6
2812, 2707, 26.01, 27.20, 128.75, 7
2839, 2691, 25.92, 26.95, 129.12, 8
2840, 2690, 25.95, 26.81, 130.19, 9
2814, 2691, 26.04, 26.49, 130.19, 10
2837, 2713, 25.33, 32.81, 134.95, 1
2843, 2712, 25.51, 30.51, 127.87, 2
2822, 2692, 25.64, 29.34, 130.04, 3
2838, 2709, 25.83, 28.36, 127.04, 4
2824, 2693, 25.90, 28.04, 129.67, 5
2840, 2710, 25.92, 27.64, 128.11, 6
2834, 2694, 26.15, 27.45, 131.44, 7
2817, 2695, 26.01, 27.12, 129.88, 8
2815, 2692, 26.15, 26.68, 130.04, 9
2818, 2686, 26.15, 26.47, 130.19, 10
2816, 2684, 26.64, 32.78, 134.95, 1
2793, 2687, 26.76, 30.41, 128.23, 2
2790, 2691, 26.91, 28.96, 130.04, 3
2809, 2688, 27.04, 28.35, 126.28, 4
2810, 2681, 27.13, 27.42, 127.69, 5
2813, 2681, 27.30, 27.11, 129.03, 6
2807, 2682, 27.23, 26.63, 131.01, 7
2784, 2683, 27.36, 26.55, 132.57, 8
2808, 2682, 27.34, 26.29, 130.19, 9
2786, 2681, 27.47, 25.99, 129.70, 10
2789, 2662, 27.66, 32.66, 134.70, 1
2768, 2661, 27.69, 30.12, 129.49, 2
2789, 2671, 27.88, 28.70, 132.90, 3
2795, 2664, 27.96, 27.92, 133.00, 4
2763, 2668, 28.13, 27.49, 125.37, 5
2771, 2647, 28.13, 27.05, 126.62, 6
2788, 2664, 28.13, 26.45, 127.20, 7
2766, 2662, 28.33, 26.26, 127.29, 8
2769, 2646, 28.30, 25.94, 128.81, 9
2764, 2642, 28.32, 25.92, 128.75, 10
2765, 2624, 28.75, 32.56, 134.64, 1
2764, 2623, 28.87, 29.42, 130.13, 2
2766, 2625, 28.90, 28.04, 132.81, 3
2741, 2642, 29.18, 27.04, 133.30, 4
2766, 2647, 29.24, 26.66, 125.55, 5
2763, 2622, 29.28, 26.58, 126.83, 6
2742, 2622, 29.32, 26.00, 129.00, 7
2741, 2628, 29.45, 25.67, 127.69, 8
2738, 2644, 29.50, 25.46, 131.01, 9
2760, 2631, 29.49, 25.15, 129.88, 10
2743, 2626, 29.33, 32.45, 133.61, 1
2755, 2604, 29.39, 28.98, 130.77, 2
2729, 2612, 29.62, 27.73, 130.74, 3
2748, 2611, 29.73, 27.06, 127.38, 4
2750, 2626, 29.79, 26.53, 131.74, 5
2747, 2610, 29.84, 25.92, 127.38, 6
2727, 2607, 29.91, 25.46, 128.81, 7
2726, 2624, 29.96, 25.06, 128.91, 8
2740, 2618, 30.04, 24.81, 130.62, 9
2727, 2608, 29.99, 24.53, 128.81, 10
2743, 2623, 28.54, 31.88, 134.74, 1
2769, 2625, 28.61, 29.06, 125.79, 2
2748, 2649, 28.74, 27.85, 132.29, 3
2771, 2625, 28.84, 27.01, 125.61, 4
2749, 2625, 28.77, 26.46, 126.74, 5
2766, 2625, 28.81, 26.20, 130.04, 6
2766, 2645, 28.91, 25.98, 128.20, 7
2746, 2644, 28.97, 25.61, 128.39, 8
2760, 2629, 29.01, 25.38, 131.10, 9
2738, 2644, 29.00, 25.09, 129.49, 10
2772, 2662, 27.24, 31.69, 134.55, 1
2795, 2670, 27.33, 29.56, 129.21, 2
2797, 2670, 27.41, 28.43, 132.20, 3
2775, 2665, 27.58, 27.86, 126.22, 4
2776, 2649, 27.69, 27.32, 129.88, 5
2772, 2650, 27.72, 27.02, 128.75, 6
2788, 2652, 27.71, 26.80, 129.00, 7
2773, 2648, 27.79, 26.67, 130.13, 8
2791, 2652, 27.87, 26.40, 130.19, 9
2774, 2649, 27.84, 26.25, 130.28, 10
2823, 2689, 26.97, 30.51, 4.27, 0
2790, 2674, 26.93, 30.65, 61.55, 0
