180, 196, 27.66, 23.09, 6.44, 0
214, 226, 27.79, 22.25, 25.36, 0
189, 205, 20.66, 36.24, 126.34, 1
190, 206, 20.80, 36.67, 123.35, 2
185, 205, 20.99, 36.94, 124.51, 3
191, 205, 21.12, 36.96, 124.51, 4
183, 200, 21.12, 37.13, 126.07, 5
191, 203, 21.13, 37.14, 125.21, 6
188, 203, 21.18, 37.15, 124.76, 7
189, 208, 21.16, 36.97, 125.52, 8
193, 203, 21.13, 37.02, 125.00, 9
196, 200, 21.11, 37.21, 125.12, 10
190, 209, 20.67, 39.53, 126.83, 1
190, 200, 20.75, 39.39, 123.54, 2
189, 206, 20.78, 39.46, 124.48, 3
189, 202, 20.70, 39.53, 124.33, 4
191, 200, 20.63, 39.55, 124.33, 5
190, 208, 20.66, 39.70, 124.76, 6
190, 203, 20.64, 39.76, 125.89, 7
187, 203, 20.66, 39.70, 125.61, 8
189, 203, 20.68, 39.25, 124.48, 9
194, 197, 20.66, 39.17, 124.63, 10
189, 206, 19.99, 39.33, 128.20, 1
190, 198, 20.00, 39.84, 123.87, 2
189, 202, 20.08, 40.12, 125.64, 3
187, 206, 20.16, 40.54, 124.51, 4
195, 203, 20.17, 40.36, 125.46, 5
194, 198, 20.23, 39.98, 124.33, 6
185, 205, 20.29, 39.98, 124.21, 7
192, 204, 20.19, 39.80, 125.89, 8
193, 207, 20.30, 39.84, 124.76, 9
188, 203, 20.24, 39.82, 125.64, 10
194, 204, 16.83, 37.31, 122.65, 1
190, 209, 16.88, 41.96, 124.51, 2
191, 210, 16.90, 43.23, 127.87, 3
197, 204, 16.96, 43.43, 126.83, 4
191, 201, 17.15, 43.69, 124.94, 5
189, 205, 17.12, 43.96, 125.12, 6
195, 215, 17.21, 44.11, 125.58, 7
194, 213, 17.15, 44.22, 125.40, 8
194, 207, 17.22, 44.39, 124.69, 9
195, 206, 17.25, 44.61, 124.94, 10
191, 203, 15.16, 37.66, 121.95, 1
191, 211, 15.23, 43.50, 124.51, 2
201, 208, 15.33, 45.63, 128.08, 3
192, 209, 15.46, 46.14, 127.72, 4
196, 210, 15.50, 46.74, 125.70, 5
198, 209, 15.60, 46.92, 126.07, 6
199, 207, 15.60, 47.36, 126.01, 7
194, 213, 15.62, 47.55, 124.51, 8
197, 206, 15.68, 47.69, 124.48, 9
194, 208, 15.69, 47.87, 126.50, 10
197, 214, 14.37, 38.66, 120.85, 1
191, 212, 14.39, 44.40, 129.94, 2
191, 210, 14.67, 46.75, 127.04, 3
197, 204, 14.67, 47.50, 126.10, 4
195, 208, 14.80, 47.99, 125.89, 5
198, 211, 14.85, 48.33, 126.10, 6
194, 213, 14.90, 48.82, 124.63, 7
200, 215, 14.92, 48.99, 126.25, 8
202, 212, 14.92, 49.31, 124.94, 9
201, 209, 15.02, 49.52, 124.94, 10
200, 213, 14.17, 39.40, 121.06, 1
197, 212, 14.27, 45.11, 124.54, 2
197, 204, 14.32, 47.34, 128.30, 3
193, 217, 14.51, 48.21, 125.64, 4
194, 215, 14.62, 48.73, 125.24, 5
196, 208, 14.59, 49.30, 125.70, 6
194, 216, 14.72, 49.57, 124.27, 7
193, 211, 14.71, 50.07, 124.48, 8
195, 213, 14.78, 50.49, 124.51, 9
197, 211, 14.82, 50.68, 124.51, 10
197, 218, 14.21, 40.17, 120.76, 1
195, 212, 14.27, 45.86, 125.70, 2
191, 214, 14.39, 48.06, 128.08, 3
195, 211, 14.55, 48.71, 127.59, 4
197, 217, 14.69, 49.26, 125.40, 5
198, 210, 14.62, 49.63, 124.21, 6
194, 207, 14.71, 50.28, 124.21, 7
194, 215, 14.75, 50.55, 124.27, 8
195, 212, 14.78, 50.82, 124.51, 9
197, 210, 14.79, 50.94, 124.85, 10
197, 216, 14.25, 40.75, 120.67, 1
195, 216, 14.27, 46.18, 125.12, 2
199, 207, 14.37, 48.27, 127.99, 3
193, 207, 14.59, 49.18, 127.35, 4
200, 207, 14.58, 49.67, 125.58, 5
196, 216, 14.68, 50.08, 124.08, 6
197, 210, 14.74, 50.41, 124.27, 7
197, 211, 14.82, 50.63, 124.48, 8
203, 210, 14.75, 50.76, 124.48, 9
200, 205, 14.90, 50.98, 124.85, 10
194, 208, 14.20, 41.28, 121.15, 1
197, 218, 14.24, 46.35, 124.73, 2
199, 206, 14.61, 48.62, 126.68, 3
195, 215, 14.64, 49.26, 127.44, 4
193, 211, 14.72, 49.87, 125.61, 5
197, 206, 14.68, 50.19, 123.93, 6
198, 212, 14.72, 50.51, 124.51, 7
202, 212, 14.78, 50.82, 124.54, 8
196, 207, 14.90, 50.96, 124.54, 9
193, 211, 14.92, 51.19, 126.16, 10
189, 209, 14.38, 41.61, 121.77, 1
196, 211, 14.52, 46.61, 125.12, 2
195, 215, 14.67, 48.67, 127.23, 3
195, 218, 14.78, 49.36, 126.25, 4
193, 213, 14.78, 49.69, 125.82, 5
196, 208, 14.90, 50.13, 124.51, 6
199, 210, 14.88, 50.41, 124.63, 7
193, 211, 15.02, 50.55, 124.73, 8
189, 206, 15.06, 50.79, 124.85, 9
192, 214, 15.06, 51.01, 124.94, 10
194, 210, 14.52, 41.84, 120.91, 1
202, 209, 14.61, 46.84, 125.18, 2
190, 212, 14.78, 48.64, 127.44, 3
196, 210, 14.95, 49.18, 126.62, 4
203, 208, 15.06, 49.68, 126.10, 5
191, 216, 14.96, 49.96, 125.00, 6
192, 210, 15.09, 50.31, 124.85, 7
198, 207, 15.19, 50.43, 125.00, 8
197, 214, 15.22, 50.71, 125.12, 9
198, 208, 15.17, 50.79, 125.21, 10
194, 211, 14.52, 42.17, 121.15, 1
194, 216, 14.65, 46.81, 125.31, 2
191, 210, 14.68, 48.87, 127.59, 3
197, 211, 14.86, 49.44, 126.80, 4
198, 216, 14.90, 49.84, 124.63, 5
194, 217, 14.96, 50.21, 124.85, 6
196, 206, 15.06, 50.56, 124.73, 7
196, 212, 15.06, 50.79, 125.31, 8
196, 216, 15.17, 50.97, 125.21, 9
200, 215, 15.20, 51.03, 125.21, 10
198, 212, 14.25, 42.42, 120.85, 1
198, 207, 14.34, 47.21, 125.52, 2
200, 209, 14.44, 49.51, 127.20, 3
198, 213, 14.53, 50.16, 127.93, 4
198, 208, 14.61, 50.55, 125.82, 5
193, 210, 14.68, 50.95, 124.33, 6
196, 214, 14.67, 51.13, 124.33, 7
196, 210, 14.80, 51.40, 124.48, 8
193, 210, 14.75, 51.48, 126.25, 9
201, 208, 14.86, 51.70, 124.85, 10
193, 213, 13.76, 42.67, 120.85, 1
194, 214, 13.80, 47.71, 125.43, 2
205, 215, 14.01, 50.14, 127.32, 3
199, 215, 14.06, 50.77, 126.62, 4
196, 209, 14.17, 51.22, 125.64, 5
196, 210, 14.17, 51.63, 124.85, 6
200, 212, 14.28, 51.91, 125.00, 7
194, 220, 14.32, 52.18, 124.94, 8
200, 211, 14.21, 52.39, 125.18, 9
193, 216, 14.30, 52.65, 125.18, 10
195, 206, 13.15, 43.02, 122.28, 1
192, 216, 13.34, 48.17, 128.51, 2
199, 206, 13.38, 50.80, 126.83, 3
194, 215, 13.49, 51.57, 127.14, 4
194, 219, 13.58, 52.25, 125.00, 5
200, 219, 13.63, 52.70, 125.18, 6
194, 209, 13.70, 53.10, 125.24, 7
194, 211, 13.77, 53.37, 125.18, 8
192, 214, 13.80, 53.54, 125.18, 9
199, 207, 13.79, 53.70, 123.47, 10
193, 214, 12.97, 43.54, 122.41, 1
193, 220, 13.05, 48.73, 128.75, 2
198, 209, 13.28, 51.26, 126.89, 3
196, 219, 13.38, 52.02, 127.35, 4
193, 213, 13.34, 52.62, 125.00, 5
195, 208, 13.32, 53.02, 125.52, 6
195, 210, 13.48, 53.35, 125.52, 7
196, 210, 13.42, 53.67, 125.58, 8
200, 217, 13.63, 53.92, 125.58, 9
195, 205, 13.58, 54.05, 123.78, 10
200, 214, 12.63, 43.99, 122.28, 1
202, 212, 12.73, 49.05, 128.75, 2
198, 212, 12.95, 51.64, 127.04, 3
204, 211, 13.07, 52.51, 127.72, 4
202, 216, 13.12, 53.10, 125.40, 5
199, 209, 13.11, 53.58, 125.58, 6
198, 214, 13.15, 53.94, 125.64, 7
199, 211, 13.32, 54.26, 123.47, 8
201, 213, 13.26, 54.50, 125.52, 9
199, 217, 13.22, 54.72, 123.87, 10
194, 219, 12.54, 44.42, 121.95, 1
193, 216, 12.66, 49.45, 128.75, 2
195, 216, 12.68, 52.10, 127.59, 3
199, 218, 12.79, 52.86, 127.41, 4
200, 213, 12.88, 53.40, 125.40, 5
204, 212, 13.01, 53.89, 125.52, 6
195, 217, 12.95, 54.16, 125.58, 7
199, 211, 13.08, 54.54, 123.93, 8
193, 212, 13.14, 54.79, 123.93, 9
196, 214, 13.04, 54.99, 125.64, 10
201, 214, 12.18, 44.70, 121.73, 1
196, 212, 12.26, 49.77, 128.20, 2
193, 219, 12.35, 52.43, 126.62, 3
199, 214, 12.46, 53.22, 127.11, 4
198, 209, 12.56, 53.90, 125.12, 5
199, 218, 12.59, 54.44, 125.21, 6
195, 215, 12.72, 54.91, 125.12, 7
194, 215, 12.64, 55.23, 125.58, 8
198, 212, 12.79, 55.40, 125.61, 9
197, 214, 12.80, 55.57, 123.87, 10
197, 210, 11.78, 45.20, 121.89, 1
197, 218, 11.91, 50.18, 128.51, 2
198, 214, 11.96, 52.96, 126.68, 3
202, 217, 12.11, 53.98, 127.35, 4
198, 214, 12.19, 54.53, 125.12, 5
206, 215, 12.21, 55.09, 125.43, 6
198, 209, 12.35, 55.52, 123.57, 7
202, 216, 12.35, 56.02, 125.43, 8
199, 221, 12.31, 56.21, 123.66, 9
197, 218, 12.39, 56.48, 125.43, 10
198, 211, 11.70, 45.76, 121.03, 1
192, 213, 11.87, 50.66, 129.03, 2
197, 221, 12.05, 53.52, 126.80, 3
199, 212, 12.08, 54.50, 125.58, 4
200, 213, 12.18, 55.23, 125.21, 5
206, 211, 12.19, 55.85, 125.43, 6
203, 217, 12.28, 56.26, 123.93, 7
201, 213, 12.28, 56.71, 125.58, 8
202, 212, 12.40, 57.00, 125.58, 9
201, 217, 12.46, 57.16, 123.93, 10
201, 215, 11.85, 46.13, 121.55, 1
198, 217, 11.84, 51.26, 128.81, 2
200, 220, 12.04, 54.57, 126.80, 3
200, 210, 12.08, 55.77, 127.53, 4
201, 218, 12.18, 56.69, 125.31, 5
200, 219, 12.29, 57.41, 123.66, 6
198, 212, 12.26, 57.99, 125.43, 7
199, 219, 12.32, 58.45, 125.61, 8
201, 209, 12.45, 58.88, 125.58, 9
204, 210, 12.37, 59.12, 125.58, 10
198, 211, 11.43, 46.92, 121.34, 1
193, 216, 11.64, 52.18, 129.15, 2
204, 218, 11.61, 55.87, 127.11, 3
204, 223, 11.80, 57.29, 125.64, 4
199, 219, 11.88, 58.34, 125.58, 5
197, 221, 11.96, 59.05, 125.70, 6
198, 214, 11.95, 59.66, 125.82, 7
194, 216, 12.04, 60.04, 125.82, 8
201, 212, 11.99, 60.43, 125.58, 9
204, 214, 11.99, 60.99, 123.78, 10
202, 215, 11.13, 47.73, 121.46, 1
198, 210, 11.23, 52.72, 129.61, 2
196, 213, 11.40, 56.38, 126.71, 3
199, 214, 11.50, 57.74, 127.11, 4
203, 219, 11.53, 58.66, 125.00, 5
203, 211, 11.56, 59.46, 125.31, 6
205, 215, 11.73, 60.03, 125.24, 7
197, 216, 11.74, 60.61, 123.66, 8
198, 216, 11.87, 61.15, 125.52, 9
206, 215, 11.78, 61.56, 123.78, 10
203, 215, 11.00, 48.47, 121.09, 1
193, 219, 11.10, 53.03, 129.61, 2
193, 219, 11.26, 56.75, 126.62, 3
199, 211, 11.38, 58.25, 124.94, 4
201, 212, 11.54, 59.15, 125.64, 5
198, 217, 11.43, 59.86, 125.00, 6
200, 216, 11.56, 60.54, 125.00, 7
200, 211, 11.56, 61.04, 125.12, 8
201, 217, 11.60, 61.59, 124.94, 9
201, 217, 11.60, 61.93, 125.12, 10
201, 221, 11.00, 49.18, 121.09, 1
198, 217, 11.09, 53.48, 128.94, 2
204, 219, 11.20, 56.87, 127.23, 3
200, 209, 11.25, 58.19, 126.83, 4
203, 214, 11.41, 59.07, 125.00, 5
205, 212, 11.43, 59.72, 125.89, 6
199, 211, 11.47, 60.32, 125.12, 7
195, 215, 11.57, 60.73, 125.24, 8
195, 217, 11.54, 61.21, 125.00, 9
197, 216, 11.70, 61.53, 125.00, 10
201, 216, 10.89, 49.64, 120.57, 1
198, 212, 11.10, 53.77, 129.88, 2
193, 216, 11.22, 57.39, 126.83, 3
204, 215, 11.31, 58.84, 125.89, 4
206, 211, 11.40, 59.76, 124.94, 5
197, 215, 11.58, 60.48, 124.94, 6
203, 217, 11.57, 60.97, 125.24, 7
200, 220, 11.67, 61.47, 125.24, 8
197, 216, 11.61, 61.85, 124.54, 9
204, 214, 11.63, 62.16, 124.51, 10
199, 214, 10.94, 50.29, 120.57, 1
195, 221, 10.98, 54.29, 125.21, 2
198, 214, 11.13, 57.85, 127.35, 3
201, 215, 11.29, 59.40, 126.68, 4
195, 218, 11.36, 60.35, 124.51, 5
198, 214, 11.30, 61.06, 126.28, 6
202, 217, 11.46, 61.76, 124.94, 7
202, 211, 11.48, 62.22, 125.43, 8
205, 218, 11.54, 62.84, 125.00, 9
196, 213, 11.60, 63.16, 125.24, 10
202, 212, 10.79, 51.01, 120.30, 1
193, 215, 10.91, 55.05, 129.58, 2
197, 219, 11.06, 58.50, 126.04, 3
203, 210, 11.03, 59.92, 126.37, 4
204, 217, 11.20, 60.85, 126.01, 5
196, 213, 11.26, 61.61, 124.42, 6
202, 221, 11.27, 62.21, 124.73, 7
194, 217, 11.37, 62.64, 125.21, 8
198, 219, 11.29, 63.10, 125.18, 9
202, 219, 11.41, 63.49, 125.24, 10
206, 219, 10.79, 51.69, 128.75, 1
203, 213, 10.83, 55.33, 124.69, 2
197, 218, 10.88, 58.64, 127.53, 3
204, 216, 11.06, 60.06, 126.68, 4
202, 220, 11.25, 60.93, 124.79, 5
201, 221, 11.20, 61.69, 125.12, 6
201, 222, 11.26, 62.27, 125.00, 7
204, 218, 11.26, 62.84, 125.00, 8
202, 215, 11.29, 63.15, 125.40, 9
197, 223, 11.37, 63.54, 125.12, 10
199, 220, 10.60, 52.13, 120.21, 1
202, 216, 10.76, 55.80, 125.58, 2
194, 216, 10.79, 58.87, 126.80, 3
200, 213, 10.94, 60.26, 126.01, 4
202, 221, 11.05, 61.29, 124.69, 5
202, 221, 11.08, 61.84, 126.62, 6
198, 222, 11.13, 62.48, 125.00, 7
204, 216, 11.16, 62.86, 125.24, 8
201, 219, 11.29, 63.37, 125.46, 9
205, 218, 11.30, 63.71, 125.46, 10
202, 218, 10.68, 52.54, 120.12, 1
207, 212, 10.69, 56.32, 125.12, 2
203, 220, 10.91, 59.40, 127.53, 3
195, 220, 10.88, 60.61, 126.68, 4
203, 221, 11.05, 61.34, 124.69, 5
196, 222, 11.19, 62.19, 126.62, 6
206, 216, 11.16, 62.71, 125.24, 7
202, 217, 11.20, 63.28, 125.24, 8
198, 219, 11.23, 63.70, 124.54, 9
202, 213, 11.38, 64.14, 124.42, 10
199, 220, 10.69, 53.08, 120.30, 1
206, 214, 10.83, 56.70, 125.82, 2
205, 213, 10.95, 59.93, 126.68, 3
201, 218, 11.00, 61.34, 126.07, 4
196, 220, 11.15, 62.21, 125.12, 5
197, 214, 11.16, 62.98, 125.12, 6
197, 216, 11.25, 63.62, 125.40, 7
203, 219, 11.31, 63.88, 125.52, 8
200, 212, 11.34, 64.39, 124.73, 9
198, 214, 11.36, 64.61, 124.54, 10
205, 223, 10.78, 53.61, 120.30, 1
198, 221, 10.91, 57.29, 125.52, 2
196, 223, 10.98, 60.23, 127.04, 3
204, 221, 11.05, 61.48, 126.28, 4
203, 222, 11.15, 62.35, 125.24, 5
200, 224, 11.22, 62.94, 125.21, 6
201, 215, 11.29, 63.53, 125.24, 7
203, 217, 11.36, 64.04, 124.54, 8
204, 217, 11.41, 64.44, 124.69, 9
199, 218, 11.33, 64.73, 124.94, 10
200, 217, 10.78, 54.03, 120.30, 1
206, 214, 10.82, 57.52, 125.46, 2
200, 218, 11.00, 60.40, 127.23, 3
201, 218, 11.16, 61.62, 126.37, 4
203, 216, 11.23, 62.54, 125.58, 5
200, 218, 11.26, 63.29, 124.94, 6
199, 218, 11.33, 63.82, 124.79, 7
202, 218, 11.40, 64.25, 125.12, 8
199, 213, 11.47, 64.75, 125.24, 9
202, 220, 11.50, 64.97, 125.24, 10
192, 214, 10.83, 54.43, 120.57, 1
194, 214, 10.92, 57.79, 123.78, 2
197, 215, 11.10, 60.77, 127.41, 3
196, 222, 11.23, 62.05, 126.68, 4
198, 218, 11.27, 62.90, 125.58, 5
196, 211, 11.37, 63.54, 124.94, 6
197, 214, 11.30, 64.11, 125.12, 7
198, 213, 11.43, 64.64, 125.00, 8
202, 222, 11.44, 65.01, 125.43, 9
200, 213, 11.60, 65.37, 123.66, 10
198, 213, 10.99, 54.86, 120.91, 1
200, 212, 10.94, 58.10, 123.93, 2
203, 218, 11.06, 60.92, 127.69, 3
202, 215, 11.22, 62.18, 127.11, 4
200, 217, 11.33, 63.14, 125.00, 5
202, 219, 11.43, 63.73, 124.94, 6
205, 213, 11.46, 64.48, 124.94, 7
197, 214, 11.48, 64.78, 125.24, 8
202, 219, 11.51, 65.32, 125.24, 9
198, 213, 11.61, 65.62, 125.24, 10
199, 211, 10.96, 55.21, 128.39, 1
204, 217, 11.03, 58.45, 124.94, 2
195, 217, 11.13, 61.28, 127.93, 3
196, 210, 11.31, 62.56, 126.83, 4
199, 213, 11.31, 63.44, 125.64, 5
196, 213, 11.38, 64.09, 125.24, 6
197, 222, 11.37, 64.65, 125.43, 7
199, 217, 11.56, 65.14, 125.43, 8
200, 216, 11.50, 65.60, 123.78, 9
201, 215, 11.63, 65.86, 125.52, 10
197, 216, 10.99, 55.51, 120.67, 1
195, 219, 10.99, 58.74, 124.24, 2
195, 216, 11.10, 61.45, 128.02, 3
203, 215, 11.36, 62.65, 125.58, 4
202, 214, 11.44, 63.44, 125.64, 5
202, 219, 11.44, 64.12, 125.00, 6
199, 225, 11.56, 64.70, 125.18, 7
200, 219, 11.53, 65.19, 125.52, 8
197, 219, 11.58, 65.52, 123.66, 9
202, 219, 11.66, 65.75, 125.43, 10
201, 219, 10.91, 55.86, 120.09, 1
202, 220, 11.06, 58.89, 124.63, 2
197, 221, 11.26, 61.63, 127.69, 3
206, 213, 11.44, 62.94, 126.92, 4
198, 214, 11.30, 63.61, 125.89, 5
201, 214, 11.48, 64.24, 125.24, 6
197, 219, 11.50, 64.74, 125.43, 7
205, 215, 11.48, 65.12, 123.66, 8
199, 216, 11.60, 65.55, 125.43, 9
206, 221, 11.67, 65.86, 123.78, 10
202, 222, 10.88, 55.96, 120.91, 1
200, 221, 11.03, 58.99, 124.51, 2
204, 212, 11.12, 61.66, 127.69, 3
201, 220, 11.25, 62.76, 127.14, 4
198, 219, 11.33, 63.52, 124.94, 5
202, 219, 11.37, 64.14, 124.94, 6
201, 215, 11.53, 64.68, 125.24, 7
200, 219, 11.53, 65.02, 125.43, 8
202, 219, 11.57, 65.35, 123.78, 9
198, 215, 11.67, 65.75, 125.52, 10
196, 213, 10.82, 56.20, 120.39, 1
198, 212, 10.89, 59.14, 124.42, 2
200, 212, 11.08, 61.70, 128.08, 3
202, 213, 11.15, 62.81, 126.92, 4
200, 216, 11.19, 63.51, 125.00, 5
203, 214, 11.30, 64.13, 125.12, 6
205, 219, 11.30, 64.67, 125.43, 7
200, 218, 11.50, 65.01, 123.87, 8
199, 211, 11.48, 65.28, 125.52, 9
201, 217, 11.51, 65.54, 125.58, 10
205, 219, 10.91, 56.35, 128.85, 1
196, 216, 11.02, 59.03, 125.89, 2
200, 217, 11.13, 61.41, 127.78, 3
199, 212, 11.29, 62.48, 126.01, 4
205, 221, 11.37, 63.11, 125.64, 5
205, 215, 11.41, 63.59, 123.93, 6
200, 213, 11.51, 63.93, 125.89, 7
197, 215, 11.56, 64.23, 124.51, 8
204, 215, 11.64, 64.62, 124.42, 9
204, 216, 11.60, 64.90, 126.13, 10
197, 224, 11.13, 56.38, 120.39, 1
199, 216, 11.10, 58.82, 125.43, 2
203, 216, 11.29, 60.50, 128.02, 3
196, 212, 11.37, 61.00, 126.19, 4
198, 219, 11.50, 61.45, 125.64, 5
201, 213, 11.60, 61.75, 124.18, 6
200, 209, 11.61, 61.82, 124.18, 7
200, 219, 11.68, 62.03, 124.63, 8
198, 218, 11.71, 62.15, 124.73, 9
194, 216, 11.74, 62.19, 124.51, 10
208, 217, 11.22, 55.81, 120.67, 1
199, 212, 11.31, 57.93, 125.52, 2
201, 215, 11.46, 59.21, 127.41, 3
203, 214, 11.61, 59.54, 126.13, 4
197, 210, 11.68, 59.81, 125.40, 5
200, 212, 11.67, 60.13, 124.11, 6
200, 222, 11.82, 60.35, 124.21, 7
199, 213, 11.82, 60.54, 124.48, 8
198, 219, 11.81, 60.67, 124.51, 9
201, 217, 11.94, 60.46, 126.37, 10
207, 219, 11.81, 55.36, 120.27, 1
205, 220, 11.96, 55.77, 125.70, 2
196, 216, 12.05, 55.20, 127.93, 3
204, 212, 12.18, 54.76, 126.10, 4
204, 221, 12.21, 54.45, 125.46, 5
200, 219, 12.24, 54.28, 125.61, 6
203, 212, 12.36, 54.10, 125.58, 7
198, 211, 12.36, 54.16, 124.33, 8
205, 220, 12.47, 53.93, 125.64, 9
202, 218, 12.46, 53.53, 124.08, 10
196, 219, 12.56, 54.01, 120.67, 1
198, 220, 12.72, 53.01, 125.58, 2
193, 212, 12.88, 51.77, 128.14, 3
203, 216, 12.98, 51.29, 126.28, 4
204, 215, 13.07, 50.50, 125.79, 5
201, 208, 13.11, 49.87, 124.24, 6
199, 219, 13.18, 49.23, 126.04, 7
198, 220, 13.28, 48.45, 124.51, 8
197, 214, 13.22, 47.67, 124.02, 9
202, 212, 13.37, 47.60, 124.27, 10
197, 210, 13.69, 52.56, 120.03, 1
197, 208, 13.77, 50.78, 125.40, 2
201, 215, 13.96, 48.76, 128.33, 3
199, 213, 13.99, 47.77, 125.58, 4
198, 215, 14.11, 46.74, 126.04, 5
203, 210, 14.13, 46.80, 125.24, 6
194, 207, 14.18, 47.02, 125.24, 7
191, 215, 14.25, 46.76, 123.96, 8
196, 213, 14.28, 45.18, 125.52, 9
206, 211, 14.42, 44.39, 125.58, 10
191, 212, 14.76, 51.28, 120.57, 1
194, 214, 14.78, 47.10, 126.13, 2
195, 216, 14.99, 45.52, 127.53, 3
194, 212, 15.09, 44.79, 126.92, 4
197, 211, 15.29, 44.56, 125.21, 5
202, 213, 15.29, 44.38, 125.31, 6
198, 207, 15.25, 43.67, 125.31, 7
204, 213, 15.41, 43.58, 125.21, 8
191, 211, 15.47, 43.40, 125.31, 9
195, 214, 15.50, 43.59, 123.66, 10
192, 211, 15.89, 49.96, 120.97, 1
205, 209, 15.99, 43.49, 124.69, 2
201, 210, 16.16, 40.44, 128.14, 3
196, 209, 16.32, 39.50, 126.80, 4
191, 205, 16.47, 38.10, 125.79, 5
194, 209, 16.44, 36.70, 125.24, 6
195, 208, 16.53, 35.66, 125.12, 7
193, 212, 16.74, 35.00, 125.12, 8
202, 213, 16.66, 34.53, 125.00, 9
196, 211, 16.77, 34.27, 125.12, 10
193, 208, 20.06, 47.73, 128.39, 1
190, 207, 20.23, 40.53, 127.32, 2
197, 205, 20.30, 38.37, 126.89, 3
193, 206, 20.55, 35.19, 125.64, 4
195, 212, 20.70, 32.88, 125.79, 5
185, 206, 20.77, 31.08, 124.51, 6
193, 204, 20.88, 30.52, 124.63, 7
190, 204, 21.05, 29.73, 124.76, 8
190, 213, 21.05, 28.84, 125.79, 9
188, 210, 21.19, 27.40, 124.69, 10
185, 206, 25.80, 47.24, 121.15, 1
188, 198, 26.04, 28.54, 128.30, 2
189, 195, 26.23, 25.31, 129.88, 3
184, 197, 26.36, 24.23, 125.89, 4
187, 198, 26.46, 23.05, 125.64, 5
192, 199, 26.55, 23.72, 125.21, 6
186, 202, 26.72, 24.29, 125.40, 7
189, 199, 26.82, 23.64, 125.31, 8
184, 202, 26.81, 21.33, 125.00, 9
190, 199, 26.94, 21.38, 125.12, 10
182, 190, 30.07, 45.69, 120.67, 1
185, 196, 30.04, 22.67, 128.78, 2
179, 190, 30.32, 21.12, 126.19, 3
180, 200, 30.36, 20.53, 125.64, 4
184, 197, 30.58, 19.36, 125.64, 5
182, 197, 30.66, 18.08, 125.00, 6
181, 193, 30.72, 17.38, 124.94, 7
181, 200, 30.80, 17.23, 124.94, 8
179, 196, 30.86, 16.46, 124.94, 9
183, 195, 30.90, 16.30, 124.94, 10
181, 190, 32.47, 43.05, 124.11, 1
183, 191, 32.64, 19.33, 128.30, 2
182, 194, 32.78, 18.66, 129.46, 3
182, 188, 32.87, 17.21, 125.52, 4
175, 194, 33.02, 16.27, 125.82, 5
175, 191, 33.08, 15.90, 125.12, 6
180, 193, 33.11, 15.35, 125.12, 7
176, 195, 33.20, 14.92, 124.48, 8
174, 194, 33.22, 14.44, 124.69, 9
179, 195, 33.29, 14.04, 125.00, 10
175, 193, 34.48, 40.30, 125.31, 1
187, 185, 34.59, 18.27, 128.20, 2
178, 188, 34.79, 16.93, 128.20, 3
178, 186, 34.88, 16.26, 125.00, 4
181, 186, 34.98, 15.19, 125.52, 5
175, 189, 35.05, 14.90, 125.82, 6
178, 196, 35.19, 14.71, 125.58, 7
176, 200, 35.26, 13.49, 124.48, 8
182, 187, 35.32, 12.92, 124.51, 9
175, 195, 35.36, 12.53, 125.82, 10
170, 192, 35.91, 38.02, 124.85, 1
179, 190, 35.98, 15.33, 128.78, 2
170, 194, 36.11, 14.63, 129.58, 3
175, 188, 36.27, 14.12, 125.89, 4
174, 194, 36.34, 13.03, 125.61, 5
179, 186, 36.43, 12.82, 124.21, 6
176, 189, 36.49, 11.91, 124.08, 7
180, 185, 36.65, 11.65, 124.33, 8
176, 187, 36.69, 11.73, 124.21, 9
179, 190, 36.73, 11.10, 124.51, 10
173, 190, 38.45, 36.31, 125.46, 1
171, 186, 38.56, 13.21, 128.78, 2
175, 190, 38.66, 13.08, 129.58, 3
176, 184, 38.85, 12.00, 125.79, 4
178, 184, 38.81, 11.26, 125.12, 5
175, 188, 38.98, 11.04, 125.12, 6
181, 184, 39.05, 10.24, 125.12, 7
176, 188, 39.07, 10.16, 125.12, 8
176, 187, 39.18, 9.54, 125.12, 9
177, 188, 39.22, 9.82, 125.12, 10
172, 184, 41.20, 34.83, 126.83, 1
173, 185, 41.43, 12.09, 128.91, 2
170, 191, 41.60, 11.02, 127.20, 3
171, 184, 41.73, 10.57, 126.25, 4
172, 190, 41.85, 10.02, 124.94, 5
166, 188, 41.92, 9.84, 124.94, 6
175, 186, 42.05, 9.15, 125.12, 7
169, 183, 42.11, 8.68, 124.94, 8
169, 190, 42.12, 8.41, 124.94, 9
174, 184, 42.12, 8.19, 124.94, 10
177, 186, 36.39, 33.67, 127.69, 1
179, 194, 36.40, 13.12, 126.37, 2
173, 190, 36.38, 12.30, 127.59, 3
177, 182, 36.49, 11.85, 125.58, 4
174, 192, 36.48, 11.15, 125.40, 5
170, 190, 36.46, 10.30, 124.76, 6
174, 187, 36.43, 10.12, 124.94, 7
174, 191, 36.42, 10.09, 124.76, 8
182, 186, 36.39, 10.27, 124.94, 9
178, 186, 36.31, 9.79, 124.94, 10
180, 194, 29.25, 31.88, 126.80, 1
182, 198, 29.29, 16.90, 126.19, 2
184, 195, 29.30, 15.69, 128.66, 3
181, 195, 29.42, 14.83, 126.04, 4
181, 194, 29.46, 14.45, 125.58, 5
179, 197, 29.43, 13.97, 125.58, 6
180, 199, 29.42, 13.66, 125.64, 7
185, 196, 29.53, 12.94, 125.64, 8
182, 196, 29.56, 12.72, 124.51, 9
185, 200, 29.49, 12.08, 124.51, 10
184, 200, 25.63, 31.66, 124.85, 1
188, 198, 25.67, 20.19, 125.12, 2
182, 202, 25.80, 18.82, 128.39, 3
186, 189, 25.87, 17.84, 126.25, 4
187, 203, 25.86, 17.60, 125.82, 5
183, 197, 26.01, 18.01, 124.48, 6
185, 197, 26.01, 16.56, 124.33, 7
182, 199, 26.07, 15.79, 125.89, 8
188, 193, 26.04, 16.13, 124.51, 9
186, 201, 26.09, 15.45, 124.51, 10
186, 203, 23.64, 32.15, 124.27, 1
187, 202, 23.71, 20.79, 128.85, 2
186, 207, 23.78, 19.25, 128.02, 3
189, 199, 23.91, 18.51, 126.40, 4
190, 200, 23.91, 17.86, 126.19, 5
189, 200, 23.95, 17.36, 124.79, 6
186, 198, 23.98, 17.20, 124.76, 7
188, 203, 23.99, 16.72, 124.79, 8
187, 205, 24.05, 16.59, 124.63, 9
191, 207, 24.10, 16.64, 124.94, 10
194, 202, 22.27, 32.41, 123.26, 1
192, 204, 22.32, 21.85, 128.72, 2
188, 208, 22.44, 20.99, 128.08, 3
189, 199, 22.54, 21.04, 126.40, 4
191, 202, 22.60, 19.76, 125.21, 5
186, 201, 22.65, 19.03, 124.48, 6
195, 200, 22.77, 18.27, 125.46, 7
191, 206, 22.85, 18.01, 124.76, 8
188, 201, 22.73, 18.61, 124.63, 9
192, 202, 22.80, 17.99, 125.46, 10
189, 205, 21.42, 32.66, 122.96, 1
192, 209, 21.50, 23.18, 128.94, 2
188, 205, 21.63, 21.72, 128.02, 3
192, 201, 21.60, 20.53, 126.34, 4
188, 207, 21.79, 20.02, 125.00, 5
190, 206, 21.83, 19.38, 125.21, 6
190, 200, 21.84, 19.02, 125.12, 7
189, 205, 21.98, 19.67, 125.61, 8
193, 209, 21.96, 18.91, 125.61, 9
189, 205, 22.01, 18.88, 125.79, 10
193, 203, 20.91, 32.69, 122.41, 1
194, 204, 20.88, 23.92, 128.85, 2
193, 204, 21.16, 22.38, 128.08, 3
189, 204, 21.12, 22.06, 126.40, 4
188, 205, 21.23, 21.64, 125.12, 5
194, 207, 21.35, 21.27, 125.40, 6
186, 202, 21.26, 20.90, 125.52, 7
194, 208, 21.42, 20.62, 125.58, 8
189, 203, 21.36, 19.91, 124.69, 9
190, 204, 21.40, 19.70, 124.69, 10
197, 206, 20.36, 33.00, 122.77, 1
193, 207, 20.42, 24.66, 128.45, 2
189, 202, 20.61, 23.14, 127.78, 3
192, 206, 20.72, 22.24, 127.01, 4
189, 206, 20.84, 21.84, 124.76, 5
195, 206, 20.82, 21.24, 125.12, 6
191, 205, 20.91, 20.55, 125.00, 7
194, 206, 20.94, 20.82, 125.21, 8
192, 208, 21.01, 20.87, 124.48, 9
187, 205, 20.91, 20.66, 125.31, 10
189, 208, 19.92, 33.13, 122.80, 1
194, 205, 19.96, 24.33, 125.31, 2
189, 209, 20.13, 22.77, 126.34, 3
193, 206, 20.32, 22.07, 127.01, 4
194, 204, 20.29, 21.81, 125.00, 5
191, 209, 20.36, 21.21, 125.21, 6
190, 206, 20.47, 20.74, 125.46, 7
191, 204, 20.47, 20.51, 125.46, 8
191, 204, 20.50, 20.17, 125.61, 9
191, 203, 20.54, 20.04, 124.63, 10
189, 209, 19.54, 33.04, 122.16, 1
196, 205, 19.53, 26.05, 128.75, 2
195, 205, 19.72, 24.75, 128.20, 3
193, 204, 19.86, 24.05, 126.40, 4
187, 206, 19.86, 23.51, 125.24, 5
189, 206, 19.91, 23.14, 125.52, 6
193, 207, 20.03, 22.83, 124.51, 7
189, 210, 20.00, 22.49, 124.51, 8
195, 202, 20.00, 22.42, 124.69, 9
196, 208, 20.06, 22.03, 125.64, 10
189, 201, 18.86, 33.18, 123.02, 1
197, 204, 18.87, 27.02, 128.91, 2
195, 207, 19.06, 25.62, 126.37, 3
194, 205, 19.23, 24.91, 126.62, 4
190, 206, 19.23, 24.39, 125.61, 5
189, 202, 19.24, 24.00, 124.85, 6
189, 205, 19.30, 23.74, 125.00, 7
196, 207, 19.31, 23.42, 125.00, 8
189, 205, 19.47, 23.16, 125.21, 9
197, 208, 19.42, 23.06, 125.00, 10
194, 212, 18.28, 33.27, 122.41, 1
197, 213, 18.32, 26.79, 128.51, 2
200, 215, 18.42, 25.76, 126.50, 3
189, 202, 18.63, 25.26, 126.50, 4
197, 208, 18.68, 24.90, 125.61, 5
188, 209, 18.73, 24.42, 125.58, 6
195, 207, 18.82, 23.90, 124.85, 7
189, 212, 18.79, 23.34, 124.85, 8
192, 210, 18.83, 23.28, 124.63, 9
198, 209, 18.96, 23.62, 124.94, 10
188, 210, 17.77, 33.34, 122.99, 1
191, 208, 17.84, 27.13, 129.33, 2
191, 209, 17.99, 25.98, 127.20, 3
198, 210, 18.11, 25.38, 127.44, 4
194, 203, 18.11, 24.76, 125.12, 5
193, 211, 18.24, 24.49, 125.43, 6
194, 207, 18.27, 24.12, 125.58, 7
197, 207, 18.31, 23.94, 125.64, 8
195, 205, 18.31, 23.78, 125.82, 9
194, 211, 18.41, 23.45, 123.75, 10
196, 210, 17.28, 33.25, 122.74, 1
194, 213, 17.48, 27.81, 128.94, 2
190, 213, 17.57, 26.25, 127.69, 3
195, 204, 17.62, 25.53, 126.40, 4
195, 207, 17.74, 25.05, 126.04, 5
190, 211, 17.77, 24.66, 124.54, 6
196, 208, 17.86, 24.43, 124.02, 7
197, 215, 17.87, 24.28, 124.18, 8
190, 211, 17.91, 24.07, 124.27, 9
196, 218, 17.86, 23.85, 126.34, 10
193, 208, 16.91, 33.37, 122.80, 1
189, 211, 17.00, 28.07, 128.51, 2
199, 214, 17.07, 26.67, 126.40, 3
193, 211, 17.21, 26.29, 125.79, 4
193, 212, 17.33, 25.84, 125.52, 5
195, 211, 17.36, 25.53, 125.64, 6
198, 211, 17.50, 25.60, 125.79, 7
198, 216, 17.46, 25.25, 126.13, 8
189, 212, 17.52, 24.71, 126.19, 9
192, 213, 17.53, 24.71, 124.42, 10
194, 209, 16.59, 33.35, 121.77, 1
191, 216, 16.54, 28.64, 127.53, 2
186, 207, 16.74, 27.61, 126.07, 3
188, 212, 16.83, 26.95, 125.89, 4
197, 210, 16.98, 26.65, 125.79, 5
197, 210, 17.01, 26.41, 126.13, 6
195, 209, 16.92, 26.24, 126.19, 7
200, 211, 17.01, 25.96, 124.33, 8
194, 201, 17.11, 26.00, 124.08, 9
196, 208, 17.11, 25.96, 124.08, 10
193, 210, 16.09, 33.43, 123.84, 1
202, 212, 16.25, 29.59, 128.39, 2
199, 212, 16.33, 28.45, 127.20, 3
199, 212, 16.46, 27.89, 126.19, 4
195, 211, 16.49, 27.66, 125.89, 5
199, 215, 16.50, 27.28, 124.42, 6
201, 213, 16.63, 27.17, 124.02, 7
193, 208, 16.60, 27.01, 124.24, 8
193, 211, 16.71, 26.76, 124.18, 9
196, 216, 16.57, 26.64, 126.34, 10
203, 208, 15.74, 33.65, 122.19, 1
193, 213, 15.85, 30.38, 129.12, 2
195, 212, 16.04, 29.41, 126.34, 3
193, 213, 16.17, 29.10, 125.79, 4
197, 205, 16.23, 28.78, 125.58, 5
199, 214, 16.25, 28.55, 123.84, 6
201, 215, 16.27, 28.25, 126.04, 7
193, 208, 16.40, 28.14, 125.79, 8
201, 214, 16.37, 28.22, 124.24, 9
196, 206, 16.43, 27.99, 123.93, 10
197, 214, 15.54, 33.86, 122.89, 1
199, 206, 15.67, 31.57, 128.85, 2
189, 207, 15.78, 30.90, 126.01, 3
198, 208, 15.92, 30.46, 125.12, 4
197, 212, 15.99, 30.16, 126.01, 5
195, 215, 16.05, 29.77, 125.64, 6
198, 209, 16.12, 29.32, 123.66, 7
197, 216, 16.19, 29.09, 125.64, 8
197, 211, 16.11, 29.12, 126.04, 9
194, 214, 16.13, 29.18, 126.04, 10
189, 214, 15.40, 34.07, 121.64, 1
199, 216, 15.48, 31.86, 129.61, 2
199, 209, 15.61, 30.92, 126.62, 3
195, 211, 15.68, 30.71, 127.11, 4
198, 207, 15.80, 30.69, 125.61, 5
191, 211, 15.82, 30.57, 125.46, 6
191, 211, 15.84, 30.38, 125.46, 7
199, 211, 15.94, 30.05, 123.47, 8
199, 214, 15.94, 29.74, 125.46, 9
192, 213, 16.09, 29.75, 123.54, 10
194, 215, 15.30, 34.41, 121.77, 1
195, 215, 15.41, 32.30, 128.57, 2
200, 208, 15.48, 31.45, 126.01, 3
195, 216, 15.64, 31.27, 127.04, 4
191, 207, 15.67, 30.71, 125.12, 5
196, 206, 15.80, 30.53, 124.51, 6
195, 216, 15.81, 30.33, 124.48, 7
198, 218, 15.81, 30.38, 124.48, 8
197, 218, 15.92, 30.43, 124.63, 9
200, 213, 15.92, 30.39, 124.69, 10
200, 205, 15.23, 34.58, 122.47, 1
205, 211, 15.33, 32.84, 128.02, 2
198, 213, 15.57, 32.10, 127.04, 3
196, 221, 15.67, 31.74, 126.62, 4
195, 215, 15.74, 31.38, 124.48, 5
196, 211, 15.68, 31.29, 124.48, 6
196, 212, 15.74, 31.09, 125.12, 7
190, 212, 15.80, 30.88, 124.85, 8
199, 210, 15.92, 30.95, 125.00, 9
196, 208, 15.94, 30.97, 126.62, 10
197, 217, 15.23, 34.85, 121.46, 1
203, 213, 15.30, 33.20, 128.45, 2
195, 208, 15.51, 32.51, 126.83, 3
195, 210, 15.54, 31.95, 127.23, 4
201, 212, 15.64, 31.77, 125.21, 5
198, 211, 15.74, 31.60, 125.00, 6
202, 211, 15.77, 31.28, 124.85, 7
202, 215, 15.91, 31.21, 125.00, 8
196, 214, 15.88, 31.15, 125.12, 9
194, 204, 15.94, 31.06, 125.00, 10
201, 204, 15.20, 34.90, 121.64, 1
192, 211, 15.26, 33.08, 125.21, 2
202, 214, 15.44, 32.43, 126.71, 3
199, 212, 15.62, 32.12, 126.07, 4
196, 212, 15.67, 31.99, 124.33, 5
194, 211, 15.67, 31.89, 124.69, 6
197, 211, 15.78, 31.90, 124.63, 7
196, 209, 15.75, 31.63, 125.00, 8
197, 209, 15.84, 31.38, 125.12, 9
197, 203, 15.84, 31.12, 125.12, 10
201, 215, 15.26, 35.00, 121.55, 1
201, 212, 15.20, 33.14, 127.87, 2
202, 215, 15.43, 32.44, 127.04, 3
196, 218, 15.54, 32.12, 126.62, 4
200, 216, 15.69, 31.89, 125.21, 5
198, 209, 15.69, 31.61, 124.51, 6
199, 208, 15.71, 31.41, 124.51, 7
197, 212, 15.74, 31.34, 124.85, 8
194, 212, 15.84, 31.04, 125.43, 9
200, 213, 15.88, 30.90, 125.31, 10
194, 213, 15.25, 35.11, 121.95, 1
199, 217, 15.25, 33.32, 129.88, 2
198, 216, 15.41, 32.76, 127.41, 3
200, 208, 15.57, 32.31, 126.62, 4
196, 208, 15.62, 32.09, 124.51, 5
197, 214, 15.75, 31.72, 126.62, 6
195, 209, 15.72, 31.53, 124.85, 7
195, 215, 15.78, 31.40, 125.00, 8
194, 214, 15.92, 31.13, 125.00, 9
194, 217, 15.91, 31.00, 124.85, 10
195, 214, 15.23, 35.18, 121.55, 1
196, 213, 15.34, 32.55, 128.02, 2
194, 221, 15.53, 31.67, 127.23, 3
201, 215, 15.64, 31.16, 126.50, 4
197, 211, 15.64, 30.88, 124.48, 5
195, 209, 15.71, 30.72, 126.62, 6
193, 210, 15.82, 30.50, 124.85, 7
196, 214, 15.82, 30.41, 124.85, 8
199, 212, 15.89, 30.13, 125.12, 9
202, 212, 15.98, 30.02, 125.12, 10
199, 212, 15.25, 34.96, 121.55, 1
193, 216, 15.30, 32.85, 128.20, 2
197, 208, 15.50, 31.89, 127.59, 3
195, 211, 15.61, 31.47, 126.68, 4
202, 212, 15.65, 31.20, 124.33, 5
199, 217, 15.78, 30.89, 125.00, 6
196, 212, 15.77, 30.73, 125.21, 7
200, 211, 15.85, 30.41, 125.21, 8
198, 215, 15.91, 30.21, 125.40, 9
197, 211, 15.85, 30.07, 125.00, 10
198, 216, 15.22, 34.99, 121.55, 1
205, 217, 15.40, 32.68, 128.30, 2
204, 214, 15.55, 31.63, 127.11, 3
198, 210, 15.60, 31.17, 125.31, 4
200, 216, 15.64, 30.99, 125.82, 5
195, 208, 15.68, 30.63, 124.85, 6
192, 211, 15.74, 30.55, 124.63, 7
202, 216, 15.85, 30.33, 124.69, 8
193, 211, 15.91, 30.44, 124.63, 9
199, 208, 15.95, 30.39, 124.94, 10
202, 217, 15.29, 34.90, 122.62, 1
197, 211, 15.38, 33.17, 127.93, 2
196, 210, 15.55, 32.42, 127.11, 3
194, 217, 15.65, 32.09, 127.72, 4
192, 212, 15.74, 31.84, 125.58, 5
199, 216, 15.82, 31.70, 125.58, 6
196, 213, 15.86, 31.55, 123.02, 7
198, 209, 15.84, 31.42, 126.83, 8
190, 207, 15.80, 31.41, 124.85, 9
199, 208, 15.96, 31.17, 124.94, 10
196, 214, 15.33, 35.04, 122.19, 1
196, 205, 15.40, 33.20, 128.72, 2
196, 214, 15.47, 32.46, 127.11, 3
198, 211, 15.78, 32.10, 126.01, 4
203, 214, 15.91, 31.98, 124.48, 5
200, 212, 15.89, 32.11, 125.12, 6
195, 213, 15.89, 31.99, 125.00, 7
196, 212, 15.92, 31.62, 125.12, 8
196, 209, 16.06, 31.33, 125.00, 9
191, 214, 16.08, 31.02, 125.00, 10
195, 216, 15.41, 35.05, 123.41, 1
197, 218, 15.47, 32.87, 128.75, 2
196, 209, 15.62, 32.49, 125.43, 3
194, 206, 15.74, 32.31, 126.71, 4
194, 206, 15.85, 31.79, 126.40, 5
200, 210, 16.02, 31.19, 124.94, 6
200, 210, 16.01, 30.96, 125.12, 7
196, 210, 16.01, 30.80, 125.12, 8
197, 215, 16.08, 30.51, 125.40, 9
192, 211, 16.12, 30.51, 125.58, 10
194, 211, 15.75, 35.16, 121.73, 1
194, 210, 15.82, 32.90, 128.66, 2
198, 209, 16.02, 31.93, 126.71, 3
193, 213, 16.13, 31.56, 126.62, 4
195, 214, 16.19, 31.39, 126.04, 5
196, 212, 16.15, 31.22, 126.80, 6
199, 211, 16.32, 30.80, 124.69, 7
195, 217, 16.25, 30.52, 124.51, 8
196, 214, 16.39, 30.27, 125.21, 9
198, 214, 16.32, 30.21, 125.40, 10
192, 215, 16.22, 35.04, 121.77, 1
197, 215, 16.22, 32.36, 128.81, 2
195, 212, 16.39, 31.40, 126.13, 3
200, 211, 16.42, 31.04, 127.32, 4
187, 206, 16.59, 30.82, 125.24, 5
195, 212, 16.67, 30.27, 125.40, 6
189, 210, 16.70, 29.95, 125.52, 7
190, 212, 16.67, 29.84, 124.54, 8
197, 215, 16.77, 29.67, 124.51, 9
196, 212, 16.81, 29.42, 124.69, 10
196, 215, 16.74, 34.95, 120.97, 1
192, 212, 16.73, 32.60, 125.40, 2
197, 211, 16.90, 31.69, 126.07, 3
195, 212, 16.96, 31.29, 127.11, 4
192, 213, 17.10, 30.96, 124.94, 5
199, 205, 17.22, 30.45, 125.12, 6
200, 210, 17.19, 29.89, 125.12, 7
198, 216, 17.25, 29.96, 124.51, 8
193, 212, 17.35, 29.58, 125.21, 9
197, 215, 17.36, 29.66, 125.40, 10
186, 212, 17.56, 34.91, 121.89, 1
195, 210, 17.62, 31.11, 128.08, 2
191, 200, 17.77, 30.32, 127.99, 3
195, 212, 17.80, 29.63, 126.25, 4
193, 210, 17.83, 29.24, 124.94, 5
190, 210, 17.96, 29.02, 125.18, 6
193, 211, 18.04, 28.81, 125.18, 7
197, 209, 18.01, 28.73, 124.48, 8
194, 201, 18.08, 28.74, 125.18, 9
193, 206, 18.18, 28.86, 125.31, 10
192, 215, 18.08, 34.75, 121.64, 1
189, 207, 18.14, 31.09, 129.03, 2
193, 208, 18.27, 30.21, 127.87, 3
193, 212, 18.45, 29.92, 127.11, 4
195, 215, 18.44, 29.48, 124.69, 5
198, 209, 18.51, 29.23, 125.12, 6
194, 211, 18.59, 29.01, 125.00, 7
198, 209, 18.66, 28.87, 125.18, 8
191, 206, 18.76, 28.52, 125.12, 9
189, 206, 18.70, 28.39, 125.00, 10
196, 211, 18.34, 34.67, 121.09, 1
193, 206, 18.48, 30.27, 128.78, 2
193, 204, 18.69, 29.28, 127.93, 3
196, 207, 18.73, 28.74, 126.71, 4
197, 208, 18.79, 28.31, 124.51, 5
185, 206, 18.92, 27.89, 124.51, 6
191, 208, 18.97, 27.61, 125.12, 7
192, 203, 19.02, 27.35, 125.12, 8
191, 210, 19.07, 27.21, 124.94, 9
190, 207, 19.05, 27.04, 125.21, 10
195, 208, 18.69, 34.15, 122.44, 1
193, 208, 18.89, 29.85, 128.91, 2
198, 207, 18.95, 28.96, 126.62, 3
196, 206, 19.03, 28.44, 127.04, 4
191, 205, 19.26, 28.02, 124.85, 5
187, 205, 19.26, 27.89, 125.46, 6
193, 207, 19.34, 27.72, 125.64, 7
186, 207, 19.38, 27.58, 125.89, 8
195, 205, 19.42, 27.43, 125.79, 9
196, 208, 19.39, 27.26, 123.93, 10
197, 204, 19.09, 34.09, 121.83, 1
188, 213, 19.21, 30.60, 128.94, 2
194, 209, 19.33, 29.36, 126.71, 3
193, 207, 19.41, 29.23, 125.21, 4
190, 216, 19.54, 28.60, 126.07, 5
199, 210, 19.60, 28.21, 125.46, 6
193, 209, 19.55, 28.22, 125.58, 7
198, 207, 19.75, 27.94, 125.79, 8
194, 205, 19.64, 27.92, 123.84, 9
193, 207, 19.79, 27.80, 123.66, 10
195, 210, 19.51, 33.98, 122.59, 1
189, 205, 19.47, 30.57, 129.33, 2
195, 206, 19.72, 29.56, 127.01, 3
195, 213, 19.76, 29.34, 125.64, 4
188, 209, 19.86, 28.85, 125.40, 5
193, 208, 20.03, 29.03, 125.58, 6
195, 207, 20.08, 29.04, 125.89, 7
194, 206, 20.13, 29.25, 125.79, 8
192, 201, 20.17, 28.80, 125.79, 9
190, 214, 20.24, 28.56, 123.93, 10
193, 209, 21.33, 34.12, 121.49, 1
189, 203, 21.39, 29.63, 128.54, 2
188, 206, 21.53, 28.65, 126.89, 3
190, 204, 21.61, 28.18, 127.11, 4
186, 202, 21.77, 27.90, 125.12, 5
191, 203, 21.83, 27.84, 125.21, 6
187, 205, 21.77, 27.51, 125.64, 7
188, 198, 21.93, 27.19, 125.79, 8
191, 202, 21.97, 26.95, 123.87, 9
190, 207, 22.00, 26.88, 123.96, 10
190, 209, 21.36, 33.85, 122.04, 1
188, 201, 21.52, 29.79, 128.94, 2
192, 202, 21.64, 29.15, 126.80, 3
187, 203, 21.70, 28.96, 125.46, 4
187, 203, 21.76, 28.72, 125.00, 5
192, 212, 21.87, 28.39, 125.31, 6
188, 208, 21.93, 28.57, 125.31, 7
194, 200, 22.12, 28.27, 125.31, 8
192, 203, 22.07, 27.80, 125.58, 9
194, 205, 22.11, 27.97, 123.96, 10
185, 206, 22.66, 33.87, 122.01, 1
189, 200, 22.75, 29.63, 128.75, 2
191, 209, 22.90, 28.81, 129.00, 3
186, 208, 22.97, 28.61, 126.80, 4
189, 201, 23.14, 28.80, 124.85, 5
192, 199, 23.11, 28.39, 124.73, 6
191, 205, 23.20, 28.31, 125.12, 7
190, 202, 23.33, 28.26, 124.94, 8
190, 211, 23.24, 27.82, 125.12, 9
182, 202, 23.40, 27.56, 125.12, 10
187, 203, 23.96, 33.87, 121.34, 1
191, 208, 24.15, 28.82, 129.58, 2
190, 204, 24.34, 28.53, 128.45, 3
186, 202, 24.46, 27.70, 126.07, 4
190, 208, 24.47, 27.39, 125.00, 5
184, 200, 24.53, 26.82, 125.18, 6
190, 206, 24.64, 26.58, 125.64, 7
191, 202, 24.75, 26.42, 124.85, 8
187, 207, 24.89, 26.56, 125.70, 9
190, 202, 24.99, 26.26, 124.85, 10
185, 196, 28.90, 33.74, 121.09, 1
178, 190, 28.88, 24.95, 125.40, 2
180, 197, 29.09, 24.14, 127.93, 3
188, 202, 29.35, 23.33, 126.13, 4
187, 195, 29.49, 22.84, 124.51, 5
180, 197, 29.52, 22.27, 124.33, 6
185, 196, 29.57, 21.95, 124.33, 7
185, 199, 29.76, 21.95, 124.33, 8
179, 200, 29.77, 21.97, 124.42, 9
184, 198, 29.79, 21.59, 124.27, 10
176, 195, 32.53, 32.94, 122.41, 1
179, 189, 32.60, 20.74, 127.11, 2
179, 190, 32.81, 20.08, 127.44, 3
181, 191, 32.88, 19.81, 126.37, 4
176, 199, 33.05, 19.50, 126.01, 5
175, 195, 33.17, 18.99, 124.69, 6
180, 191, 33.17, 18.77, 124.94, 7
185, 195, 33.28, 18.49, 125.00, 8
177, 193, 33.29, 18.52, 125.00, 9
185, 197, 33.38, 18.27, 125.00, 10
174, 182, 35.30, 31.56, 124.27, 1
178, 191, 35.43, 18.44, 127.20, 2
177, 188, 35.53, 18.13, 127.93, 3
174, 190, 35.73, 17.61, 126.25, 4
172, 189, 35.79, 17.28, 125.40, 5
179, 188, 35.98, 17.25, 125.21, 6
180, 191, 35.94, 17.13, 124.02, 7
178, 187, 35.94, 16.86, 125.31, 8
180, 188, 36.10, 16.60, 124.02, 9
178, 189, 36.05, 15.93, 125.21, 10
180, 190, 32.12, 30.31, 125.40, 1
180, 197, 32.27, 20.05, 125.18, 2
182, 192, 32.32, 19.71, 128.66, 3
179, 194, 32.29, 19.24, 126.92, 4
177, 194, 32.26, 18.80, 125.18, 5
184, 188, 32.32, 18.59, 125.31, 6
183, 194, 32.43, 18.54, 125.61, 7
181, 192, 32.44, 18.42, 125.61, 8
176, 190, 32.44, 18.55, 125.70, 9
184, 192, 32.44, 18.50, 124.51, 10
183, 200, 27.37, 29.36, 125.40, 1
186, 207, 27.31, 26.71, 129.73, 2
181, 190, 27.45, 26.37, 127.69, 3
182, 195, 27.69, 26.04, 126.40, 4
185, 199, 27.64, 25.99, 126.01, 5
186, 197, 27.73, 25.92, 125.00, 6
182, 199, 27.66, 25.81, 125.31, 7
185, 201, 27.68, 25.82, 124.79, 8
182, 196, 27.66, 25.82, 124.54, 9
187, 200, 27.69, 25.75, 125.00, 10
189, 206, 23.98, 29.92, 124.42, 1
187, 199, 24.05, 29.78, 128.08, 2
193, 197, 24.23, 29.69, 126.40, 3
185, 205, 24.29, 29.50, 125.31, 4
190, 202, 24.41, 29.40, 125.61, 5
189, 206, 24.44, 29.36, 124.51, 6
190, 201, 24.49, 29.56, 125.12, 7
185, 198, 24.46, 29.45, 125.12, 8
185, 206, 24.47, 29.35, 125.12, 9
191, 200, 24.53, 29.27, 125.18, 10
191, 206, 22.35, 30.98, 123.54, 1
179, 206, 22.37, 31.78, 125.46, 2
190, 206, 22.59, 31.84, 126.07, 3
189, 203, 22.67, 31.76, 125.64, 4
192, 202, 22.67, 31.74, 125.58, 5
192, 204, 22.77, 31.83, 123.78, 6
191, 210, 22.75, 31.75, 125.64, 7
188, 203, 22.79, 31.79, 125.89, 8
189, 202, 22.75, 31.72, 125.89, 9
192, 200, 22.85, 31.70, 123.78, 10
195, 207, 21.38, 31.93, 122.89, 1
192, 213, 21.53, 33.90, 125.21, 2
192, 206, 21.67, 33.97, 126.19, 3
186, 207, 21.74, 33.91, 126.83, 4
189, 214, 21.76, 34.06, 125.64, 5
193, 206, 21.88, 33.98, 125.89, 6
191, 208, 21.93, 34.05, 124.94, 7
192, 201, 21.94, 34.08, 125.21, 8
189, 205, 21.91, 33.90, 125.21, 9
188, 205, 22.00, 34.11, 125.21, 10
189, 209, 20.88, 32.92, 122.68, 1
189, 212, 20.94, 34.89, 128.30, 2
195, 203, 21.05, 35.16, 126.13, 3
190, 204, 21.15, 35.11, 126.80, 4
190, 204, 21.16, 35.04, 125.58, 5
189, 210, 21.29, 35.23, 124.94, 6
192, 203, 21.26, 35.02, 125.00, 7
193, 203, 21.43, 35.14, 125.00, 8
189, 206, 21.42, 35.18, 125.00, 9
187, 208, 21.42, 35.01, 125.12, 10
191, 209, 20.46, 33.66, 122.96, 1
191, 207, 20.46, 36.77, 128.94, 2
189, 205, 20.67, 37.20, 127.32, 3
190, 204, 20.78, 37.23, 126.40, 4
193, 200, 20.85, 37.34, 124.24, 5
192, 204, 20.95, 37.56, 125.61, 6
190, 206, 20.98, 37.48, 124.76, 7
196, 206, 20.99, 37.32, 124.63, 8
192, 210, 21.08, 37.25, 124.94, 9
193, 208, 21.01, 37.25, 125.21, 10
186, 211, 20.17, 34.36, 122.68, 1
195, 206, 20.27, 39.02, 129.88, 2
195, 207, 20.42, 39.84, 127.53, 3
192, 211, 20.44, 39.93, 126.50, 4
193, 209, 20.57, 40.09, 125.46, 5
190, 204, 20.60, 40.25, 124.69, 6
194, 211, 20.74, 40.35, 124.85, 7
189, 207, 20.75, 40.29, 125.00, 8
193, 204, 20.84, 40.40, 125.12, 9
197, 207, 20.85, 40.57, 125.64, 10
191, 207, 19.79, 35.54, 122.59, 1
193, 206, 19.95, 40.06, 129.52, 2
197, 208, 20.00, 41.01, 125.89, 3
186, 204, 20.17, 41.21, 126.16, 4
195, 205, 20.26, 41.46, 124.85, 5
188, 208, 20.29, 41.49, 125.31, 6
195, 209, 20.32, 41.58, 125.46, 7
196, 211, 20.33, 41.68, 125.61, 8
186, 208, 20.48, 41.68, 124.63, 9
194, 204, 20.47, 41.72, 124.76, 10
195, 210, 19.27, 36.23, 122.96, 1
193, 207, 19.39, 40.20, 128.75, 2
194, 206, 19.53, 41.17, 125.89, 3
191, 202, 19.53, 41.59, 126.80, 4
196, 209, 19.58, 41.57, 125.64, 5
194, 203, 19.69, 41.75, 124.76, 6
201, 212, 19.75, 41.59, 124.94, 7
189, 207, 19.74, 42.19, 125.00, 8
196, 203, 19.79, 42.04, 125.12, 9
193, 211, 19.74, 41.85, 125.24, 10
191, 210, 16.02, 36.60, 122.89, 1
199, 211, 16.12, 43.62, 129.30, 2
194, 209, 16.17, 45.50, 125.58, 3
198, 213, 16.30, 46.13, 126.80, 4
199, 212, 16.42, 46.50, 125.64, 5
199, 208, 16.39, 46.93, 124.69, 6
196, 212, 16.47, 47.51, 124.69, 7
194, 212, 16.42, 47.71, 125.00, 8
195, 207, 16.50, 48.09, 125.00, 9
199, 207, 16.46, 48.25, 125.12, 10
203, 214, 13.68, 37.47, 123.35, 1
198, 214, 13.82, 45.17, 129.00, 2
199, 211, 13.93, 48.43, 126.83, 3
198, 218, 13.93, 49.51, 126.25, 4
201, 218, 14.13, 50.25, 125.18, 5
195, 214, 14.03, 50.48, 125.52, 6
198, 217, 14.18, 50.37, 124.51, 7
192, 214, 14.17, 50.38, 124.54, 8
196, 221, 14.17, 50.60, 124.51, 9
199, 217, 14.24, 50.98, 124.51, 10
201, 212, 12.29, 38.74, 123.41, 1
203, 226, 12.53, 45.73, 128.72, 2
199, 213, 12.59, 49.21, 126.62, 3
202, 215, 12.67, 50.40, 126.07, 4
197, 217, 12.83, 51.02, 124.79, 5
197, 214, 12.79, 51.53, 125.12, 6
205, 216, 12.81, 52.02, 125.31, 7
199, 211, 12.88, 52.48, 125.79, 8
205, 217, 12.88, 53.06, 124.69, 9
194, 213, 12.90, 53.54, 124.79, 10
198, 214, 11.54, 40.05, 123.17, 1
202, 217, 11.64, 46.53, 128.85, 2
205, 217, 11.66, 50.22, 124.85, 3
201, 217, 11.81, 51.41, 126.71, 4
197, 221, 11.88, 52.32, 124.27, 5
202, 219, 11.89, 53.10, 126.71, 6
198, 219, 11.98, 53.80, 125.00, 7
203, 219, 11.99, 54.39, 125.00, 8
203, 214, 12.08, 54.89, 125.21, 9
204, 217, 12.11, 55.29, 125.21, 10
200, 214, 10.95, 41.25, 122.16, 1
203, 213, 10.96, 47.33, 129.76, 2
199, 224, 11.20, 51.30, 124.73, 3
202, 221, 11.17, 52.66, 126.37, 4
204, 210, 11.40, 53.55, 126.07, 5
201, 212, 11.37, 54.20, 124.63, 6
206, 221, 11.40, 54.71, 126.71, 7
205, 216, 11.51, 55.33, 124.79, 8
199, 214, 11.44, 55.71, 124.73, 9
204, 220, 11.47, 55.81, 124.79, 10
207, 218, 10.47, 42.27, 123.47, 1
196, 217, 10.68, 48.58, 128.78, 2
200, 227, 10.76, 52.87, 129.76, 3
207, 221, 10.85, 54.56, 126.10, 4
208, 221, 10.91, 55.57, 126.16, 5
198, 219, 10.96, 56.51, 124.33, 6
197, 218, 11.09, 57.22, 124.08, 7
201, 217, 11.05, 57.86, 124.24, 8
200, 213, 11.10, 58.42, 124.79, 9
195, 217, 11.13, 58.92, 126.89, 10
200, 219, 10.34, 43.60, 123.29, 1
198, 222, 10.38, 49.56, 128.75, 2
202, 215, 10.52, 54.02, 124.69, 3
203, 217, 10.69, 55.66, 126.34, 4
200, 220, 10.68, 56.89, 126.10, 5
201, 219, 10.74, 57.79, 126.16, 6
204, 215, 10.75, 58.42, 124.42, 7
202, 219, 10.88, 58.99, 124.24, 8
206, 223, 10.83, 59.35, 126.53, 9
198, 215, 10.92, 59.77, 124.51, 10
208, 221, 10.13, 44.68, 123.44, 1
201, 223, 10.20, 50.16, 129.12, 2
203, 218, 10.38, 54.19, 124.54, 3
199, 214, 10.41, 55.89, 126.62, 4
201, 228, 10.50, 56.84, 126.16, 5
201, 220, 10.65, 57.72, 124.51, 6
202, 217, 10.62, 58.30, 126.62, 7
198, 219, 10.72, 58.77, 124.54, 8
198, 219, 10.69, 59.20, 124.76, 9
202, 220, 10.82, 59.66, 126.68, 10
199, 217, 9.85, 45.58, 122.68, 1
202, 219, 10.04, 50.69, 129.03, 2
204, 221, 10.04, 54.50, 124.76, 3
202, 220, 10.23, 56.06, 126.37, 4
199, 216, 10.33, 57.16, 126.07, 5
195, 218, 10.37, 57.91, 124.51, 6
204, 213, 10.48, 58.57, 124.54, 7
206, 224, 10.44, 59.17, 124.76, 8
205, 222, 10.48, 59.42, 125.00, 9
200, 217, 10.58, 59.80, 125.00, 10
206, 216, 9.38, 46.07, 123.08, 1
201, 219, 9.52, 50.48, 128.51, 2
205, 218, 9.69, 53.49, 125.64, 3
196, 218, 9.72, 54.47, 125.82, 4
206, 223, 9.80, 54.99, 125.31, 5
198, 218, 9.79, 55.43, 125.46, 6
208, 217, 9.94, 55.93, 123.66, 7
202, 216, 10.00, 56.31, 125.64, 8
202, 215, 10.07, 56.86, 124.02, 9
200, 218, 10.07, 57.35, 123.93, 10
204, 227, 9.41, 46.14, 121.95, 1
208, 229, 9.42, 50.76, 128.94, 2
200, 213, 9.56, 54.33, 125.58, 3
201, 222, 9.63, 55.99, 125.31, 4
202, 218, 9.85, 56.75, 126.13, 5
205, 220, 9.78, 57.34, 125.64, 6
202, 222, 9.90, 57.73, 125.82, 7
205, 218, 9.89, 58.10, 126.01, 8
200, 227, 9.96, 58.37, 126.16, 9
199, 219, 9.89, 58.47, 124.18, 10
209, 222, 9.30, 46.59, 122.10, 1
197, 221, 9.35, 51.07, 129.73, 2
197, 217, 9.58, 54.35, 125.64, 3
208, 224, 9.59, 55.41, 125.31, 4
201, 220, 9.79, 56.10, 125.21, 5
207, 217, 9.76, 56.67, 125.58, 6
210, 218, 9.82, 57.36, 123.66, 7
208, 215, 9.97, 57.99, 125.58, 8
204, 216, 9.96, 58.41, 123.84, 9
202, 216, 9.93, 58.64, 123.84, 10
204, 223, 9.37, 46.89, 121.95, 1
201, 218, 9.39, 51.36, 129.46, 2
202, 227, 9.59, 54.87, 125.64, 3
205, 227, 9.78, 56.25, 125.58, 4
202, 223, 9.80, 57.02, 125.40, 5
205, 222, 9.78, 57.83, 123.54, 6
201, 221, 9.92, 58.43, 125.64, 7
195, 221, 9.93, 58.88, 123.84, 8
210, 218, 10.04, 59.17, 124.08, 9
206, 220, 10.07, 59.26, 124.24, 10
196, 222, 9.44, 47.44, 121.95, 1
198, 215, 9.53, 51.61, 129.00, 2
202, 214, 9.69, 55.21, 126.07, 3
197, 222, 9.73, 56.53, 125.82, 4
201, 215, 9.85, 57.45, 125.61, 5
201, 223, 9.90, 58.04, 123.66, 6
198, 218, 9.99, 58.60, 125.64, 7
202, 222, 10.00, 59.19, 126.25, 8
208, 220, 10.14, 59.67, 124.33, 9
202, 224, 10.14, 60.07, 123.93, 10
203, 220, 9.51, 47.95, 121.95, 1
203, 218, 9.42, 51.89, 129.73, 2
194, 220, 9.66, 54.90, 126.16, 3
207, 225, 9.68, 55.97, 125.70, 4
204, 218, 9.89, 56.80, 125.46, 5
202, 220, 9.92, 57.25, 125.64, 6
208, 215, 9.96, 57.90, 125.82, 7
206, 216, 10.04, 58.24, 126.34, 8
200, 224, 9.92, 58.46, 124.24, 9
200, 221, 10.03, 58.62, 124.24, 10
199, 220, 9.17, 48.09, 121.64, 1
206, 220, 9.31, 51.68, 128.75, 2
208, 213, 9.55, 54.57, 125.89, 3
204, 221, 9.53, 55.75, 125.89, 4
202, 215, 9.61, 56.30, 125.31, 5
205, 223, 9.73, 56.74, 125.61, 6
201, 223, 9.68, 57.31, 123.87, 7
201, 219, 9.82, 57.63, 123.84, 8
207, 225, 9.80, 57.90, 125.64, 9
201, 216, 9.88, 58.01, 126.13, 10
203, 217, 9.02, 48.10, 121.83, 1
203, 227, 9.11, 51.41, 129.58, 2
202, 218, 9.20, 54.16, 126.01, 3
206, 213, 9.38, 55.10, 126.10, 4
203, 229, 9.45, 55.80, 125.31, 5
204, 224, 9.44, 56.19, 125.58, 6
201, 224, 9.53, 56.68, 125.58, 7
201, 220, 9.61, 57.12, 123.47, 8
195, 220, 9.63, 57.32, 125.82, 9
204, 217, 9.62, 57.47, 123.93, 10
201, 215, 8.80, 48.06, 121.77, 1
203, 224, 8.79, 51.24, 129.52, 2
200, 219, 8.91, 53.48, 126.62, 3
203, 222, 9.11, 54.19, 125.64, 4
201, 222, 9.14, 54.67, 126.40, 5
203, 223, 9.27, 55.13, 124.73, 6
201, 225, 9.31, 55.26, 124.63, 7
199, 221, 9.21, 55.52, 126.83, 8
203, 218, 9.31, 55.92, 124.63, 9
202, 221, 9.37, 56.07, 124.79, 10
205, 220, 8.42, 47.84, 121.31, 1
203, 226, 8.49, 50.72, 129.52, 2
202, 229, 8.70, 53.04, 125.00, 3
213, 222, 8.69, 53.76, 126.83, 4
206, 223, 8.82, 54.21, 124.11, 5
208, 222, 8.97, 54.67, 124.33, 6
208, 226, 8.97, 54.98, 126.80, 7
204, 219, 9.00, 55.05, 124.42, 8
210, 220, 8.90, 55.25, 124.76, 9
202, 218, 9.14, 55.45, 124.48, 10
204, 224, 8.16, 47.72, 121.77, 1
212, 226, 8.20, 50.40, 129.76, 2
206, 220, 8.34, 52.33, 126.16, 3
204, 222, 8.55, 53.15, 125.89, 4
199, 222, 8.57, 53.46, 125.00, 5
201, 227, 8.63, 53.72, 125.12, 6
204, 221, 8.76, 54.02, 125.64, 7
202, 220, 8.69, 54.44, 125.89, 8
207, 223, 8.80, 54.56, 123.66, 9
208, 228, 8.77, 54.56, 123.87, 10
207, 221, 7.88, 47.51, 122.01, 1
205, 224, 8.04, 50.34, 129.61, 2
204, 227, 8.09, 52.48, 125.61, 3
208, 221, 8.11, 53.06, 125.18, 4
203, 218, 8.32, 53.44, 126.10, 5
203, 226, 8.32, 53.91, 125.18, 6
208, 222, 8.36, 54.39, 125.64, 7
203, 225, 8.52, 54.54, 125.61, 8
210, 221, 8.51, 54.77, 123.66, 9
208, 222, 8.55, 55.07, 125.79, 10
203, 219, 7.91, 47.54, 122.16, 1
209, 223, 8.01, 50.05, 129.88, 2
208, 224, 8.07, 51.98, 124.18, 3
206, 221, 8.20, 52.52, 126.01, 4
205, 227, 8.18, 52.88, 125.64, 5
203, 228, 8.24, 53.01, 123.87, 6
209, 218, 8.36, 53.32, 125.31, 7
205, 223, 8.49, 53.47, 125.46, 8
206, 229, 8.49, 53.59, 125.31, 9
205, 225, 8.46, 53.79, 123.44, 10
201, 219, 7.94, 47.36, 121.95, 1
198, 226, 7.98, 49.78, 129.30, 2
204, 221, 8.11, 51.58, 126.80, 3
215, 219, 8.34, 52.34, 125.61, 4
211, 224, 8.32, 52.68, 125.31, 5
200, 219, 8.34, 52.94, 125.61, 6
210, 214, 8.48, 53.16, 126.01, 7
205, 224, 8.53, 53.16, 125.82, 8
208, 223, 8.62, 53.13, 125.82, 9
204, 225, 8.59, 53.20, 126.25, 10
212, 222, 8.29, 47.15, 121.73, 1
207, 215, 8.39, 49.24, 129.88, 2
204, 222, 8.46, 50.78, 126.01, 3
207, 223, 8.63, 51.10, 125.79, 4
203, 223, 8.69, 51.18, 125.24, 5
197, 221, 8.69, 51.20, 125.64, 6
204, 215, 8.73, 51.15, 126.01, 7
209, 223, 8.80, 51.35, 123.78, 8
203, 213, 8.91, 51.39, 123.87, 9
204, 218, 8.95, 51.33, 126.01, 10
209, 221, 8.74, 46.79, 121.64, 1
201, 220, 8.82, 48.84, 125.31, 2
206, 214, 8.99, 49.96, 124.33, 3
207, 223, 9.10, 50.17, 125.64, 4
206, 222, 9.17, 50.08, 125.61, 5
205, 223, 9.21, 50.08, 123.84, 6
212, 221, 9.27, 50.10, 123.78, 7
206, 218, 9.25, 50.12, 125.89, 8
204, 218, 9.39, 50.25, 126.28, 9
198, 222, 9.41, 50.05, 124.27, 10
206, 218, 9.38, 46.39, 121.55, 1
208, 219, 9.38, 48.39, 129.58, 2
203, 218, 9.52, 49.23, 124.33, 3
198, 218, 9.65, 49.00, 125.70, 4
204, 214, 9.79, 48.97, 125.61, 5
202, 221, 9.90, 49.04, 123.84, 6
205, 216, 9.96, 49.28, 124.18, 7
206, 221, 9.92, 49.03, 124.18, 8
199, 219, 9.92, 48.95, 124.42, 9
209, 221, 10.04, 48.87, 126.53, 10
206, 223, 9.86, 45.99, 122.16, 1
204, 215, 9.96, 46.70, 126.16, 2
198, 219, 9.99, 46.70, 125.12, 3
204, 225, 10.21, 46.67, 126.34, 4
206, 220, 10.38, 46.47, 126.10, 5
200, 221, 10.33, 46.27, 124.54, 6
202, 216, 10.45, 46.38, 124.51, 7
200, 221, 10.47, 46.24, 124.76, 8
201, 219, 10.50, 46.41, 124.76, 9
204, 214, 10.55, 46.22, 124.69, 10
201, 220, 10.68, 45.38, 121.89, 1
210, 205, 10.79, 45.08, 128.39, 2
201, 221, 10.95, 44.92, 124.76, 3
199, 218, 10.98, 44.83, 126.50, 4
204, 216, 11.16, 44.80, 126.16, 5
203, 213, 11.17, 44.81, 124.51, 6
203, 218, 11.26, 44.96, 126.50, 7
201, 223, 11.26, 45.02, 124.69, 8
202, 214, 11.36, 44.79, 124.94, 9
199, 220, 11.37, 44.53, 125.24, 10
202, 220, 11.46, 44.75, 122.31, 1
204, 221, 11.61, 43.92, 129.03, 2
201, 224, 11.77, 43.27, 125.70, 3
204, 218, 11.92, 43.05, 126.25, 4
195, 219, 11.96, 42.50, 124.51, 5
205, 211, 12.05, 42.14, 124.73, 6
197, 214, 12.04, 41.70, 125.21, 7
199, 215, 12.11, 41.11, 125.31, 8
199, 221, 12.19, 40.94, 125.31, 9
202, 221, 12.21, 40.51, 125.61, 10
197, 210, 12.40, 43.85, 121.15, 1
196, 213, 12.42, 41.61, 129.33, 2
200, 223, 12.60, 40.48, 125.43, 3
202, 214, 12.83, 39.62, 126.37, 4
201, 217, 12.90, 39.76, 125.12, 5
203, 218, 12.91, 39.54, 125.61, 6
203, 217, 12.91, 38.91, 124.69, 7
203, 221, 12.98, 38.79, 125.00, 8
202, 217, 13.04, 38.55, 125.12, 9
203, 213, 13.11, 38.39, 125.00, 10
196, 215, 13.79, 43.06, 120.91, 1
202, 215, 13.83, 38.50, 129.36, 2
196, 219, 14.03, 36.63, 125.89, 3
191, 213, 14.07, 36.19, 126.53, 4
202, 216, 14.20, 35.58, 125.24, 5
199, 216, 14.23, 35.21, 125.52, 6
199, 215, 14.35, 34.82, 125.58, 7
204, 216, 14.39, 34.49, 125.64, 8
197, 214, 14.38, 34.23, 124.85, 9
198, 214, 14.38, 33.95, 124.73, 10
198, 211, 13.63, 41.71, 121.40, 1
193, 218, 13.73, 39.39, 129.00, 2
198, 216, 13.82, 38.04, 125.64, 3
199, 219, 13.99, 37.25, 126.19, 4
202, 219, 13.97, 37.03, 125.00, 5
196, 213, 14.04, 37.00, 125.40, 6
198, 214, 14.07, 36.44, 125.52, 7
201, 218, 14.11, 36.17, 124.85, 8
198, 209, 14.17, 35.71, 125.58, 9
198, 213, 14.13, 35.49, 124.94, 10
204, 216, 12.64, 40.91, 122.41, 1
199, 216, 12.67, 39.03, 129.24, 2
201, 208, 12.81, 38.24, 126.07, 3
200, 217, 12.94, 37.94, 126.83, 4
202, 212, 13.00, 37.58, 124.73, 5
200, 212, 13.05, 37.04, 125.00, 6
200, 216, 13.07, 36.55, 125.00, 7
204, 215, 13.17, 36.36, 125.12, 8
203, 212, 13.22, 36.18, 125.21, 9
202, 215, 13.19, 36.10, 125.52, 10
207, 220, 11.82, 40.37, 121.77, 1
197, 213, 11.82, 39.17, 128.78, 2
203, 217, 11.94, 38.51, 125.64, 3
199, 227, 12.16, 38.38, 126.53, 4
204, 214, 12.22, 38.20, 125.18, 5
202, 212, 12.22, 38.29, 125.31, 6
200, 209, 12.31, 38.33, 125.61, 7
200, 215, 12.33, 38.19, 124.63, 8
201, 219, 12.42, 37.94, 124.94, 9
206, 219, 12.32, 37.85, 125.64, 10
205, 216, 11.38, 40.30, 121.89, 1
203, 217, 11.44, 39.03, 128.91, 2
199, 217, 11.66, 38.08, 126.01, 3
204, 221, 11.82, 37.59, 126.62, 4
200, 213, 11.85, 37.31, 125.61, 5
203, 215, 11.95, 37.18, 125.52, 6
204, 218, 11.98, 36.92, 124.51, 7
200, 221, 12.04, 36.82, 124.76, 8
202, 218, 12.08, 36.95, 125.58, 9
205, 211, 12.12, 36.51, 125.00, 10
206, 225, 11.67, 39.89, 122.16, 1
203, 216, 11.75, 38.38, 129.03, 2
200, 217, 11.92, 37.28, 126.01, 3
200, 220, 12.09, 36.93, 126.62, 4
199, 220, 12.16, 36.12, 125.31, 5
198, 217, 12.12, 36.13, 124.51, 6
204, 217, 12.22, 35.69, 124.48, 7
199, 221, 12.29, 35.20, 124.63, 8
195, 220, 12.42, 35.04, 124.85, 9
202, 217, 12.43, 34.88, 124.73, 10
198, 211, 14.17, 39.32, 121.64, 1
195, 222, 14.18, 35.50, 129.73, 2
198, 221, 14.44, 34.27, 125.79, 3
195, 214, 14.49, 33.29, 126.83, 4
202, 216, 14.68, 32.63, 124.51, 5
205, 210, 14.68, 32.43, 124.73, 6
197, 206, 14.85, 32.25, 124.73, 7
202, 216, 14.86, 31.87, 125.18, 8
202, 214, 14.96, 31.35, 125.18, 9
196, 220, 15.06, 30.91, 123.35, 10
190, 207, 18.32, 38.88, 120.67, 1
194, 209, 18.51, 31.31, 129.36, 2
198, 207, 18.52, 29.61, 127.14, 3
196, 205, 18.79, 28.80, 126.83, 4
196, 202, 18.99, 28.24, 125.61, 5
193, 215, 19.02, 27.83, 124.73, 6
189, 208, 19.11, 27.37, 124.94, 7
193, 210, 19.20, 27.24, 125.21, 8
192, 207, 19.27, 27.42, 125.12, 9
193, 207, 19.26, 27.01, 125.21, 10
193, 210, 17.46, 37.73, 121.25, 1
195, 207, 17.48, 31.79, 128.85, 2
195, 210, 17.60, 29.76, 126.83, 3
199, 209, 17.72, 28.79, 127.35, 4
197, 211, 17.72, 28.63, 125.18, 5
192, 209, 17.84, 28.05, 125.43, 6
198, 213, 17.83, 27.89, 125.52, 7
196, 205, 17.81, 27.59, 125.52, 8
198, 205, 17.79, 27.29, 123.87, 9
195, 210, 17.83, 27.16, 123.75, 10
202, 216, 15.14, 36.50, 122.10, 1
199, 214, 15.31, 32.82, 129.46, 2
195, 214, 15.38, 31.08, 126.28, 3
195, 211, 15.47, 30.28, 125.61, 4
200, 212, 15.55, 29.61, 125.21, 5
196, 216, 15.50, 29.45, 125.43, 6
200, 210, 15.58, 29.32, 123.47, 7
193, 219, 15.68, 28.72, 125.61, 8
198, 215, 15.77, 28.57, 123.54, 9
196, 216, 15.77, 28.02, 125.70, 10
199, 211, 13.93, 35.93, 122.28, 1
201, 213, 14.04, 31.83, 128.78, 2
197, 219, 14.28, 30.16, 126.04, 3
202, 210, 14.31, 29.88, 127.11, 4
197, 219, 14.34, 29.63, 124.79, 5
194, 213, 14.37, 29.33, 125.12, 6
201, 213, 14.45, 28.92, 125.43, 7
200, 209, 14.59, 29.01, 125.61, 8
202, 216, 14.52, 29.07, 125.40, 9
194, 214, 14.58, 28.73, 125.24, 10
196, 211, 13.11, 35.73, 122.04, 1
203, 211, 13.18, 34.30, 128.57, 2
196, 213, 13.29, 33.90, 125.43, 3
197, 217, 13.35, 33.67, 125.52, 4
200, 214, 13.49, 33.45, 125.18, 5
201, 214, 13.46, 33.66, 125.43, 6
202, 214, 13.51, 33.56, 125.43, 7
204, 215, 13.51, 33.50, 125.52, 8
199, 216, 13.58, 33.64, 123.54, 9
200, 215, 13.68, 33.52, 125.58, 10
199, 217, 12.32, 36.14, 122.28, 1
197, 218, 12.43, 31.27, 129.03, 2
205, 212, 12.56, 29.14, 126.28, 3
198, 212, 12.62, 28.73, 127.01, 4
199, 216, 12.81, 28.55, 124.63, 5
205, 218, 12.86, 28.29, 125.00, 6
198, 219, 12.87, 27.93, 125.21, 7
200, 214, 12.91, 27.38, 125.46, 8
198, 211, 12.86, 26.99, 123.47, 9
200, 216, 12.93, 26.62, 125.61, 10
199, 216, 12.08, 35.32, 122.31, 1
202, 214, 12.18, 31.73, 128.78, 2
203, 216, 12.28, 30.30, 124.94, 3
204, 217, 12.49, 29.71, 127.04, 4
203, 223, 12.49, 29.31, 124.85, 5
201, 219, 12.54, 28.74, 125.00, 6
204, 216, 12.59, 28.50, 125.12, 7
205, 220, 12.63, 28.18, 125.21, 8
198, 212, 12.62, 28.03, 125.21, 9
199, 219, 12.67, 27.85, 125.31, 10
197, 219, 11.87, 35.19, 122.44, 1
204, 219, 11.99, 32.30, 128.57, 2
199, 219, 12.11, 31.11, 125.89, 3
203, 219, 12.24, 30.68, 127.20, 4
200, 217, 12.29, 30.41, 124.94, 5
202, 220, 12.37, 30.35, 125.12, 6
202, 215, 12.33, 30.15, 125.46, 7
200, 221, 12.46, 30.04, 123.17, 8
203, 216, 12.46, 29.89, 125.31, 9
197, 220, 12.47, 29.68, 125.31, 10
202, 217, 11.77, 35.18, 122.31, 1
201, 223, 11.88, 31.90, 129.03, 2
201, 219, 12.01, 30.45, 125.31, 3
203, 218, 12.11, 29.83, 125.31, 4
202, 220, 12.21, 29.57, 124.94, 5
200, 217, 12.19, 29.01, 125.18, 6
198, 216, 12.25, 29.18, 125.31, 7
201, 211, 12.26, 29.12, 125.43, 8
204, 212, 12.43, 28.83, 123.41, 9
201, 221, 12.39, 28.42, 125.70, 10
206, 217, 11.46, 34.99, 122.16, 1
204, 216, 11.48, 32.20, 129.24, 2
203, 219, 11.63, 30.85, 125.58, 3
200, 216, 11.78, 30.70, 127.69, 4
204, 221, 11.89, 30.43, 125.31, 5
206, 217, 11.96, 29.93, 125.46, 6
205, 217, 11.94, 29.69, 125.70, 7
200, 222, 11.98, 29.35, 125.24, 8
200, 220, 11.99, 29.09, 123.47, 9
200, 215, 12.01, 29.17, 125.70, 10
207, 218, 11.06, 34.95, 122.80, 1
202, 217, 11.16, 32.89, 128.57, 2
206, 217, 11.31, 31.78, 125.24, 3
203, 215, 11.44, 31.29, 125.00, 4
203, 221, 11.47, 30.88, 125.79, 5
203, 220, 11.38, 30.68, 124.94, 6
201, 218, 11.51, 30.39, 125.00, 7
201, 223, 11.64, 30.07, 125.40, 8
203, 219, 11.58, 29.97, 123.35, 9
200, 216, 11.67, 30.16, 125.58, 10
208, 213, 10.71, 34.88, 123.26, 1
203, 219, 10.78, 33.19, 128.45, 2
202, 225, 11.06, 32.80, 125.12, 3
197, 217, 11.15, 32.37, 125.12, 4
198, 218, 11.08, 32.15, 125.79, 5
208, 215, 11.29, 32.04, 124.79, 6
201, 217, 11.27, 31.71, 125.12, 7
200, 223, 11.29, 31.34, 125.43, 8
201, 222, 11.34, 31.13, 125.21, 9
202, 217, 11.41, 31.02, 123.35, 10
203, 219, 10.40, 35.03, 122.28, 1
205, 221, 10.51, 33.22, 128.51, 2
199, 215, 10.71, 32.38, 125.00, 3
203, 221, 10.74, 32.26, 126.68, 4
202, 218, 10.82, 32.08, 125.61, 5
202, 221, 10.83, 32.01, 124.76, 6
203, 215, 11.05, 31.80, 124.76, 7
207, 217, 10.95, 31.54, 124.85, 8
203, 218, 11.03, 31.33, 125.12, 9
200, 213, 11.15, 31.21, 125.21, 10
200, 218, 10.21, 35.24, 122.59, 1
202, 220, 10.24, 33.66, 129.03, 2
201, 220, 10.43, 33.01, 125.21, 3
205, 224, 10.58, 32.92, 125.12, 4
198, 216, 10.60, 32.54, 125.00, 5
197, 216, 10.67, 32.64, 125.21, 6
211, 219, 10.68, 32.55, 125.21, 7
203, 220, 10.71, 32.21, 125.21, 8
205, 215, 10.75, 32.03, 125.31, 9
204, 214, 10.83, 32.24, 125.64, 10
203, 222, 9.86, 35.22, 122.44, 1
200, 217, 10.00, 34.53, 128.81, 2
204, 222, 10.09, 33.96, 125.18, 3
203, 221, 10.25, 33.97, 125.46, 4
203, 221, 10.27, 34.41, 125.12, 5
203, 219, 10.41, 33.99, 125.21, 6
205, 221, 10.40, 33.76, 123.29, 7
200, 219, 10.40, 33.73, 125.46, 8
206, 224, 10.45, 33.55, 123.66, 9
205, 221, 10.52, 33.23, 125.64, 10
204, 217, 9.68, 35.38, 123.08, 1
206, 222, 9.79, 35.42, 128.78, 2
206, 219, 9.85, 35.09, 126.10, 3
208, 226, 9.93, 34.88, 125.58, 4
207, 213, 9.99, 34.70, 125.12, 5
203, 219, 10.04, 34.55, 125.43, 6
201, 223, 10.09, 34.80, 125.61, 7
201, 219, 10.13, 34.72, 125.70, 8
203, 220, 10.25, 34.53, 123.57, 9
204, 221, 10.19, 34.56, 125.64, 10
208, 218, 9.34, 35.67, 122.99, 1
197, 219, 9.41, 35.93, 128.08, 2
202, 218, 9.66, 35.91, 129.61, 3
208, 220, 9.71, 35.62, 127.35, 4
203, 221, 9.71, 35.51, 125.12, 5
203, 219, 9.80, 35.55, 125.21, 6
203, 216, 9.93, 35.68, 125.46, 7
203, 221, 9.89, 35.44, 123.44, 8
205, 222, 9.93, 35.47, 125.61, 9
204, 218, 9.99, 35.60, 123.84, 10
198, 220, 9.14, 35.97, 122.16, 1
201, 220, 9.17, 36.22, 129.33, 2
204, 220, 9.38, 36.18, 126.50, 3
205, 224, 9.45, 36.06, 125.31, 4
210, 221, 9.46, 36.24, 125.70, 5
203, 224, 9.55, 36.29, 124.73, 6
205, 218, 9.56, 36.28, 125.12, 7
201, 219, 9.68, 36.51, 125.31, 8
205, 220, 9.72, 36.36, 125.21, 9
203, 219, 9.69, 36.23, 123.29, 10
208, 225, 8.80, 36.29, 129.52, 1
210, 216, 9.07, 36.79, 125.58, 2
209, 222, 9.02, 37.37, 124.51, 3
204, 215, 9.25, 37.40, 125.31, 4
204, 222, 9.24, 37.15, 124.48, 5
205, 217, 9.32, 37.15, 124.85, 6
207, 229, 9.41, 37.25, 125.21, 7
207, 227, 9.42, 37.63, 125.31, 8
205, 223, 9.49, 37.37, 125.31, 9
206, 223, 9.45, 37.30, 125.58, 10
204, 217, 8.72, 36.57, 126.80, 1
206, 224, 8.84, 37.15, 125.58, 2
203, 222, 8.88, 37.55, 126.80, 3
207, 227, 8.95, 38.05, 125.18, 4
204, 218, 9.03, 37.96, 124.51, 5
204, 225, 9.08, 37.91, 124.79, 6
