2094, 2439, 21.03, 21.19, 101.78, 1
2095, 2441, 21.28, 21.06, 98.97, 2
2102, 2450, 21.30, 20.83, 99.64, 3
2095, 2449, 21.28, 20.88, 102.81, 4
2103, 2441, 21.40, 20.84, 99.46, 5
2097, 2448, 21.44, 20.69, 99.46, 6
2097, 2440, 21.47, 20.72, 99.73, 7
2097, 2451, 21.36, 20.67, 98.97, 8
2102, 2448, 21.51, 20.70, 98.91, 9
2096, 2446, 21.45, 20.52, 101.38, 10
2102, 2459, 20.60, 20.88, 98.02, 1
2104, 2455, 20.72, 20.71, 104.68, 2
2104, 2462, 20.79, 20.76, 98.33, 3
2109, 2459, 20.91, 20.77, 100.89, 4
2107, 2458, 20.97, 20.67, 101.47, 5
2108, 2460, 20.96, 20.84, 98.97, 6
2109, 2457, 20.99, 20.61, 99.18, 7
2108, 2457, 20.97, 20.64, 100.10, 8
2106, 2452, 21.03, 20.77, 99.95, 9
2112, 2459, 21.04, 20.60, 99.33, 10
2117, 2459, 20.25, 21.02, 97.93, 1
2116, 2467, 20.35, 20.92, 104.68, 2
2117, 2464, 20.42, 20.72, 101.62, 3
2120, 2471, 20.55, 20.75, 102.36, 4
2113, 2469, 20.55, 20.82, 99.09, 5
2116, 2462, 20.69, 20.80, 98.36, 6
2115, 2467, 20.58, 20.73, 98.91, 7
2117, 2459, 20.58, 20.56, 99.18, 8
2120, 2467, 20.72, 20.57, 99.98, 9
2111, 2469, 20.78, 20.69, 99.95, 10
2125, 2473, 19.87, 21.00, 98.75, 1
2121, 2473, 20.01, 20.97, 104.64, 2
2118, 2470, 20.15, 20.81, 96.59, 3
2116, 2475, 20.20, 20.74, 100.37, 4
2115, 2473, 20.18, 20.74, 100.07, 5
2123, 2463, 20.25, 20.63, 98.45, 6
2120, 2466, 20.32, 20.52, 100.89, 7
2117, 2468, 20.42, 20.56, 100.95, 8
2119, 2469, 20.45, 20.55, 99.37, 9
2121, 2473, 20.38, 20.55, 102.29, 10
2126, 2476, 19.52, 21.00, 95.03, 1
2130, 2478, 19.58, 20.80, 104.19, 2
2121, 2486, 19.81, 20.75, 96.92, 3
2126, 2484, 19.84, 20.71, 100.46, 4
2130, 2484, 19.88, 20.67, 100.83, 5
2121, 2480, 19.97, 20.63, 100.19, 6
2125, 2477, 19.87, 20.71, 98.82, 7
2122, 2476, 19.96, 20.61, 99.76, 8
2122, 2484, 19.96, 20.61, 101.10, 9
2128, 2482, 20.04, 20.52, 98.69, 10
2132, 2487, 18.87, 20.91, 98.36, 1
2142, 2485, 19.15, 21.00, 104.22, 2
2133, 2493, 19.26, 20.90, 96.10, 3
2133, 2485, 19.23, 20.80, 102.20, 4
2139, 2484, 19.35, 20.79, 101.87, 5
2136, 2487, 19.45, 20.81, 101.10, 6
2128, 2483, 19.31, 20.75, 100.46, 7
2128, 2487, 19.44, 20.81, 98.75, 8
2138, 2492, 19.44, 20.68, 98.11, 9
2134, 2490, 19.50, 20.70, 101.32, 10
2147, 2505, 18.37, 21.00, 97.32, 1
2140, 2501, 18.62, 20.99, 102.51, 2
2140, 2503, 18.64, 20.93, 96.41, 3
2146, 2497, 18.71, 20.86, 100.52, 4
2140, 2505, 18.80, 20.92, 99.37, 5
2145, 2505, 18.73, 20.88, 102.14, 6
2145, 2497, 18.80, 20.94, 98.91, 7
2145, 2493, 18.86, 20.92, 101.96, 8
2140, 2497, 18.91, 21.06, 100.62, 9
2141, 2496, 19.05, 20.95, 100.52, 10
2146, 2505, 17.91, 21.00, 96.83, 1
2148, 2506, 17.91, 21.16, 104.28, 2
2155, 2511, 18.07, 21.05, 99.06, 3
2154, 2515, 18.20, 21.27, 99.55, 4
2151, 2509, 18.35, 21.24, 99.98, 5
2151, 2514, 18.33, 21.19, 99.06, 6
2153, 2512, 18.37, 21.08, 98.66, 7
2153, 2510, 18.31, 21.19, 99.18, 8
2144, 2510, 18.40, 21.21, 98.57, 9
2150, 2510, 18.45, 21.12, 101.81, 10
2162, 2523, 17.54, 21.34, 97.96, 1
2156, 2518, 17.69, 21.28, 104.37, 2
2156, 2517, 17.73, 21.36, 96.50, 3
2153, 2515, 17.74, 21.36, 100.10, 4
2154, 2525, 17.88, 21.44, 100.37, 5
2156, 2523, 17.85, 21.47, 101.41, 6
2160, 2520, 17.82, 21.48, 101.10, 7
2163, 2523, 17.89, 21.56, 99.21, 8
2161, 2521, 18.02, 21.68, 98.27, 9
2160, 2520, 17.94, 21.66, 98.82, 10
2162, 2534, 17.15, 21.41, 95.43, 1
2164, 2532, 17.12, 21.39, 102.78, 2
2168, 2532, 17.32, 21.40, 95.92, 3
2170, 2533, 17.26, 21.63, 100.01, 4
2169, 2533, 17.46, 21.68, 97.84, 5
2165, 2532, 17.47, 21.77, 99.21, 6
2172, 2524, 17.51, 21.80, 99.09, 7
2170, 2526, 17.54, 21.92, 102.08, 8
2168, 2530, 17.57, 21.93, 99.37, 9
2166, 2529, 17.54, 21.97, 97.84, 10
2166, 2534, 16.68, 21.44, 95.03, 1
2179, 2539, 16.70, 21.55, 104.16, 2
2177, 2541, 16.79, 21.58, 99.46, 3
2171, 2535, 16.98, 21.78, 100.22, 4
2173, 2540, 16.95, 21.83, 100.95, 5
2169, 2541, 16.99, 21.78, 101.47, 6
2176, 2541, 17.01, 21.86, 101.47, 7
2176, 2533, 17.04, 21.88, 101.47, 8
2172, 2534, 17.08, 22.02, 99.73, 9
2171, 2537, 17.18, 22.02, 99.18, 10
2184, 2548, 16.30, 21.66, 95.00, 1
2176, 2548, 16.40, 21.78, 103.18, 2
2182, 2544, 16.41, 21.81, 96.86, 3
2183, 2554, 16.54, 21.80, 100.31, 4
2182, 2546, 16.65, 21.86, 100.34, 5
2178, 2539, 16.61, 22.00, 97.84, 6
2185, 2551, 16.71, 21.96, 102.66, 7
2178, 2544, 16.79, 22.06, 99.82, 8
2176, 2546, 16.68, 22.08, 101.47, 9
2173, 2542, 16.75, 22.15, 103.64, 10
2181, 2549, 15.98, 21.63, 98.08, 1
2185, 2557, 16.05, 21.69, 103.79, 2
2181, 2549, 16.15, 21.90, 95.92, 3
2181, 2549, 16.23, 21.97, 100.83, 4
2184, 2550, 16.26, 21.98, 100.74, 5
2190, 2549, 16.34, 22.16, 100.10, 6
2180, 2548, 16.41, 22.06, 98.69, 7
2181, 2551, 16.41, 22.05, 100.74, 8
2190, 2557, 16.41, 22.24, 100.83, 9
2180, 2548, 16.44, 22.27, 100.74, 10
2195, 2566, 15.61, 21.71, 97.84, 1
2190, 2556, 15.64, 21.81, 104.19, 2
2192, 2556, 15.84, 21.86, 97.96, 3
2189, 2558, 15.81, 22.03, 99.73, 4
2189, 2565, 15.91, 22.10, 100.10, 5
2189, 2557, 15.93, 22.32, 101.68, 6
2194, 2555, 16.00, 22.23, 100.89, 7
2185, 2560, 16.05, 22.35, 101.41, 8
2188, 2563, 16.10, 22.41, 100.89, 9
2187, 2555, 16.05, 22.57, 98.91, 10
2198, 2568, 15.33, 21.80, 97.75, 1
2197, 2572, 15.40, 22.00, 104.43, 2
2200, 2571, 15.45, 22.06, 100.37, 3
2202, 2572, 15.44, 22.19, 99.12, 4
2200, 2571, 15.61, 22.29, 97.75, 5
2202, 2567, 15.69, 22.30, 100.83, 6
2193, 2566, 15.77, 22.25, 100.46, 7
2200, 2566, 15.73, 22.44, 101.47, 8
2196, 2566, 15.72, 22.45, 100.62, 9
2192, 2563, 15.82, 22.50, 99.73, 10
2197, 2572, 14.89, 21.93, 96.13, 1
2198, 2577, 15.03, 22.03, 103.85, 2
2199, 2577, 15.23, 22.18, 95.92, 3
2202, 2575, 15.26, 22.28, 98.97, 4
2204, 2569, 15.27, 22.27, 102.02, 5
2205, 2569, 15.35, 22.24, 100.62, 6
2194, 2573, 15.37, 22.56, 101.23, 7
2198, 2571, 15.51, 22.62, 101.41, 8
2202, 2576, 15.41, 22.58, 101.04, 9
2196, 2572, 15.54, 22.61, 101.87, 10
2201, 2578, 14.62, 21.85, 95.89, 1
2199, 2576, 14.75, 22.14, 99.64, 2
2206, 2583, 14.78, 22.20, 95.89, 3
2205, 2576, 14.92, 22.34, 100.74, 4
2204, 2576, 15.03, 22.49, 99.55, 5
2210, 2584, 14.99, 22.57, 98.97, 6
2213, 2578, 15.09, 22.36, 100.74, 7
2202, 2574, 15.13, 22.75, 101.07, 8
2200, 2584, 15.10, 22.75, 101.81, 9
2206, 2578, 15.22, 22.68, 97.17, 10
2209, 2592, 14.42, 22.08, 95.92, 1
2212, 2590, 14.44, 22.26, 104.43, 2
2216, 2595, 14.53, 22.42, 96.13, 3
2211, 2584, 14.67, 22.50, 101.96, 4
2215, 2591, 14.62, 22.66, 100.37, 5
2208, 2586, 14.69, 22.67, 99.85, 6
2217, 2590, 14.79, 22.75, 99.88, 7
2210, 2581, 14.74, 22.84, 100.37, 8
2212, 2587, 14.79, 22.93, 100.68, 9
2209, 2581, 14.83, 22.96, 101.23, 10
2218, 2590, 14.03, 22.14, 95.52, 1
2212, 2602, 14.14, 22.33, 104.68, 2
2217, 2599, 14.20, 22.49, 101.68, 3
2212, 2590, 14.37, 22.60, 101.68, 4
2218, 2594, 14.30, 22.72, 99.18, 5
2215, 2588, 14.42, 22.78, 102.81, 6
2214, 2589, 14.58, 22.90, 101.56, 7
2217, 2588, 14.47, 22.87, 101.04, 8
2211, 2596, 14.49, 23.01, 99.55, 9
2215, 2590, 14.48, 23.00, 100.68, 10
2220, 2599, 13.86, 22.26, 95.67, 1
2216, 2598, 13.90, 22.49, 99.88, 2
2218, 2598, 13.94, 22.59, 95.83, 3
2224, 2601, 14.07, 22.64, 99.46, 4
2224, 2600, 14.19, 22.73, 100.22, 5
2217, 2596, 14.30, 22.86, 99.18, 6
2223, 2599, 14.25, 22.89, 100.07, 7
2227, 2601, 14.13, 22.93, 101.93, 8
2216, 2590, 14.28, 22.98, 99.55, 9
2224, 2600, 14.37, 23.15, 100.62, 10
2226, 2602, 13.69, 22.31, 95.46, 1
2230, 2604, 13.80, 22.54, 103.61, 2
2223, 2600, 13.82, 22.74, 100.31, 3
2228, 2605, 13.85, 22.83, 98.82, 4
2228, 2609, 13.94, 22.91, 99.37, 5
2219, 2601, 14.04, 23.03, 101.56, 6
2220, 2599, 13.97, 23.09, 99.73, 7
2221, 2599, 14.02, 23.32, 100.62, 8
2227, 2604, 14.11, 23.30, 98.48, 9
2220, 2597, 14.10, 23.37, 96.92, 10
2227, 2610, 13.41, 22.44, 96.31, 1
2224, 2610, 13.48, 22.82, 104.55, 2
2230, 2607, 13.61, 22.86, 95.52, 3
2226, 2606, 13.66, 22.82, 98.91, 4
2226, 2610, 13.77, 22.93, 98.91, 5
2232, 2611, 13.73, 23.23, 102.94, 6
2235, 2609, 13.75, 23.33, 101.38, 7
2226, 2603, 13.92, 23.44, 96.92, 8
2226, 2612, 13.89, 23.45, 100.49, 9
2234, 2605, 13.86, 23.57, 101.96, 10
2232, 2610, 13.08, 22.61, 95.92, 1
2230, 2607, 13.22, 22.79, 104.03, 2
2233, 2613, 13.31, 22.93, 101.62, 3
2234, 2614, 13.46, 23.04, 98.21, 4
2233, 2613, 13.48, 23.23, 102.33, 5
2233, 2613, 13.52, 23.25, 100.74, 6
2229, 2609, 13.48, 23.38, 99.06, 7
2229, 2608, 13.52, 23.50, 99.12, 8
2229, 2609, 13.59, 23.63, 97.14, 9
2239, 2616, 13.69, 23.69, 101.20, 10
2237, 2612, 12.73, 22.72, 96.10, 1
2234, 2618, 12.90, 22.80, 103.64, 2
2243, 2627, 12.87, 23.08, 104.00, 3
2236, 2618, 12.97, 23.28, 97.32, 4
2243, 2625, 13.11, 23.29, 99.73, 5
2239, 2614, 13.14, 23.49, 101.93, 6
2234, 2618, 13.14, 23.61, 100.74, 7
2235, 2617, 13.15, 23.76, 101.96, 8
2233, 2620, 13.25, 23.76, 97.44, 9
2241, 2618, 13.21, 23.81, 100.34, 10
2241, 2622, 12.49, 22.82, 95.89, 1
2248, 2630, 12.63, 22.97, 104.19, 2
2242, 2633, 12.69, 23.31, 100.74, 3
2248, 2622, 12.79, 23.37, 102.29, 4
2239, 2623, 12.86, 23.48, 98.69, 5
2246, 2633, 12.79, 23.66, 100.10, 6
2246, 2624, 12.82, 23.84, 98.91, 7
2245, 2628, 12.89, 23.95, 99.73, 8
2241, 2624, 12.87, 23.97, 100.10, 9
2246, 2622, 12.96, 24.04, 100.95, 10
2252, 2638, 12.20, 22.99, 95.86, 1
2244, 2635, 12.31, 23.08, 104.28, 2
2245, 2629, 12.39, 23.33, 100.62, 3
2243, 2627, 12.48, 23.50, 103.82, 4
2248, 2638, 12.51, 23.71, 100.83, 5
2244, 2630, 12.57, 23.77, 100.34, 6
2253, 2628, 12.63, 23.82, 96.50, 7
2243, 2636, 12.66, 24.01, 101.32, 8
2248, 2629, 12.73, 24.15, 100.46, 9
2255, 2633, 12.70, 24.24, 96.98, 10
2250, 2642, 11.98, 23.05, 95.79, 1
2243, 2635, 12.07, 23.32, 104.22, 2
2257, 2640, 12.11, 23.48, 98.75, 3
2255, 2643, 12.34, 23.68, 99.09, 4
2247, 2638, 12.31, 23.82, 97.41, 5
2256, 2634, 12.49, 23.95, 98.97, 6
2256, 2633, 12.49, 24.04, 98.11, 7
2251, 2632, 12.49, 24.10, 100.37, 8
2253, 2636, 12.53, 24.40, 101.56, 9
2247, 2635, 12.51, 24.34, 100.68, 10
2253, 2641, 12.01, 23.22, 95.92, 1
2255, 2643, 12.10, 23.44, 104.16, 2
2258, 2640, 12.07, 23.50, 103.03, 3
2260, 2639, 12.15, 23.71, 102.72, 4
2249, 2644, 12.28, 23.92, 96.59, 5
2249, 2644, 12.31, 24.01, 102.94, 6
2253, 2639, 12.36, 24.16, 95.37, 7
2256, 2636, 12.45, 24.37, 97.26, 8
2254, 2645, 12.42, 24.42, 100.40, 9
2253, 2638, 12.48, 24.56, 104.37, 10
2254, 2637, 11.78, 23.25, 95.52, 1
2250, 2639, 11.88, 23.52, 104.00, 2
2260, 2643, 12.10, 23.74, 97.84, 3
2259, 2645, 12.10, 24.01, 96.77, 4
2253, 2639, 12.15, 24.01, 99.64, 5
2257, 2643, 12.14, 24.20, 100.68, 6
2255, 2639, 12.25, 24.30, 102.72, 7
2255, 2638, 12.36, 24.42, 97.26, 8
2258, 2646, 12.22, 24.56, 100.65, 9
2259, 2643, 12.31, 24.58, 99.73, 10
2253, 2635, 11.83, 23.41, 95.70, 1
2253, 2638, 12.00, 23.54, 104.19, 2
2255, 2636, 12.02, 23.70, 98.66, 3
2251, 2637, 12.14, 23.82, 95.73, 4
2253, 2636, 12.21, 23.99, 102.08, 5
2253, 2636, 12.24, 24.15, 99.85, 6
2261, 2646, 12.28, 24.23, 97.20, 7
2255, 2656, 12.38, 24.37, 100.52, 8
2256, 2637, 12.38, 24.40, 101.68, 9
2251, 2638, 12.39, 24.49, 102.94, 10
2244, 2625, 12.63, 23.58, 96.01, 1
2247, 2627, 12.72, 23.60, 96.44, 2
2242, 2624, 12.80, 23.81, 95.37, 3
2245, 2634, 12.96, 23.80, 96.44, 4
2245, 2625, 13.07, 23.69, 96.41, 5
2234, 2628, 13.00, 23.90, 100.74, 6
2241, 2619, 13.13, 23.87, 104.55, 7
2241, 2619, 13.08, 23.96, 98.48, 8
2238, 2622, 13.14, 24.02, 102.51, 9
2243, 2626, 13.13, 24.06, 99.33, 10
2233, 2612, 13.28, 23.50, 95.92, 1
2228, 2607, 13.39, 23.52, 104.49, 2
2233, 2611, 13.55, 23.47, 102.94, 3
2231, 2615, 13.66, 23.57, 98.08, 4
2227, 2610, 13.72, 23.60, 99.76, 5
2230, 2613, 13.68, 23.61, 102.81, 6
2231, 2614, 13.72, 23.77, 96.62, 7
2229, 2609, 13.85, 23.70, 99.88, 8
2224, 2600, 13.89, 23.60, 100.07, 9
2232, 2611, 13.89, 23.69, 96.59, 10
2229, 2602, 13.89, 23.33, 95.46, 1
2225, 2600, 13.97, 23.40, 104.98, 2
2223, 2599, 14.13, 23.42, 98.57, 3
2224, 2601, 14.14, 23.37, 98.69, 4
2224, 2603, 14.20, 23.25, 99.18, 5
2219, 2596, 14.30, 23.43, 101.10, 6
2219, 2603, 14.20, 23.37, 100.52, 7
2224, 2600, 14.32, 23.22, 101.04, 8
2223, 2600, 14.32, 23.23, 96.98, 9
2223, 2595, 14.40, 23.36, 100.49, 10
2215, 2590, 14.37, 23.22, 95.70, 1
2211, 2595, 14.34, 23.15, 104.98, 2
2211, 2582, 14.57, 23.00, 98.51, 3
2210, 2589, 14.69, 23.08, 98.02, 4
2206, 2592, 14.65, 23.01, 100.46, 5
2217, 2590, 14.78, 23.04, 97.14, 6
2217, 2587, 14.83, 22.99, 100.62, 7
2210, 2585, 14.99, 22.98, 97.87, 8
2212, 2584, 14.95, 22.93, 95.18, 9
2214, 2595, 14.97, 22.94, 98.97, 10
2206, 2581, 14.88, 22.93, 95.86, 1
2204, 2576, 14.93, 22.94, 103.03, 2
2205, 2574, 15.14, 22.78, 101.20, 3
2203, 2577, 15.19, 22.93, 97.66, 4
2208, 2580, 15.20, 22.75, 98.69, 5
2207, 2572, 15.30, 22.85, 103.18, 6
2200, 2576, 15.34, 22.80, 101.38, 7
2203, 2573, 15.26, 22.70, 96.19, 8
2198, 2570, 15.50, 22.74, 100.31, 9
2200, 2580, 15.47, 22.64, 102.45, 10
2198, 2573, 15.40, 22.79, 96.31, 1
2188, 2572, 15.43, 22.84, 104.22, 2
2193, 2569, 15.54, 22.70, 98.11, 3
2193, 2571, 15.61, 22.62, 95.43, 4
2198, 2563, 15.84, 22.53, 97.20, 5
2199, 2562, 15.81, 22.61, 97.05, 6
2191, 2564, 15.86, 22.30, 100.74, 7
2194, 2565, 15.88, 22.37, 98.82, 8
2200, 2563, 15.96, 22.24, 103.49, 9
2201, 2561, 15.98, 22.24, 99.03, 10
2190, 2551, 16.05, 22.77, 96.50, 1
2193, 2557, 16.17, 22.70, 104.64, 2
2187, 2551, 16.15, 22.40, 102.72, 3
2185, 2561, 16.23, 22.33, 103.27, 4
2184, 2554, 16.27, 22.22, 104.89, 5
2190, 2555, 16.34, 21.97, 96.28, 6
2187, 2553, 16.37, 22.01, 98.36, 7
2188, 2549, 16.41, 21.95, 99.33, 8
2185, 2557, 16.58, 21.87, 104.68, 9
2185, 2550, 16.63, 21.87, 99.46, 10
2176, 2544, 16.58, 22.49, 96.80, 1
2180, 2547, 16.71, 22.54, 104.83, 2
2180, 2536, 16.72, 22.25, 101.20, 3
2181, 2548, 16.85, 21.99, 101.38, 4
2179, 2544, 16.81, 21.93, 99.73, 5
2172, 2538, 16.91, 21.90, 95.31, 6
2172, 2536, 17.02, 21.82, 100.46, 7
2176, 2534, 17.05, 21.82, 99.55, 8
2172, 2538, 17.02, 21.63, 98.69, 9
2176, 2537, 17.15, 21.58, 103.42, 10
2177, 2535, 16.81, 22.46, 95.12, 1
2178, 2537, 16.94, 22.31, 103.27, 2
2171, 2538, 17.09, 22.00, 96.59, 3
2177, 2537, 17.22, 21.79, 102.11, 4
2167, 2534, 17.13, 21.65, 96.98, 5
2175, 2535, 17.29, 21.70, 101.32, 6
2174, 2536, 17.36, 21.51, 104.43, 7
2173, 2540, 17.39, 21.35, 101.96, 8
2167, 2537, 17.37, 21.42, 99.55, 9
2168, 2528, 17.44, 21.26, 99.64, 10
2167, 2530, 17.33, 22.11, 95.31, 1
2167, 2530, 17.36, 22.01, 104.68, 2
2165, 2522, 17.47, 21.70, 96.92, 3
2166, 2524, 17.54, 21.46, 97.05, 4
2169, 2520, 17.66, 21.25, 104.77, 5
2166, 2530, 17.81, 21.16, 100.40, 6
2160, 2533, 17.82, 20.94, 95.21, 7
2163, 2520, 17.71, 20.92, 95.43, 8
2163, 2530, 17.82, 20.78, 96.37, 9
2162, 2527, 17.92, 20.69, 103.85, 10
2163, 2513, 17.85, 22.03, 95.31, 1
2152, 2520, 17.87, 21.88, 104.55, 2
2154, 2510, 17.99, 21.49, 98.82, 3
2155, 2512, 18.09, 21.34, 100.52, 4
2154, 2512, 18.12, 21.08, 103.03, 5
2152, 2511, 18.16, 21.10, 95.31, 6
2153, 2516, 18.25, 20.91, 103.33, 7
2153, 2517, 18.32, 20.71, 104.68, 8
2150, 2510, 18.36, 20.63, 100.19, 9
2157, 2516, 18.39, 20.51, 100.80, 10
2147, 2504, 18.12, 21.81, 95.52, 1
2147, 2508, 18.25, 21.69, 104.83, 2
2149, 2505, 18.33, 21.26, 102.78, 3
2148, 2506, 18.37, 21.06, 95.92, 4
2145, 2511, 18.50, 20.81, 99.95, 5
2149, 2508, 18.53, 20.55, 96.01, 6
2146, 2511, 18.63, 20.50, 95.09, 7
2158, 2512, 18.67, 20.29, 96.92, 8
2148, 2506, 18.67, 20.38, 98.33, 9
2148, 2501, 18.66, 20.09, 101.20, 10
2149, 2502, 18.68, 21.80, 95.83, 1
2148, 2494, 18.68, 21.45, 104.83, 2
2145, 2506, 18.70, 20.80, 102.51, 3
2146, 2504, 18.90, 20.55, 101.23, 4
2146, 2496, 18.98, 20.40, 104.68, 5
2141, 2504, 19.04, 20.14, 98.02, 6
2141, 2495, 19.07, 19.98, 96.77, 7
2140, 2501, 19.19, 19.89, 98.33, 8
2149, 2501, 19.18, 19.57, 99.06, 9
2148, 2506, 19.19, 19.52, 95.37, 10
2145, 2495, 19.02, 21.53, 98.11, 1
2143, 2488, 19.15, 21.11, 104.64, 2
2138, 2495, 19.26, 20.61, 103.03, 3
2137, 2498, 19.32, 20.43, 98.27, 4
2136, 2489, 19.44, 20.22, 100.74, 5
2140, 2487, 19.44, 20.05, 100.83, 6
2139, 2496, 19.39, 19.88, 99.37, 7
2138, 2487, 19.58, 19.69, 99.64, 8
2139, 2487, 19.55, 19.55, 100.37, 9
2139, 2485, 19.62, 19.43, 103.79, 10
2125, 2482, 19.52, 21.29, 95.86, 1
2129, 2482, 19.67, 20.88, 104.49, 2
2129, 2488, 19.83, 20.45, 104.89, 3
2125, 2478, 19.80, 20.29, 97.84, 4
2130, 2478, 19.80, 19.83, 102.94, 5
2127, 2489, 19.88, 19.82, 98.97, 6
2125, 2485, 19.96, 19.55, 97.69, 7
2131, 2475, 20.04, 19.35, 104.55, 8
2131, 2484, 20.07, 19.26, 102.29, 9
2128, 2487, 20.10, 19.11, 95.28, 10
2113, 2466, 20.36, 21.14, 95.43, 1
2113, 2476, 20.48, 20.84, 102.08, 2
2108, 2460, 20.49, 20.31, 104.34, 3
2117, 2463, 20.68, 20.07, 102.36, 4
2118, 2464, 20.69, 19.93, 104.03, 5
2116, 2462, 20.83, 19.76, 97.50, 6
2116, 2468, 20.80, 19.64, 100.62, 7
2117, 2467, 20.83, 19.37, 104.64, 8
2117, 2460, 20.96, 19.35, 102.14, 9
2114, 2467, 21.00, 19.12, 97.17, 10
2106, 2456, 21.00, 21.28, 95.43, 1
2109, 2448, 21.09, 21.04, 103.85, 2
2105, 2450, 21.11, 20.81, 103.09, 3
2104, 2456, 21.30, 20.75, 100.74, 4
2103, 2450, 21.31, 20.79, 99.18, 5
2101, 2455, 21.45, 20.60, 102.66, 6
2101, 2446, 21.51, 20.47, 104.22, 7
2101, 2458, 21.49, 20.67, 99.18, 8
2104, 2454, 21.55, 20.51, 101.78, 9
2103, 2453, 21.54, 20.53, 95.28, 10
2110, 2459, 20.49, 21.29, 96.19, 1
2110, 2465, 20.65, 21.27, 103.61, 2
2117, 2463, 20.69, 20.97, 104.16, 3
2112, 2460, 20.79, 20.96, 103.03, 4
2108, 2457, 20.89, 20.84, 104.03, 5
2113, 2462, 20.84, 20.91, 104.77, 6
2115, 2453, 20.94, 20.83, 103.94, 7
2111, 2461, 20.90, 20.69, 103.15, 8
2111, 2458, 20.94, 20.70, 96.53, 9
2114, 2464, 21.00, 20.64, 103.15, 10
2125, 2473, 19.94, 21.37, 95.37, 1
2126, 2472, 20.11, 21.32, 104.49, 2
2125, 2477, 20.18, 21.15, 103.09, 3
2120, 2467, 20.18, 21.18, 96.41, 4
2118, 2472, 20.36, 21.16, 101.93, 5
2116, 2471, 20.34, 21.30, 99.73, 6
2125, 2474, 20.39, 21.01, 101.10, 7
2124, 2475, 20.42, 21.07, 97.69, 8
2122, 2474, 20.53, 21.09, 104.16, 9
2119, 2469, 20.52, 21.06, 100.19, 10
2130, 2480, 19.49, 21.46, 97.84, 1
2132, 2477, 19.58, 21.42, 104.83, 2
2126, 2480, 19.70, 21.41, 104.89, 3
2131, 2482, 19.76, 21.42, 97.32, 4
2135, 2481, 19.81, 21.45, 97.41, 5
2133, 2484, 19.87, 21.29, 99.76, 6
2134, 2484, 19.86, 21.51, 97.53, 7
2134, 2484, 19.97, 21.44, 96.31, 8
2124, 2476, 20.00, 21.64, 100.34, 9
2125, 2478, 20.00, 21.59, 101.32, 10
2138, 2495, 19.05, 21.67, 95.70, 1
2138, 2495, 19.07, 21.66, 103.27, 2
2135, 2489, 19.17, 21.85, 103.64, 3
2139, 2494, 19.23, 21.98, 101.93, 4
2141, 2493, 19.36, 22.01, 102.94, 5
2138, 2493, 19.44, 22.10, 100.49, 6
2139, 2496, 19.44, 22.18, 97.69, 7
2141, 2493, 19.42, 22.12, 99.55, 8
2138, 2492, 19.42, 22.28, 97.02, 9
2139, 2496, 19.44, 22.33, 97.96, 10
2143, 2503, 18.37, 21.84, 95.83, 1
2143, 2504, 18.47, 22.05, 103.49, 2
2143, 2501, 18.50, 22.38, 103.67, 3
2150, 2508, 18.60, 22.42, 95.00, 4
2143, 2501, 18.66, 22.52, 99.98, 5
2144, 2500, 18.68, 22.90, 97.60, 6
2147, 2503, 18.88, 22.88, 102.08, 7
2141, 2511, 18.74, 22.82, 101.20, 8
2143, 2504, 18.83, 23.01, 99.98, 9
2149, 2497, 18.94, 23.14, 99.73, 10
2160, 2514, 17.76, 22.17, 95.18, 1
2152, 2520, 17.81, 22.52, 104.00, 2
2158, 2512, 17.92, 22.62, 102.14, 3
2153, 2512, 18.02, 22.78, 96.10, 4
2155, 2524, 18.02, 22.98, 101.96, 5
2160, 2520, 18.09, 23.11, 104.03, 6
2159, 2517, 18.16, 23.18, 98.91, 7
2156, 2509, 18.16, 23.29, 101.47, 8
2156, 2514, 18.18, 23.41, 99.24, 9
2160, 2519, 18.19, 23.56, 97.69, 10
2160, 2524, 17.19, 22.49, 95.21, 1
2163, 2530, 17.26, 22.67, 104.28, 2
2171, 2534, 17.46, 22.82, 104.83, 3
2167, 2530, 17.50, 23.04, 99.91, 4
2165, 2527, 17.56, 23.16, 99.76, 5
2167, 2525, 17.60, 23.32, 103.67, 6
2161, 2531, 17.56, 23.46, 104.77, 7
2169, 2529, 17.59, 23.48, 104.03, 8
2169, 2538, 17.69, 23.49, 101.23, 9
2163, 2524, 17.71, 23.63, 96.86, 10
2181, 2539, 16.74, 22.70, 97.93, 1
2176, 2535, 16.77, 22.94, 104.55, 2
2179, 2540, 16.92, 23.28, 101.81, 3
2177, 2539, 16.98, 23.35, 100.95, 4
2170, 2534, 17.04, 23.57, 99.46, 5
2179, 2536, 17.01, 23.61, 96.10, 6
2171, 2533, 17.09, 23.79, 97.60, 7
2171, 2531, 17.11, 23.96, 102.94, 8
2178, 2539, 17.16, 24.06, 98.45, 9
2181, 2542, 17.15, 24.08, 95.92, 10
2184, 2548, 16.37, 22.94, 95.00, 1
2184, 2547, 16.40, 23.17, 103.79, 2
2186, 2551, 16.43, 23.30, 104.19, 3
2186, 2549, 16.68, 23.51, 95.46, 4
2184, 2550, 16.63, 23.65, 98.69, 5
2185, 2546, 16.63, 23.75, 101.87, 6
2177, 2552, 16.77, 23.91, 96.28, 7
2177, 2541, 16.71, 24.12, 102.08, 8
2186, 2547, 16.84, 24.07, 95.43, 9
2183, 2547, 16.89, 24.30, 95.43, 10
2181, 2547, 16.10, 23.04, 96.50, 1
2179, 2547, 16.20, 23.45, 103.82, 2
2189, 2545, 16.23, 23.76, 101.68, 3
2184, 2559, 16.40, 24.05, 99.12, 4
2187, 2553, 16.47, 24.10, 96.19, 5
2182, 2548, 16.48, 24.40, 104.37, 6
2184, 2551, 16.60, 24.49, 102.14, 7
2181, 2547, 16.54, 24.71, 104.64, 8
2186, 2552, 16.58, 24.84, 101.32, 9
2188, 2552, 16.64, 24.89, 103.67, 10
2183, 2553, 16.16, 23.44, 97.66, 1
2187, 2555, 16.17, 23.81, 104.43, 2
2185, 2550, 16.36, 24.18, 99.33, 3
2187, 2549, 16.48, 24.56, 101.78, 4
2182, 2554, 16.56, 24.81, 104.34, 5
2189, 2554, 16.56, 24.91, 101.68, 6
2181, 2549, 16.56, 25.09, 104.22, 7
2178, 2545, 16.65, 25.26, 96.01, 8
2186, 2548, 16.67, 25.47, 101.78, 9
2185, 2553, 16.70, 25.70, 97.32, 10
2178, 2542, 16.33, 23.86, 96.59, 1
2179, 2552, 16.33, 23.97, 104.03, 2
2183, 2546, 16.43, 24.32, 104.61, 3
2176, 2551, 16.60, 24.66, 97.32, 4
2178, 2541, 16.57, 24.67, 100.49, 5
2185, 2542, 16.71, 24.91, 102.54, 6
2176, 2542, 16.70, 25.03, 103.64, 7
2186, 2545, 16.78, 25.10, 100.52, 8
2185, 2547, 16.85, 25.43, 101.96, 9
2175, 2539, 16.85, 25.55, 99.73, 10
2181, 2538, 16.43, 23.98, 96.74, 1
2188, 2546, 16.56, 24.10, 104.16, 2
2182, 2541, 16.65, 24.31, 104.68, 3
2180, 2547, 16.71, 24.56, 95.92, 4
2177, 2544, 16.79, 24.81, 96.41, 5
2175, 2539, 16.84, 24.89, 100.31, 6
2177, 2539, 16.92, 25.01, 100.80, 7
2173, 2544, 17.04, 25.13, 98.91, 8
2184, 2544, 17.08, 25.14, 95.31, 9
2175, 2543, 16.99, 25.26, 95.09, 10
2177, 2539, 16.46, 23.96, 98.02, 1
2181, 2546, 16.57, 24.10, 104.68, 2
2175, 2540, 16.68, 24.35, 104.37, 3
2182, 2544, 16.78, 24.34, 100.80, 4
2182, 2547, 16.79, 24.58, 99.03, 5
2184, 2544, 16.81, 24.51, 98.91, 6
2180, 2547, 16.92, 24.50, 103.61, 7
2180, 2543, 16.94, 24.63, 100.62, 8
2173, 2540, 17.01, 24.67, 100.89, 9
2179, 2539, 16.96, 24.75, 104.61, 10
2178, 2538, 16.50, 23.87, 98.02, 1
2174, 2546, 16.54, 23.84, 104.68, 2
2184, 2540, 16.60, 23.88, 104.28, 3
2180, 2552, 16.75, 23.84, 101.41, 4
2182, 2552, 16.77, 23.85, 95.03, 5
2179, 2539, 16.82, 23.77, 96.10, 6
2174, 2547, 16.85, 23.79, 104.68, 7
2186, 2545, 16.88, 23.83, 100.40, 8
2179, 2541, 16.92, 23.70, 95.43, 9
2175, 2538, 16.96, 23.69, 98.48, 10
2172, 2545, 16.40, 23.52, 98.08, 1
2187, 2550, 16.47, 23.54, 104.61, 2
2178, 2542, 16.60, 23.52, 104.37, 3
2185, 2548, 16.70, 23.32, 101.47, 4
2184, 2549, 16.82, 23.40, 100.01, 5
2184, 2542, 16.82, 23.35, 102.72, 6
2180, 2548, 16.84, 23.22, 104.55, 7
2183, 2541, 16.75, 23.26, 95.52, 8
2178, 2548, 16.84, 23.25, 102.14, 9
2181, 2547, 16.86, 23.13, 96.92, 10
2183, 2547, 16.27, 23.26, 97.84, 1
2187, 2542, 16.43, 23.32, 104.68, 2
2177, 2547, 16.40, 23.00, 104.55, 3
2186, 2552, 16.61, 22.73, 102.14, 4
2185, 2553, 16.51, 22.87, 100.34, 5
2188, 2548, 16.58, 22.72, 103.52, 6
2186, 2550, 16.71, 22.64, 97.75, 7
2181, 2546, 16.67, 22.48, 103.09, 8
2187, 2543, 16.70, 22.45, 98.21, 9
2185, 2546, 16.74, 22.49, 99.46, 10
2179, 2545, 16.10, 22.82, 97.87, 1
2180, 2545, 16.24, 22.76, 104.34, 2
2182, 2549, 16.40, 22.54, 101.56, 3
2187, 2560, 16.37, 22.41, 101.32, 4
2184, 2557, 16.48, 22.17, 98.91, 5
2184, 2547, 16.54, 22.13, 99.85, 6
2191, 2555, 16.51, 22.11, 100.19, 7
2182, 2547, 16.74, 22.04, 100.46, 8
2187, 2549, 16.58, 21.84, 102.48, 9
2183, 2546, 16.72, 21.86, 100.95, 10
2185, 2551, 16.03, 22.67, 96.50, 1
2185, 2551, 16.10, 22.43, 104.68, 2
2186, 2553, 16.16, 22.24, 104.22, 3
2183, 2553, 16.26, 22.13, 101.96, 4
2190, 2558, 16.34, 21.89, 99.73, 5
2184, 2558, 16.41, 21.84, 103.64, 6
2185, 2551, 16.41, 21.75, 103.67, 7
2181, 2551, 16.46, 21.55, 96.92, 8
2183, 2549, 16.36, 21.56, 103.52, 9
2187, 2548, 16.47, 21.49, 99.98, 10
2189, 2563, 15.54, 22.35, 96.28, 1
2202, 2561, 15.62, 22.17, 104.61, 2
2197, 2570, 15.81, 21.95, 104.68, 3
2193, 2563, 15.72, 21.74, 101.78, 4
2200, 2567, 15.84, 21.72, 95.92, 5
2193, 2562, 15.78, 21.65, 101.96, 6
2197, 2566, 15.95, 21.47, 103.18, 7
2193, 2562, 15.92, 21.49, 99.46, 8
2198, 2566, 15.91, 21.46, 100.68, 9
2198, 2569, 16.03, 21.27, 95.09, 10
2206, 2581, 14.58, 22.06, 95.89, 1
2213, 2585, 14.69, 21.85, 101.96, 2
2204, 2581, 14.86, 21.77, 101.68, 3
2211, 2584, 14.90, 21.76, 99.46, 4
2214, 2587, 15.00, 21.64, 103.18, 5
2212, 2582, 15.02, 21.51, 100.52, 6
2212, 2584, 15.00, 21.52, 99.03, 7
2215, 2585, 15.00, 21.39, 99.64, 8
2213, 2589, 15.11, 21.57, 99.37, 9
2209, 2581, 15.07, 21.35, 96.74, 10
2217, 2594, 13.93, 21.97, 95.70, 1
2220, 2602, 13.93, 21.94, 104.43, 2
2216, 2597, 14.02, 21.76, 104.43, 3
2223, 2589, 14.11, 21.62, 103.49, 4
2220, 2599, 14.16, 21.74, 102.14, 5
2227, 2602, 14.24, 21.62, 101.68, 6
2223, 2600, 14.32, 21.65, 98.21, 7
2226, 2602, 14.28, 21.60, 101.07, 8
2220, 2596, 14.32, 21.63, 96.86, 9
2219, 2592, 14.35, 21.56, 100.89, 10
2237, 2611, 13.35, 21.90, 96.01, 1
2235, 2611, 13.51, 21.95, 102.29, 2
2231, 2611, 13.54, 21.77, 103.64, 3
2226, 2616, 13.59, 21.80, 97.50, 4
2226, 2606, 13.68, 21.82, 97.44, 5
2230, 2605, 13.76, 21.82, 100.49, 6
2235, 2615, 13.76, 21.81, 104.49, 7
2230, 2605, 13.85, 21.81, 101.78, 8
2229, 2609, 13.83, 21.68, 96.19, 9
2226, 2608, 13.75, 21.73, 104.43, 10
2239, 2618, 12.91, 21.87, 95.92, 1
2245, 2619, 13.04, 21.99, 102.39, 2
2240, 2623, 13.14, 21.96, 104.55, 3
2243, 2623, 13.25, 22.04, 103.24, 4
2235, 2614, 13.22, 22.14, 100.95, 5
2240, 2626, 13.39, 22.11, 104.19, 6
2243, 2622, 13.35, 22.15, 96.28, 7
2233, 2618, 13.28, 22.08, 98.08, 8
2241, 2614, 13.29, 22.26, 103.64, 9
2243, 2626, 13.35, 22.13, 98.45, 10
2248, 2629, 12.66, 22.07, 95.79, 1
2242, 2632, 12.57, 22.34, 102.29, 2
2239, 2624, 12.80, 22.56, 99.95, 3
2244, 2624, 12.82, 22.65, 102.36, 4
2247, 2628, 12.87, 22.73, 102.14, 5
2240, 2622, 12.96, 23.00, 97.66, 6
2238, 2626, 13.06, 22.93, 101.23, 7
2245, 2628, 13.07, 23.00, 96.44, 8
2240, 2622, 13.14, 23.20, 100.46, 9
2239, 2627, 13.18, 23.12, 102.08, 10
2250, 2631, 12.28, 22.58, 95.83, 1
2245, 2630, 12.31, 22.72, 102.78, 2
2249, 2638, 12.41, 22.95, 103.82, 3
2256, 2634, 12.57, 22.92, 97.41, 4
2249, 2631, 12.56, 23.02, 99.09, 5
2249, 2630, 12.60, 23.17, 98.33, 6
2253, 2633, 12.66, 23.45, 103.88, 7
2247, 2629, 12.80, 23.51, 98.27, 8
2251, 2635, 12.83, 23.70, 98.27, 9
2250, 2637, 12.82, 23.66, 97.41, 10
2256, 2640, 12.22, 22.78, 95.83, 1
2250, 2635, 12.15, 22.80, 102.63, 2
2251, 2644, 12.29, 22.96, 99.09, 3
2252, 2641, 12.43, 23.17, 102.48, 4
2257, 2632, 12.48, 23.26, 98.27, 5
2255, 2640, 12.48, 23.24, 103.52, 6
2253, 2631, 12.59, 23.34, 100.37, 7
2252, 2632, 12.52, 23.30, 97.63, 8
2247, 2634, 12.56, 23.45, 101.23, 9
2257, 2636, 12.67, 23.56, 98.69, 10
2259, 2643, 11.69, 22.75, 96.44, 1
2255, 2645, 11.77, 23.02, 104.16, 2
2264, 2649, 11.95, 23.16, 103.03, 3
2258, 2642, 12.02, 23.29, 96.80, 4
2264, 2644, 11.98, 23.39, 102.08, 5
2256, 2651, 12.08, 23.68, 103.03, 6
2260, 2642, 12.11, 23.85, 101.62, 7
2263, 2651, 12.14, 23.90, 98.51, 8
2263, 2644, 12.08, 23.93, 98.48, 9
2262, 2650, 12.11, 24.09, 96.19, 10
2270, 2653, 11.43, 23.07, 96.13, 1
2261, 2650, 11.45, 23.28, 103.88, 2
2263, 2653, 11.59, 23.78, 104.16, 3
2272, 2650, 11.57, 23.69, 100.31, 4
2261, 2650, 11.80, 23.85, 99.82, 5
2267, 2654, 11.84, 24.13, 104.55, 6
2264, 2646, 11.81, 24.29, 95.52, 7
2263, 2654, 11.90, 24.45, 103.67, 8
2261, 2656, 11.78, 24.58, 104.00, 9
2260, 2651, 11.87, 24.78, 96.83, 10
2267, 2649, 11.28, 23.42, 95.92, 1
2269, 2655, 11.36, 23.56, 104.03, 2
2274, 2655, 11.50, 24.08, 103.52, 3
2269, 2659, 11.52, 24.36, 102.78, 4
2268, 2657, 11.56, 24.42, 98.08, 5
2271, 2661, 11.74, 24.68, 103.15, 6
2268, 2657, 11.67, 24.94, 99.21, 7
2268, 2658, 11.67, 25.08, 102.29, 8
2265, 2648, 11.72, 25.34, 99.98, 9
2266, 2651, 11.78, 25.49, 99.03, 10
2271, 2663, 11.08, 23.80, 95.92, 1
2271, 2654, 11.10, 24.12, 104.22, 2
2267, 2655, 11.28, 24.62, 98.45, 3
2275, 2662, 11.25, 24.93, 99.64, 4
2277, 2666, 11.52, 25.27, 96.98, 5
2268, 2658, 11.42, 25.53, 96.53, 6
2275, 2660, 11.43, 25.86, 99.33, 7
2270, 2655, 11.55, 26.10, 99.73, 8
2270, 2663, 11.60, 26.33, 99.21, 9
2275, 2661, 11.60, 26.71, 95.79, 10
2282, 2666, 10.80, 24.26, 95.83, 1
2279, 2667, 10.92, 24.53, 103.79, 2
2271, 2660, 11.10, 25.02, 101.96, 3
2278, 2660, 11.21, 25.33, 98.75, 4
2273, 2660, 11.25, 25.54, 99.12, 5
2270, 2660, 11.26, 25.74, 98.82, 6
2278, 2660, 11.32, 26.01, 97.53, 7
2270, 2661, 11.22, 26.22, 96.77, 8
2276, 2664, 11.36, 26.37, 95.86, 9
2272, 2655, 11.42, 26.58, 104.64, 10
2271, 2655, 11.14, 24.53, 96.10, 1
2269, 2653, 11.21, 24.68, 102.29, 2
2270, 2659, 11.39, 24.98, 95.37, 3
2273, 2656, 11.39, 25.14, 101.81, 4
2273, 2664, 11.52, 25.27, 101.87, 5
2275, 2663, 11.56, 25.33, 102.02, 6
2274, 2659, 11.60, 25.53, 100.01, 7
2265, 2658, 11.67, 25.70, 99.73, 8
2273, 2657, 11.69, 25.86, 102.60, 9
2267, 2654, 11.72, 25.87, 96.62, 10
2257, 2637, 12.15, 24.54, 95.67, 1
2253, 2635, 12.11, 24.77, 103.00, 2
2259, 2636, 12.28, 24.90, 97.32, 3
2260, 2644, 12.35, 25.09, 97.50, 4
2258, 2645, 12.43, 25.15, 97.69, 5
2258, 2644, 12.49, 25.44, 104.68, 6
2250, 2635, 12.48, 25.44, 100.83, 7
2251, 2633, 12.59, 25.49, 96.86, 8
2250, 2635, 12.63, 25.70, 101.32, 9
2258, 2630, 12.55, 25.63, 98.11, 10
2252, 2637, 12.45, 24.59, 96.77, 1
2250, 2628, 12.63, 24.63, 103.03, 2
2245, 2626, 12.76, 24.95, 97.84, 3
2249, 2634, 12.75, 24.93, 102.78, 4
2251, 2634, 12.82, 25.11, 99.64, 5
2245, 2631, 12.89, 25.15, 97.63, 6
2252, 2629, 12.97, 25.15, 99.88, 7
2251, 2636, 12.93, 25.43, 100.62, 8
2253, 2630, 13.11, 25.42, 101.47, 9
2248, 2633, 13.07, 25.47, 101.87, 10
2241, 2618, 12.93, 24.56, 95.92, 1
2237, 2623, 12.89, 24.61, 102.94, 2
2237, 2616, 13.10, 24.58, 101.78, 3
2240, 2617, 13.18, 24.69, 95.92, 4
2240, 2615, 13.27, 24.75, 95.61, 5
2243, 2625, 13.19, 24.84, 96.28, 6
2234, 2617, 13.25, 24.84, 95.92, 7
2238, 2614, 13.33, 24.97, 99.64, 8
2239, 2623, 13.35, 24.90, 100.65, 9
2243, 2624, 13.34, 24.94, 100.07, 10
2236, 2616, 13.04, 24.28, 96.13, 1
2241, 2612, 13.19, 24.27, 102.81, 2
2242, 2623, 13.25, 24.44, 102.14, 3
2241, 2623, 13.35, 24.44, 101.38, 4
2242, 2622, 13.42, 24.56, 100.74, 5
2232, 2615, 13.49, 24.62, 97.96, 6
2239, 2621, 13.49, 24.63, 101.62, 7
2241, 2618, 13.55, 24.71, 101.10, 8
2240, 2611, 13.68, 24.66, 98.02, 9
2233, 2620, 13.66, 24.74, 96.53, 10
2230, 2605, 13.69, 24.35, 95.43, 1
2232, 2604, 13.77, 24.23, 103.15, 2
2223, 2600, 13.99, 24.40, 101.68, 3
2225, 2600, 14.03, 24.43, 101.41, 4
2229, 2602, 14.10, 24.54, 102.20, 5
2229, 2602, 14.19, 24.57, 96.62, 6
2232, 2595, 14.17, 24.64, 102.54, 7
2227, 2609, 14.24, 24.75, 95.67, 8
2221, 2598, 14.21, 24.79, 101.62, 9
2222, 2595, 14.34, 24.83, 98.36, 10
2222, 2589, 13.85, 24.27, 96.44, 1
2230, 2597, 14.00, 24.34, 103.27, 2
2227, 2602, 14.19, 24.37, 104.55, 3
2223, 2600, 14.27, 24.44, 104.55, 4
2216, 2594, 14.30, 24.50, 103.09, 5
2224, 2600, 14.38, 24.55, 99.37, 6
2225, 2604, 14.35, 24.55, 100.95, 7
2228, 2594, 14.42, 24.66, 100.34, 8
2224, 2603, 14.44, 24.69, 96.86, 9
2225, 2599, 14.52, 24.72, 95.52, 10
2223, 2597, 14.21, 24.07, 97.35, 1
2214, 2588, 14.35, 24.34, 103.67, 2
2215, 2590, 14.35, 24.26, 95.28, 3
2222, 2594, 14.51, 24.47, 102.54, 4
2218, 2594, 14.49, 24.55, 102.84, 5
2221, 2598, 14.62, 24.53, 98.82, 6
2214, 2598, 14.71, 24.69, 99.95, 7
2219, 2600, 14.78, 24.68, 99.85, 8
2220, 2595, 14.69, 24.76, 102.14, 9
2220, 2594, 14.76, 24.77, 97.96, 10
2217, 2592, 14.41, 24.21, 96.74, 1
2215, 2590, 14.51, 24.27, 103.67, 2
2216, 2588, 14.65, 24.33, 104.83, 3
2215, 2590, 14.71, 24.17, 101.38, 4
2211, 2587, 14.75, 24.22, 101.62, 5
2216, 2593, 14.89, 24.30, 100.19, 6
2210, 2590, 14.85, 24.31, 100.40, 7
2212, 2583, 14.83, 24.36, 97.93, 8
2217, 2594, 14.89, 24.56, 96.31, 9
2212, 2585, 15.02, 24.43, 95.09, 10
2211, 2582, 14.51, 24.08, 96.74, 1
2216, 2581, 14.71, 24.14, 103.61, 2
2213, 2592, 14.79, 24.08, 104.68, 3
2213, 2581, 14.85, 24.21, 99.91, 4
2213, 2588, 14.95, 24.20, 100.89, 5
2212, 2583, 14.96, 24.11, 102.33, 6
2215, 2589, 14.95, 24.16, 97.96, 7
2212, 2587, 15.02, 24.27, 99.98, 8
2216, 2577, 15.09, 24.26, 100.01, 9
2213, 2593, 15.14, 24.36, 99.91, 10
2207, 2582, 14.71, 23.96, 96.74, 1
2216, 2589, 14.74, 24.15, 103.52, 2
2217, 2593, 14.86, 24.01, 104.83, 3
2216, 2587, 14.93, 24.19, 101.07, 4
2205, 2579, 14.99, 24.19, 99.73, 5
2213, 2595, 15.00, 24.35, 104.03, 6
2207, 2579, 15.07, 24.33, 101.20, 7
2207, 2586, 15.06, 24.38, 100.22, 8
2207, 2576, 15.10, 24.38, 96.10, 9
2213, 2580, 15.14, 24.46, 101.10, 10
2221, 2597, 14.34, 23.91, 96.44, 1
2217, 2590, 14.28, 24.08, 103.42, 2
2215, 2600, 14.48, 24.12, 104.64, 3
2219, 2598, 14.61, 24.25, 100.95, 4
2211, 2596, 14.65, 24.26, 97.35, 5
2220, 2596, 14.67, 24.36, 101.93, 6
2223, 2594, 14.78, 24.36, 97.96, 7
2217, 2594, 14.75, 24.52, 95.31, 8
2220, 2593, 14.78, 24.61, 101.56, 9
2214, 2596, 14.79, 24.59, 97.20, 10
2213, 2583, 14.37, 23.93, 95.79, 1
2215, 2583, 14.47, 23.91, 102.14, 2
2214, 2589, 14.58, 24.08, 104.03, 3
2219, 2596, 14.64, 24.09, 102.29, 4
2214, 2586, 14.71, 24.12, 100.19, 5
2210, 2594, 14.71, 24.14, 100.37, 6
2222, 2592, 14.80, 24.12, 100.46, 7
2219, 2595, 14.69, 24.18, 100.83, 8
2213, 2590, 14.80, 24.21, 98.33, 9
2210, 2583, 14.90, 24.30, 100.46, 10
2213, 2588, 14.59, 23.90, 95.67, 1
2219, 2588, 14.74, 23.93, 102.29, 2
2219, 2587, 14.83, 23.89, 104.19, 3
2215, 2590, 14.90, 23.79, 100.37, 4
2214, 2583, 15.02, 23.72, 100.19, 5
2218, 2589, 14.99, 23.72, 100.37, 6
2208, 2585, 15.02, 23.68, 100.37, 7
2205, 2587, 15.07, 23.79, 98.45, 8
2216, 2581, 15.13, 23.61, 100.49, 9
2208, 2590, 15.10, 23.66, 98.45, 10
2206, 2579, 14.76, 23.60, 95.86, 1
2209, 2591, 14.85, 23.62, 103.64, 2
2210, 2581, 14.96, 23.66, 103.52, 3
2207, 2588, 14.99, 23.57, 102.33, 4
2205, 2581, 15.09, 23.52, 100.01, 5
2206, 2579, 15.14, 23.53, 100.22, 6
2216, 2587, 15.10, 23.46, 100.52, 7
2214, 2580, 15.19, 23.49, 100.74, 8
2211, 2587, 15.20, 23.40, 100.52, 9
2204, 2585, 15.20, 23.45, 100.89, 10
2208, 2579, 14.68, 23.52, 95.73, 1
2201, 2588, 14.78, 23.55, 102.14, 2
2204, 2582, 14.99, 23.64, 104.22, 3
2214, 2589, 15.06, 23.66, 102.29, 4
2214, 2582, 15.13, 23.76, 100.22, 5
2208, 2586, 15.14, 23.81, 100.52, 6
2205, 2576, 15.13, 23.82, 100.37, 7
2208, 2578, 15.13, 23.79, 100.89, 8
2209, 2585, 15.20, 23.88, 98.36, 9
2212, 2583, 15.27, 23.79, 100.65, 10
2215, 2587, 14.57, 23.63, 96.50, 1
2208, 2591, 14.47, 23.73, 103.52, 2
2215, 2592, 14.75, 23.65, 103.49, 3
2217, 2588, 14.76, 23.79, 102.29, 4
2216, 2583, 14.85, 23.87, 99.91, 5
2218, 2590, 14.86, 23.79, 100.37, 6
2219, 2589, 14.93, 23.98, 100.19, 7
2221, 2583, 14.85, 23.89, 100.40, 8
2214, 2586, 14.93, 23.93, 100.80, 9
2217, 2591, 14.97, 24.07, 98.45, 10
2215, 2588, 14.16, 23.69, 96.44, 1
2211, 2598, 14.24, 23.76, 101.96, 2
2223, 2594, 14.34, 23.85, 103.94, 3
2215, 2589, 14.40, 23.73, 102.14, 4
2213, 2588, 14.55, 23.92, 100.74, 5
2223, 2603, 14.57, 24.13, 100.01, 6
2214, 2591, 14.57, 24.11, 100.19, 7
2218, 2594, 14.59, 24.21, 100.19, 8
2214, 2595, 14.65, 24.12, 100.19, 9
2219, 2591, 14.71, 24.29, 100.37, 10
2228, 2604, 13.76, 23.75, 95.46, 1
2229, 2598, 13.82, 23.86, 101.96, 2
2227, 2598, 14.00, 23.87, 103.88, 3
2223, 2597, 14.07, 23.95, 102.29, 4
2223, 2604, 14.13, 23.89, 101.07, 5
2231, 2604, 14.20, 24.09, 100.01, 6
2230, 2602, 14.19, 24.09, 100.19, 7
2221, 2598, 14.28, 24.07, 100.19, 8
2218, 2603, 14.25, 24.12, 98.36, 9
2228, 2603, 14.35, 24.19, 100.37, 10
2228, 2602, 13.56, 23.66, 96.31, 1
2224, 2603, 13.72, 23.77, 104.55, 2
2233, 2606, 13.77, 23.70, 100.62, 3
2228, 2599, 13.99, 23.59, 101.96, 4
2236, 2602, 13.97, 23.64, 100.74, 5
2231, 2604, 14.04, 23.66, 99.82, 6
2226, 2601, 14.03, 23.65, 100.01, 7
2223, 2602, 14.09, 23.54, 100.01, 8
2226, 2596, 14.10, 23.55, 99.95, 9
2222, 2597, 14.13, 23.61, 100.19, 10
2227, 2604, 13.49, 23.55, 95.12, 1
2228, 2605, 13.56, 23.62, 103.27, 2
2227, 2611, 13.66, 23.56, 103.64, 3
2223, 2605, 13.75, 23.52, 101.47, 4
2229, 2605, 13.85, 23.42, 100.68, 5
2231, 2604, 13.79, 23.44, 99.73, 6
2232, 2612, 13.96, 23.49, 99.73, 7
2232, 2606, 13.92, 23.41, 100.01, 8
2228, 2605, 13.99, 23.32, 99.95, 9
2228, 2602, 14.03, 23.22, 100.10, 10
2229, 2607, 13.45, 23.59, 96.10, 1
2236, 2611, 13.54, 23.51, 103.42, 2
2227, 2605, 13.65, 23.46, 103.64, 3
2228, 2605, 13.66, 23.44, 101.78, 4
2233, 2613, 13.85, 23.50, 99.21, 5
2228, 2606, 13.87, 23.41, 99.55, 6
2225, 2614, 13.86, 23.43, 99.55, 7
2228, 2613, 13.89, 23.41, 99.73, 8
2229, 2606, 13.96, 23.37, 101.07, 9
2233, 2613, 13.99, 23.41, 100.10, 10
2232, 2617, 13.61, 23.58, 95.89, 1
2228, 2608, 13.56, 23.43, 103.27, 2
2233, 2605, 13.75, 23.36, 103.79, 3
2229, 2603, 13.76, 23.27, 101.96, 4
2235, 2612, 13.83, 23.30, 100.62, 5
2234, 2611, 13.86, 23.20, 99.46, 6
2235, 2611, 13.92, 23.36, 99.55, 7
2225, 2602, 13.97, 23.32, 99.55, 8
2225, 2602, 13.94, 23.36, 99.73, 9
2228, 2605, 14.00, 23.23, 99.95, 10
2231, 2602, 13.56, 23.47, 95.89, 1
2228, 2607, 13.48, 23.44, 103.27, 2
2238, 2612, 13.62, 23.25, 103.39, 3
2229, 2604, 13.69, 23.13, 101.56, 4
2231, 2612, 13.77, 23.15, 100.62, 5
2228, 2607, 13.87, 23.14, 100.68, 6
2232, 2611, 13.97, 23.20, 99.73, 7
2236, 2612, 13.90, 23.09, 101.07, 8
2228, 2607, 13.97, 23.09, 100.10, 9
2228, 2611, 13.96, 23.11, 99.95, 10
2230, 2614, 13.45, 23.29, 96.01, 1
2229, 2608, 13.46, 23.44, 103.33, 2
2235, 2615, 13.56, 23.27, 103.64, 3
2234, 2613, 13.66, 23.30, 101.56, 4
2231, 2607, 13.86, 23.25, 100.52, 5
2234, 2614, 13.76, 23.27, 100.74, 6
2228, 2602, 13.82, 23.30, 99.76, 7
2237, 2613, 13.86, 23.42, 100.65, 8
2233, 2610, 13.89, 23.38, 99.82, 9
2229, 2607, 13.90, 23.41, 99.88, 10
2232, 2613, 13.25, 23.39, 95.70, 1
2238, 2613, 13.35, 23.46, 104.19, 2
2238, 2617, 13.49, 23.52, 103.52, 3
2236, 2616, 13.54, 23.51, 101.23, 4
2229, 2608, 13.55, 23.52, 100.65, 5
2239, 2618, 13.62, 23.58, 99.64, 6
2230, 2618, 13.70, 23.64, 99.46, 7
2228, 2615, 13.70, 23.60, 99.46, 8
2232, 2610, 13.79, 23.78, 99.73, 9
2237, 2607, 13.85, 23.78, 99.91, 10
2238, 2618, 13.31, 23.45, 96.10, 1
2238, 2618, 13.29, 23.55, 103.18, 2
2238, 2618, 13.51, 23.68, 103.52, 3
2232, 2609, 13.58, 23.73, 101.23, 4
2240, 2615, 13.56, 23.74, 100.65, 5
2233, 2613, 13.62, 24.03, 99.64, 6
2237, 2607, 13.72, 23.88, 99.64, 7
2226, 2608, 13.66, 24.02, 100.80, 8
2233, 2610, 13.68, 24.21, 99.91, 9
2227, 2608, 13.82, 24.27, 100.01, 10
2234, 2610, 13.22, 23.72, 95.92, 1
2240, 2617, 13.33, 23.81, 103.33, 2
2240, 2620, 13.38, 23.94, 103.79, 3
2238, 2615, 13.46, 24.14, 101.87, 4
2234, 2610, 13.56, 24.11, 100.65, 5
2240, 2608, 13.64, 24.17, 100.40, 6
2229, 2610, 13.69, 24.33, 99.76, 7
2238, 2614, 13.82, 24.41, 99.73, 8
2234, 2616, 13.70, 24.39, 99.91, 9
2228, 2609, 13.82, 24.54, 100.10, 10
2235, 2613, 13.33, 23.87, 95.92, 1
2235, 2611, 13.49, 23.97, 104.22, 2
2235, 2617, 13.52, 24.12, 100.95, 3
2236, 2614, 13.62, 24.22, 102.08, 4
2231, 2610, 13.62, 24.06, 99.64, 5
2234, 2612, 13.76, 24.20, 100.80, 6
2238, 2614, 13.75, 24.20, 99.76, 7
2237, 2617, 13.87, 24.37, 100.80, 8
2234, 2609, 13.80, 24.33, 99.95, 9
2229, 2609, 13.97, 24.31, 100.01, 10
2231, 2608, 13.35, 23.93, 95.92, 1
2238, 2614, 13.48, 23.95, 103.18, 2
2232, 2605, 13.58, 23.85, 103.64, 3
2232, 2615, 13.59, 23.86, 101.68, 4
2237, 2616, 13.68, 23.96, 100.49, 5
2229, 2607, 13.73, 23.87, 99.82, 6
2231, 2617, 13.77, 23.99, 100.74, 7
2226, 2612, 13.83, 23.97, 99.88, 8
2234, 2609, 13.83, 23.90, 101.10, 9
2233, 2616, 13.93, 23.95, 100.01, 10
2231, 2608, 13.52, 23.88, 95.86, 1
2234, 2604, 13.54, 23.85, 103.42, 2
2236, 2606, 13.73, 23.92, 103.52, 3
2228, 2605, 13.80, 23.94, 101.47, 4
2232, 2603, 13.87, 24.00, 100.68, 5
2230, 2613, 13.86, 24.10, 100.01, 6
2239, 2608, 13.89, 24.08, 100.10, 7
2234, 2611, 13.94, 24.12, 99.95, 8
2230, 2608, 14.03, 24.17, 99.82, 9
2231, 2609, 14.06, 24.19, 100.22, 10
2224, 2607, 13.56, 23.96, 96.01, 1
2225, 2617, 13.65, 23.96, 103.27, 2
2235, 2611, 13.75, 24.07, 103.52, 3
2236, 2614, 13.73, 24.13, 101.96, 4
2227, 2605, 13.80, 24.22, 100.62, 5
2234, 2609, 13.92, 24.13, 99.82, 6
2232, 2610, 13.92, 24.17, 99.73, 7
2225, 2604, 14.03, 24.26, 99.73, 8
2229, 2602, 13.99, 24.38, 100.01, 9
2234, 2614, 14.09, 24.38, 100.10, 10
2228, 2605, 13.56, 24.03, 95.89, 1
2227, 2606, 13.59, 24.12, 104.22, 2
2228, 2605, 13.73, 24.28, 100.80, 3
2232, 2605, 13.73, 24.27, 102.02, 4
2228, 2604, 13.86, 24.31, 99.82, 5
2236, 2611, 13.92, 24.56, 100.95, 6
2235, 2600, 13.99, 24.52, 99.73, 7
2226, 2604, 13.99, 24.56, 99.82, 8
2236, 2609, 14.03, 24.80, 99.95, 9
2230, 2605, 14.11, 24.74, 100.22, 10
2232, 2607, 13.35, 24.13, 95.79, 1
2238, 2616, 13.44, 24.23, 104.03, 2
2228, 2607, 13.51, 24.48, 103.64, 3
2236, 2610, 13.65, 24.60, 101.96, 4
2238, 2611, 13.65, 24.74, 100.74, 5
2230, 2611, 13.70, 24.83, 99.73, 6
2237, 2605, 13.83, 24.94, 99.64, 7
2225, 2607, 13.83, 25.05, 100.95, 8
2234, 2615, 13.86, 24.98, 99.95, 9
2238, 2612, 13.80, 25.05, 99.95, 10
2241, 2618, 13.29, 24.18, 95.92, 1
2234, 2611, 13.33, 24.47, 103.03, 2
2232, 2609, 13.49, 24.78, 100.80, 3
2237, 2611, 13.44, 24.87, 102.14, 4
2228, 2609, 13.55, 24.94, 100.40, 5
2230, 2614, 13.62, 25.17, 99.76, 6
2235, 2610, 13.62, 25.21, 99.76, 7
2230, 2615, 13.66, 25.37, 100.80, 8
2237, 2616, 13.64, 25.53, 99.73, 9
2227, 2608, 13.76, 25.51, 99.88, 10
2239, 2615, 13.14, 24.57, 95.79, 1
2240, 2618, 13.07, 24.71, 104.03, 2
2244, 2623, 13.22, 25.01, 103.39, 3
2244, 2623, 13.34, 25.06, 101.47, 4
2237, 2615, 13.42, 25.20, 100.40, 5
2232, 2611, 13.46, 25.33, 100.49, 6
2245, 2620, 13.42, 25.52, 99.88, 7
2233, 2618, 13.41, 25.54, 100.80, 8
2235, 2618, 13.41, 25.81, 99.88, 9
2235, 2612, 13.45, 25.91, 99.76, 10
2239, 2619, 12.78, 24.67, 95.73, 1
2244, 2620, 12.73, 24.96, 103.33, 2
2238, 2619, 12.89, 25.17, 103.52, 3
2245, 2629, 13.07, 25.54, 101.47, 4
2243, 2629, 13.04, 25.74, 100.62, 5
2241, 2620, 13.13, 25.85, 100.74, 6
2242, 2621, 13.21, 26.03, 99.85, 7
2248, 2620, 13.19, 26.12, 99.85, 8
2240, 2622, 13.29, 26.36, 100.95, 9
2245, 2626, 13.24, 26.51, 99.91, 10
2253, 2633, 12.55, 24.96, 95.67, 1
2248, 2634, 12.70, 25.21, 103.24, 2
2253, 2634, 12.64, 25.54, 103.52, 3
2249, 2630, 12.83, 25.91, 101.96, 4
2242, 2629, 12.90, 26.02, 99.37, 5
2250, 2632, 12.89, 26.25, 99.64, 6
2242, 2623, 12.93, 26.30, 99.73, 7
2247, 2628, 12.91, 26.53, 99.95, 8
2243, 2624, 12.97, 26.67, 99.98, 9
2244, 2632, 13.03, 27.01, 99.91, 10
2249, 2628, 12.38, 25.22, 95.73, 1
2254, 2628, 12.46, 25.49, 103.24, 2
2241, 2629, 12.55, 25.85, 103.70, 3
2252, 2639, 12.63, 26.09, 101.96, 4
2246, 2633, 12.70, 26.33, 100.68, 5
2247, 2630, 12.73, 26.44, 99.64, 6
2254, 2626, 12.70, 26.60, 99.73, 7
2248, 2630, 12.83, 26.79, 99.95, 8
2247, 2630, 12.82, 27.04, 99.95, 9
2247, 2628, 12.87, 27.19, 100.10, 10
2258, 2639, 12.29, 25.39, 95.67, 1
2253, 2632, 12.29, 25.75, 103.33, 2
2255, 2639, 12.43, 26.09, 103.67, 3
2251, 2629, 12.51, 26.40, 101.93, 4
2252, 2630, 12.60, 26.63, 100.74, 5
2252, 2628, 12.59, 26.87, 99.64, 6
2251, 2632, 12.72, 27.05, 99.64, 7
2249, 2629, 12.70, 27.12, 99.95, 8
2259, 2629, 12.66, 27.37, 99.95, 9
2257, 2639, 12.76, 27.50, 100.95, 10
2259, 2641, 12.21, 25.64, 95.52, 1
2254, 2644, 12.22, 25.90, 104.00, 2
2254, 2637, 12.42, 26.46, 103.67, 3
2259, 2635, 12.49, 26.64, 102.78, 4
2249, 2634, 12.49, 26.88, 100.74, 5
2256, 2630, 12.51, 27.00, 99.37, 6
2252, 2641, 12.63, 27.34, 99.55, 7
2251, 2632, 12.56, 27.48, 99.85, 8
2250, 2630, 12.66, 27.64, 99.98, 9
2247, 2631, 12.70, 27.87, 100.10, 10
2251, 2631, 12.14, 25.85, 96.50, 1
2257, 2650, 12.27, 26.20, 103.49, 2
2256, 2642, 12.35, 26.47, 103.82, 3
2251, 2634, 12.48, 26.73, 101.96, 4
2255, 2636, 12.49, 26.84, 100.37, 5
2255, 2632, 12.56, 27.23, 100.74, 6
2249, 2638, 12.53, 27.23, 99.98, 7
2256, 2640, 12.55, 27.47, 100.10, 8
2257, 2639, 12.64, 27.54, 99.95, 9
2257, 2639, 12.69, 27.70, 99.98, 10
2249, 2634, 12.10, 26.13, 96.50, 1
2260, 2642, 12.28, 26.23, 103.33, 2
2262, 2638, 12.36, 26.52, 103.52, 3
2259, 2640, 12.43, 26.71, 101.56, 4
2250, 2630, 12.49, 26.94, 100.74, 5
2256, 2637, 12.55, 27.04, 99.95, 6
2259, 2646, 12.59, 27.05, 99.98, 7
2257, 2640, 12.63, 27.46, 99.85, 8
2251, 2632, 12.69, 27.39, 100.10, 9
2258, 2635, 12.59, 27.52, 100.10, 10
2253, 2632, 12.15, 26.11, 96.77, 1
2257, 2634, 12.25, 26.36, 103.52, 2
2259, 2640, 12.34, 26.50, 103.88, 3
2258, 2639, 12.42, 26.77, 101.93, 4
2256, 2640, 12.51, 26.84, 100.62, 5
2255, 2632, 12.51, 27.06, 100.83, 6
2256, 2639, 12.51, 27.20, 99.85, 7
2253, 2639, 12.51, 27.38, 99.73, 8
2252, 2638, 12.69, 27.37, 100.19, 9
2260, 2639, 12.62, 27.44, 100.19, 10
2251, 2636, 12.11, 26.19, 95.83, 1
2258, 2640, 12.13, 26.45, 103.61, 2
2252, 2645, 12.35, 26.87, 103.88, 3
2262, 2635, 12.29, 27.22, 101.96, 4
2254, 2634, 12.41, 27.42, 100.68, 5
2259, 2642, 12.49, 27.46, 99.73, 6
2251, 2633, 12.45, 27.74, 100.10, 7
2256, 2638, 12.53, 28.13, 100.19, 8
2258, 2641, 12.63, 28.09, 99.95, 9
2253, 2633, 12.72, 28.46, 100.34, 10
2259, 2642, 12.07, 26.45, 95.67, 1
2251, 2640, 12.15, 26.83, 103.61, 2
2259, 2642, 12.17, 27.11, 103.88, 3
2257, 2635, 12.38, 27.31, 102.11, 4
2258, 2644, 12.35, 27.64, 100.89, 5
2259, 2643, 12.42, 27.87, 99.98, 6
2263, 2642, 12.59, 28.03, 99.95, 7
2259, 2640, 12.41, 28.23, 99.98, 8
2253, 2633, 12.55, 28.49, 100.10, 9
2256, 2638, 12.53, 28.59, 100.19, 10
2249, 2638, 12.43, 26.67, 95.83, 1
2251, 2625, 12.53, 26.94, 103.70, 2
2253, 2637, 12.66, 27.17, 103.82, 3
2246, 2633, 12.76, 27.29, 102.29, 4
2245, 2629, 12.86, 27.42, 99.98, 5
2249, 2636, 12.79, 27.68, 100.19, 6
2251, 2631, 12.87, 27.83, 100.19, 7
2251, 2632, 13.01, 27.93, 100.34, 8
2250, 2628, 13.03, 28.04, 100.46, 9
2255, 2624, 13.08, 28.16, 100.68, 10
2234, 2609, 13.18, 26.80, 96.10, 1
2234, 2613, 13.28, 26.82, 103.79, 2
2231, 2609, 13.37, 27.14, 104.19, 3
2238, 2614, 13.48, 27.20, 102.14, 4
2238, 2619, 13.68, 27.37, 99.76, 5
2242, 2618, 13.54, 27.39, 99.91, 6
2236, 2622, 13.68, 27.47, 100.19, 7
2233, 2606, 13.69, 27.75, 100.07, 8
2231, 2608, 13.73, 27.71, 100.49, 9
2236, 2616, 13.79, 27.88, 100.80, 10
2224, 2598, 13.79, 26.66, 96.44, 1
2230, 2603, 13.93, 26.75, 103.88, 2
2221, 2600, 13.99, 26.90, 103.49, 3
2222, 2598, 14.13, 27.20, 100.68, 4
2224, 2599, 14.21, 27.08, 100.19, 5
2225, 2602, 14.20, 27.26, 100.68, 6
2230, 2604, 14.27, 27.37, 98.69, 7
2221, 2603, 14.37, 27.32, 98.51, 8
2223, 2596, 14.42, 27.44, 100.74, 9
2222, 2596, 14.41, 27.50, 101.07, 10
2215, 2586, 14.44, 26.46, 96.53, 1
2220, 2592, 14.62, 26.71, 102.29, 2
2220, 2591, 14.72, 26.97, 104.55, 3
2213, 2585, 14.74, 26.97, 100.74, 4
2212, 2586, 14.82, 27.07, 100.46, 5
2211, 2584, 14.90, 27.17, 98.66, 6
2212, 2594, 14.86, 27.35, 100.74, 7
2213, 2585, 14.99, 27.48, 101.23, 8
2217, 2582, 14.96, 27.35, 99.21, 9
2217, 2583, 15.06, 27.60, 98.75, 10
2200, 2571, 15.06, 26.60, 96.10, 1
2210, 2573, 15.11, 26.76, 102.94, 2
2204, 2577, 15.19, 26.97, 103.85, 3
2204, 2569, 15.26, 27.20, 101.41, 4
2200, 2573, 15.44, 27.38, 100.95, 5
2202, 2571, 15.40, 27.51, 99.55, 6
2202, 2581, 15.54, 27.78, 99.09, 7
2208, 2569, 15.51, 27.98, 101.68, 8
2202, 2573, 15.50, 28.08, 99.64, 9
2200, 2574, 15.61, 28.14, 99.55, 10
2203, 2573, 15.29, 26.74, 96.13, 1
2208, 2572, 15.40, 27.02, 103.24, 2
2198, 2570, 15.53, 27.35, 104.43, 3
2196, 2567, 15.65, 27.46, 101.23, 4
2199, 2570, 15.61, 27.69, 101.10, 5
2198, 2570, 15.71, 27.89, 99.46, 6
2203, 2573, 15.65, 28.04, 99.12, 7
2200, 2572, 15.78, 28.12, 99.06, 8
2199, 2570, 15.84, 28.44, 101.87, 9
2191, 2564, 15.85, 28.49, 99.76, 10
2199, 2565, 15.68, 26.89, 96.53, 1
2189, 2561, 15.73, 27.17, 103.18, 2
2198, 2564, 15.93, 27.80, 104.83, 3
2194, 2567, 15.88, 28.01, 100.68, 4
2194, 2557, 16.06, 28.37, 99.46, 5
2198, 2566, 16.16, 28.54, 99.37, 6
2191, 2559, 16.15, 28.85, 99.82, 7
2188, 2561, 16.23, 29.03, 101.96, 8
2191, 2564, 16.26, 29.29, 99.95, 9
2190, 2556, 16.27, 29.39, 100.01, 10
2191, 2562, 15.81, 27.24, 97.69, 1
2196, 2568, 15.73, 27.45, 103.03, 2
2188, 2560, 15.99, 27.79, 104.37, 3
2192, 2564, 16.06, 28.00, 100.62, 4
2194, 2565, 16.09, 28.27, 99.37, 5
2188, 2557, 16.13, 28.29, 99.37, 6
2189, 2558, 16.20, 28.50, 99.82, 7
2192, 2556, 16.30, 28.59, 99.82, 8
2190, 2557, 16.23, 28.58, 99.82, 9
2185, 2564, 16.34, 28.79, 99.73, 10
2186, 2547, 15.89, 27.24, 96.62, 1
2186, 2552, 16.00, 27.47, 103.27, 2
2186, 2550, 16.13, 27.71, 104.68, 3
2191, 2550, 16.16, 27.76, 101.56, 4
2188, 2551, 16.29, 27.89, 99.37, 5
2189, 2564, 16.34, 28.05, 101.93, 6
2183, 2552, 16.33, 28.21, 99.85, 7
2187, 2557, 16.41, 28.38, 99.85, 8
2186, 2562, 16.54, 28.46, 99.88, 9
2182, 2559, 16.48, 28.71, 99.88, 10
2186, 2559, 16.08, 27.10, 97.75, 1
2182, 2558, 16.17, 27.35, 102.94, 2
2189, 2559, 16.31, 27.42, 104.22, 3
2191, 2559, 16.39, 27.56, 101.56, 4
2184, 2550, 16.46, 27.56, 99.46, 5
2187, 2548, 16.54, 27.71, 101.68, 6
2182, 2550, 16.48, 27.65, 99.85, 7
2187, 2548, 16.50, 27.61, 99.98, 8
2190, 2547, 16.51, 27.81, 99.88, 9
2189, 2555, 16.65, 27.70, 100.07, 10
2186, 2553, 16.46, 26.89, 96.86, 1
2181, 2551, 16.50, 26.79, 103.70, 2
2181, 2549, 16.64, 26.62, 104.68, 3
2183, 2545, 16.71, 26.56, 100.68, 4
2183, 2554, 16.78, 26.40, 99.73, 5
2184, 2549, 16.85, 26.66, 100.10, 6
2184, 2552, 16.84, 26.63, 99.82, 7
2186, 2544, 16.85, 26.47, 100.22, 8
2188, 2549, 16.92, 26.44, 100.10, 9
2179, 2543, 16.91, 26.37, 100.10, 10
2182, 2540, 16.75, 26.35, 96.80, 1
2176, 2545, 16.84, 26.35, 103.52, 2
2181, 2542, 16.86, 26.23, 104.89, 3
2170, 2536, 17.08, 26.18, 101.10, 4
2175, 2535, 17.12, 26.26, 99.24, 5
2185, 2547, 17.15, 26.14, 100.01, 6
2178, 2541, 17.18, 26.02, 99.98, 7
2178, 2541, 17.21, 26.01, 99.73, 8
2181, 2538, 17.25, 26.11, 100.34, 9
2175, 2533, 17.33, 26.01, 100.34, 10
2175, 2533, 16.98, 26.07, 95.31, 1
2174, 2534, 16.98, 26.01, 103.52, 2
2179, 2539, 17.13, 26.07, 104.83, 3
2171, 2529, 17.13, 26.15, 100.95, 4
2180, 2536, 17.29, 26.08, 100.34, 5
2172, 2531, 17.27, 26.22, 100.01, 6
2172, 2535, 17.39, 26.10, 100.22, 7
2178, 2528, 17.43, 26.16, 100.01, 8
2168, 2530, 17.43, 26.03, 100.22, 9
2178, 2530, 17.46, 26.13, 100.65, 10
2178, 2544, 16.88, 26.01, 97.02, 1
2174, 2532, 16.95, 26.01, 103.79, 2
2179, 2542, 17.04, 26.01, 101.10, 3
2175, 2535, 17.13, 26.03, 99.06, 4
2175, 2540, 17.22, 25.98, 99.55, 5
2180, 2533, 17.27, 26.05, 99.91, 6
2175, 2540, 17.32, 25.98, 100.01, 7
2181, 2532, 17.39, 25.98, 100.19, 8
2173, 2532, 17.40, 26.16, 100.40, 9
2170, 2535, 17.44, 25.98, 100.49, 10
2173, 2534, 16.88, 25.93, 97.05, 1
2183, 2539, 16.99, 25.91, 103.64, 2
2178, 2546, 17.13, 25.87, 100.95, 3
2173, 2538, 17.12, 25.72, 101.10, 4
2174, 2530, 17.21, 25.81, 99.73, 5
2177, 2541, 17.23, 25.76, 102.20, 6
2169, 2534, 17.29, 25.85, 100.34, 7
2174, 2531, 17.29, 25.83, 99.33, 8
2172, 2532, 17.36, 25.79, 100.19, 9
2170, 2532, 17.36, 25.76, 99.12, 10
2169, 2536, 16.89, 25.74, 96.98, 1
2180, 2541, 17.02, 25.85, 103.61, 2
2179, 2540, 17.05, 25.79, 104.83, 3
2175, 2542, 17.21, 25.77, 100.95, 4
2178, 2539, 17.26, 25.78, 99.55, 5
2179, 2541, 17.27, 25.87, 100.19, 6
2179, 2530, 17.23, 25.76, 100.37, 7
2176, 2537, 17.33, 25.74, 100.37, 8
2177, 2535, 17.34, 25.90, 100.37, 9
2171, 2526, 17.46, 25.89, 100.40, 10
2176, 2536, 16.85, 25.75, 96.98, 1
2181, 2540, 16.78, 25.77, 103.27, 2
2175, 2541, 16.99, 25.91, 101.87, 3
2184, 2534, 17.02, 25.93, 100.83, 4
2174, 2536, 17.09, 25.83, 102.11, 5
2172, 2535, 17.15, 26.01, 99.85, 6
2175, 2534, 17.15, 26.07, 99.98, 7
2171, 2540, 17.26, 26.03, 99.98, 8
2177, 2531, 17.29, 26.22, 100.19, 9
2167, 2538, 17.26, 26.18, 100.19, 10
2183, 2552, 16.33, 25.68, 96.86, 1
2178, 2550, 16.36, 25.95, 103.24, 2
2187, 2550, 16.56, 26.09, 104.55, 3
2179, 2555, 16.57, 26.07, 101.81, 4
2181, 2543, 16.71, 26.33, 99.37, 5
2182, 2545, 16.65, 26.37, 99.37, 6
2187, 2551, 16.74, 26.51, 99.82, 7
2189, 2552, 16.82, 26.63, 99.82, 8
2180, 2546, 16.71, 26.82, 100.01, 9
2183, 2541, 16.86, 26.69, 99.82, 10
2196, 2563, 15.81, 26.00, 97.78, 1
2198, 2564, 15.85, 26.14, 102.51, 2
2185, 2560, 15.96, 26.36, 104.00, 3
2189, 2550, 16.06, 26.63, 101.47, 4
2190, 2557, 16.13, 26.77, 99.18, 5
2193, 2566, 16.15, 26.81, 99.18, 6
2198, 2551, 16.10, 26.99, 99.18, 7
2193, 2555, 16.12, 27.21, 101.81, 8
2192, 2558, 16.26, 27.25, 99.73, 9
2194, 2552, 16.21, 27.39, 99.73, 10
2203, 2573, 15.03, 26.06, 96.13, 1
2200, 2575, 15.19, 26.38, 104.55, 2
2207, 2577, 15.33, 26.78, 101.47, 3
2210, 2579, 15.47, 27.00, 101.20, 4
2205, 2573, 15.51, 27.25, 98.82, 5
2207, 2573, 15.55, 27.24, 100.95, 6
2202, 2570, 15.53, 27.55, 99.24, 7
2200, 2571, 15.54, 27.67, 98.97, 8
2199, 2570, 15.57, 27.79, 99.06, 9
2207, 2576, 15.55, 27.88, 99.12, 10
2213, 2584, 14.72, 26.35, 95.86, 1
2208, 2588, 14.79, 26.72, 104.19, 2
2207, 2579, 14.93, 27.23, 103.39, 3
2215, 2583, 15.03, 27.61, 100.80, 4
2214, 2593, 15.09, 27.87, 100.40, 5
2217, 2586, 15.14, 28.10, 100.68, 6
2212, 2590, 15.13, 28.18, 101.07, 7
2209, 2582, 15.20, 28.59, 101.10, 8
2208, 2586, 15.17, 28.75, 101.23, 9
2215, 2581, 15.29, 29.01, 99.03, 10
2216, 2590, 14.47, 26.91, 95.86, 1
2213, 2594, 14.59, 27.43, 104.43, 2
2222, 2585, 14.72, 27.92, 101.23, 3
2214, 2583, 14.76, 28.23, 100.80, 4
2210, 2585, 14.71, 28.48, 100.65, 5
2214, 2592, 14.72, 28.77, 98.57, 6
2214, 2584, 14.85, 29.09, 100.74, 7
2216, 2593, 14.85, 29.39, 101.10, 8
2207, 2585, 14.93, 29.51, 101.07, 9
2218, 2580, 14.96, 29.84, 101.07, 10
2223, 2595, 13.87, 27.37, 96.59, 1
2223, 2596, 13.92, 27.74, 104.16, 2
2230, 2603, 14.06, 28.33, 104.55, 3
2218, 2596, 14.07, 28.73, 100.62, 4
2221, 2593, 14.21, 29.16, 100.31, 5
2231, 2606, 14.19, 29.38, 100.68, 6
2224, 2596, 14.27, 29.60, 101.04, 7
2225, 2602, 14.28, 29.97, 98.69, 8
2228, 2598, 14.47, 30.23, 100.68, 9
2217, 2606, 14.41, 30.46, 101.10, 10
2228, 2605, 13.33, 27.83, 96.13, 1
2230, 2610, 13.41, 28.33, 104.64, 2
2226, 2608, 13.51, 28.92, 104.19, 3
2239, 2604, 13.65, 29.37, 102.48, 4
2234, 2614, 13.69, 29.67, 100.19, 5
2234, 2608, 13.76, 30.06, 100.19, 6
2239, 2617, 13.79, 30.42, 100.37, 7
2234, 2606, 13.77, 30.59, 100.37, 8
2229, 2605, 13.82, 30.93, 100.74, 9
2232, 2605, 13.93, 31.22, 98.36, 10
2240, 2618, 13.10, 28.39, 95.92, 1
2241, 2617, 13.18, 28.69, 103.64, 2
2234, 2620, 13.33, 29.42, 103.79, 3
2242, 2615, 13.37, 29.83, 102.33, 4
2241, 2620, 13.44, 30.23, 99.91, 5
2235, 2615, 13.52, 30.60, 99.91, 6
2239, 2618, 13.52, 30.91, 100.07, 7
2232, 2617, 13.52, 31.18, 100.34, 8
2243, 2614, 13.61, 31.53, 100.34, 9
2243, 2621, 13.58, 31.85, 100.49, 10
2239, 2623, 13.07, 28.68, 96.62, 1
2238, 2625, 13.14, 29.12, 103.64, 2
2232, 2614, 13.17, 29.97, 104.00, 3
2234, 2615, 13.31, 30.28, 102.33, 4
2234, 2624, 13.41, 30.80, 99.88, 5
2234, 2617, 13.42, 31.14, 100.19, 6
2243, 2622, 13.41, 31.45, 100.19, 7
2231, 2618, 13.52, 31.78, 100.34, 8
2238, 2618, 13.56, 32.06, 100.34, 9
2236, 2612, 13.54, 32.38, 100.65, 10
2238, 2618, 13.00, 29.22, 95.79, 1
2243, 2613, 12.96, 29.59, 103.79, 2
2243, 2625, 13.15, 30.31, 104.22, 3
2242, 2623, 13.21, 30.74, 102.33, 4
2236, 2619, 13.29, 31.22, 100.07, 5
2240, 2625, 13.34, 31.38, 100.34, 6
2244, 2622, 13.28, 31.85, 100.37, 7
2245, 2626, 13.34, 32.10, 98.36, 8
2235, 2614, 13.48, 32.53, 100.34, 9
2237, 2623, 13.51, 32.78, 100.37, 10
2241, 2620, 13.03, 29.54, 95.79, 1
2246, 2627, 13.10, 30.08, 103.85, 2
2234, 2623, 13.07, 30.64, 104.19, 3
2235, 2620, 13.14, 31.06, 102.33, 4
2244, 2625, 13.25, 31.32, 100.34, 5
2244, 2626, 13.29, 31.62, 100.34, 6
2243, 2626, 13.37, 32.01, 100.34, 7
2245, 2618, 13.33, 32.16, 100.74, 8
2239, 2624, 13.42, 32.62, 97.87, 9
2242, 2623, 13.51, 32.74, 100.37, 10
2239, 2621, 12.97, 29.71, 95.79, 1
2235, 2623, 13.00, 30.14, 104.68, 2
2238, 2621, 13.19, 30.73, 104.03, 3
2244, 2620, 13.29, 31.13, 102.29, 4
2245, 2626, 13.25, 31.41, 99.91, 5
2236, 2619, 13.33, 31.68, 100.34, 6
2236, 2620, 13.38, 31.97, 100.34, 7
2237, 2615, 13.44, 32.30, 100.65, 8
2245, 2627, 13.41, 32.58, 100.37, 9
2241, 2620, 13.49, 32.76, 100.80, 10
2245, 2625, 13.03, 29.89, 95.92, 1
2243, 2618, 13.03, 30.18, 104.83, 2
2240, 2620, 13.25, 30.76, 104.19, 3
2237, 2629, 13.21, 31.05, 102.39, 4
2239, 2624, 13.37, 31.41, 100.19, 5
2244, 2629, 13.28, 31.65, 100.34, 6
2245, 2628, 13.42, 31.98, 100.34, 7
2242, 2625, 13.44, 32.12, 100.49, 8
2236, 2617, 13.49, 32.47, 100.40, 9
2239, 2614, 13.46, 32.57, 100.74, 10
2242, 2622, 13.04, 29.89, 95.79, 1
2241, 2624, 13.06, 30.52, 104.00, 2
2238, 2620, 13.19, 30.86, 104.22, 3
2237, 2619, 13.19, 31.15, 102.29, 4
2237, 2615, 13.28, 31.52, 100.34, 5
2242, 2619, 13.41, 31.79, 100.34, 6
2248, 2620, 13.35, 32.05, 100.34, 7
2243, 2622, 13.51, 32.38, 98.21, 8
2247, 2623, 13.44, 32.64, 100.37, 9
2235, 2618, 13.48, 32.82, 100.40, 10
2238, 2618, 12.89, 30.19, 96.77, 1
2233, 2627, 12.97, 30.38, 104.98, 2
2240, 2622, 13.06, 30.98, 104.16, 3
2241, 2625, 13.11, 31.36, 102.39, 4
2241, 2621, 13.19, 31.75, 100.37, 5
2236, 2615, 13.21, 31.97, 100.37, 6
2242, 2633, 13.31, 32.36, 100.34, 7
2236, 2622, 13.31, 32.55, 100.80, 8
2237, 2616, 13.31, 32.78, 98.33, 9
2245, 2628, 13.34, 33.01, 100.37, 10
2247, 2630, 12.89, 30.32, 96.77, 1
2245, 2625, 12.86, 30.64, 104.89, 2
2241, 2622, 13.03, 31.37, 104.19, 3
2250, 2631, 13.11, 31.66, 102.36, 4
2244, 2625, 13.13, 31.94, 100.37, 5
2238, 2627, 13.18, 32.25, 100.34, 6
2247, 2625, 13.27, 32.47, 100.37, 7
2236, 2626, 13.37, 32.65, 100.65, 8
2243, 2629, 13.27, 32.90, 100.40, 9
2240, 2620, 13.39, 33.12, 100.80, 10
2247, 2626, 12.76, 30.45, 95.79, 1
2238, 2622, 12.82, 30.69, 104.83, 2
2240, 2628, 13.04, 31.52, 104.22, 3
2248, 2628, 13.06, 31.66, 102.29, 4
2238, 2631, 12.99, 32.06, 100.07, 5
2240, 2620, 13.14, 32.46, 100.34, 6
2247, 2628, 13.17, 32.70, 100.37, 7
2245, 2617, 13.17, 32.92, 100.68, 8
2235, 2625, 13.27, 33.15, 100.37, 9
2236, 2623, 13.28, 33.35, 100.80, 10
2246, 2627, 12.63, 30.67, 95.73, 1
2250, 2633, 12.79, 30.97, 104.83, 2
2242, 2627, 12.78, 31.50, 104.28, 3
2250, 2633, 12.90, 32.03, 100.34, 4
2244, 2626, 12.90, 32.23, 101.07, 5
2243, 2621, 12.97, 32.63, 100.37, 6
2240, 2629, 12.99, 32.87, 100.37, 7
2249, 2632, 13.10, 33.19, 100.74, 8
2244, 2629, 13.11, 33.36, 100.37, 9
2243, 2627, 13.19, 33.71, 100.95, 10
2251, 2634, 12.57, 30.81, 96.62, 1
2249, 2632, 12.52, 31.26, 104.16, 2
2246, 2625, 12.72, 31.95, 104.28, 3
2248, 2635, 12.83, 32.30, 102.36, 4
2242, 2624, 12.87, 32.70, 100.34, 5
2243, 2631, 13.00, 32.93, 100.19, 6
2251, 2628, 12.96, 33.29, 100.34, 7
2253, 2625, 12.91, 33.50, 100.74, 8
2244, 2626, 13.10, 33.87, 98.36, 9
2247, 2631, 13.03, 34.09, 100.46, 10
2253, 2636, 12.41, 31.10, 95.83, 1
2250, 2629, 12.57, 31.67, 104.83, 2
2242, 2631, 12.66, 32.33, 104.55, 3
2252, 2634, 12.78, 32.68, 102.36, 4
2243, 2625, 12.79, 33.03, 100.19, 5
2253, 2630, 12.82, 33.41, 100.19, 6
2244, 2628, 12.93, 33.63, 100.37, 7
2244, 2625, 12.90, 34.03, 100.37, 8
2241, 2625, 13.00, 34.36, 100.68, 9
2245, 2626, 12.94, 34.63, 98.27, 10
2248, 2628, 12.36, 31.40, 96.62, 1
2246, 2641, 12.39, 32.01, 104.16, 2
2246, 2629, 12.53, 32.60, 104.37, 3
2246, 2627, 12.60, 32.98, 102.48, 4
2247, 2627, 12.55, 33.39, 100.10, 5
2250, 2628, 12.72, 33.70, 100.34, 6
2245, 2635, 12.79, 34.13, 98.33, 7
2250, 2642, 12.83, 34.32, 100.46, 8
2252, 2639, 12.76, 34.75, 100.37, 9
2250, 2640, 12.76, 35.00, 100.68, 10
2256, 2638, 12.34, 31.75, 96.59, 1
2251, 2636, 12.35, 32.19, 102.54, 2
2246, 2634, 12.52, 32.92, 103.70, 3
2247, 2634, 12.59, 33.39, 100.34, 4
2249, 2630, 12.67, 33.71, 101.10, 5
2248, 2631, 12.63, 33.97, 100.34, 6
2247, 2635, 12.79, 34.41, 100.37, 7
2254, 2636, 12.82, 34.80, 100.74, 8
2246, 2640, 12.76, 35.00, 98.48, 9
2253, 2636, 12.79, 35.28, 100.46, 10
2249, 2636, 12.11, 32.00, 96.44, 1
2257, 2636, 12.31, 32.56, 104.98, 2
2252, 2641, 12.46, 33.25, 100.68, 3
2254, 2639, 12.55, 33.76, 100.62, 4
2254, 2630, 12.59, 34.06, 101.10, 5
2249, 2634, 12.53, 34.39, 100.37, 6
2254, 2640, 12.56, 34.80, 98.33, 7
2250, 2639, 12.62, 35.08, 100.37, 8
2253, 2643, 12.67, 35.37, 100.46, 9
2256, 2635, 12.67, 35.65, 100.95, 10
2257, 2642, 12.27, 32.45, 95.67, 1
2255, 2642, 12.42, 32.83, 103.88, 2
2248, 2632, 12.51, 33.56, 100.74, 3
2254, 2630, 12.57, 34.03, 100.68, 4
2250, 2631, 12.62, 34.30, 100.10, 5
2255, 2643, 12.60, 34.58, 100.34, 6
2256, 2638, 12.69, 34.99, 100.46, 7
2250, 2637, 12.72, 35.26, 100.83, 8
2255, 2642, 12.72, 35.55, 98.48, 9
2248, 2629, 12.73, 35.92, 100.62, 10
2245, 2630, 12.41, 32.64, 96.44, 1
2254, 2633, 12.53, 33.07, 104.03, 2
2255, 2633, 12.55, 33.66, 100.74, 3
2249, 2636, 12.66, 34.10, 100.62, 4
2255, 2636, 12.72, 34.50, 100.10, 5
2247, 2638, 12.73, 34.85, 100.37, 6
2251, 2637, 12.83, 35.19, 98.33, 7
2249, 2637, 12.86, 35.51, 100.46, 8
2243, 2627, 12.84, 35.79, 100.37, 9
2243, 2625, 12.93, 35.93, 100.74, 10
2255, 2642, 12.25, 32.76, 96.44, 1
2256, 2643, 12.32, 33.30, 104.98, 2
2249, 2631, 12.48, 33.93, 101.68, 3
2249, 2631, 12.53, 34.29, 100.37, 4
2252, 2641, 12.64, 34.69, 100.10, 5
2248, 2633, 12.56, 35.08, 100.19, 6
2245, 2641, 12.72, 35.29, 100.37, 7
2254, 2639, 12.69, 35.71, 100.74, 8
2247, 2630, 12.72, 35.92, 100.37, 9
2246, 2630, 12.86, 36.30, 100.83, 10
2254, 2637, 12.31, 33.07, 96.59, 1
2250, 2638, 12.45, 33.50, 102.54, 2
2248, 2633, 12.51, 34.15, 104.68, 3
2252, 2638, 12.59, 34.42, 102.54, 4
2250, 2625, 12.66, 34.77, 100.34, 5
2250, 2640, 12.75, 35.22, 100.37, 6
2246, 2629, 12.75, 35.44, 98.33, 7
2241, 2640, 12.90, 35.70, 100.37, 8
2254, 2629, 12.90, 36.18, 98.48, 9
2241, 2637, 12.84, 36.39, 100.62, 10
2252, 2629, 12.60, 33.27, 96.44, 1
2247, 2631, 12.56, 33.61, 102.36, 2
2251, 2632, 12.70, 34.21, 104.68, 3
2240, 2625, 12.79, 34.55, 102.54, 4
2244, 2626, 12.90, 34.97, 100.34, 5
2247, 2634, 12.94, 35.26, 100.37, 6
2249, 2630, 12.97, 35.65, 98.11, 7
2245, 2635, 12.96, 35.89, 100.40, 8
2238, 2631, 12.97, 36.09, 100.37, 9
2239, 2628, 13.08, 36.43, 100.80, 10
2247, 2631, 12.64, 33.35, 96.41, 1
2247, 2635, 12.62, 33.71, 104.83, 2
2246, 2627, 12.72, 34.31, 101.93, 3
2239, 2625, 12.83, 34.73, 100.46, 4
2240, 2624, 12.89, 35.12, 99.98, 5
2245, 2627, 12.94, 35.36, 100.34, 6
2249, 2624, 13.00, 35.74, 100.46, 7
2242, 2627, 13.04, 35.81, 100.68, 8
2249, 2631, 12.99, 36.28, 100.40, 9
2248, 2624, 13.03, 36.44, 100.83, 10
2240, 2626, 12.53, 33.34, 96.44, 1
2245, 2629, 12.59, 33.86, 102.36, 2
2252, 2632, 12.62, 34.42, 104.83, 3
2241, 2636, 12.75, 34.86, 100.46, 4
2251, 2637, 12.84, 35.20, 100.19, 5
2251, 2636, 12.89, 35.59, 100.37, 6
2248, 2631, 12.91, 35.85, 100.37, 7
2243, 2624, 12.97, 36.21, 100.83, 8
2241, 2634, 13.04, 36.37, 98.48, 9
2243, 2620, 13.00, 36.80, 100.62, 10
2241, 2629, 12.73, 33.60, 96.62, 1
2243, 2629, 12.76, 34.04, 102.48, 2
2239, 2632, 12.97, 34.69, 104.89, 3
2243, 2631, 12.94, 35.14, 100.37, 4
2243, 2620, 13.00, 35.41, 101.20, 5
2249, 2625, 13.03, 35.74, 100.40, 6
2238, 2627, 13.11, 36.06, 98.36, 7
2244, 2631, 13.08, 36.35, 100.40, 8
2239, 2629, 13.24, 36.65, 100.49, 9
2239, 2620, 13.07, 36.89, 101.10, 10
2241, 2627, 12.97, 33.79, 96.44, 1
2235, 2619, 13.01, 34.16, 102.39, 2
2241, 2619, 13.24, 34.80, 102.29, 3
2244, 2622, 13.21, 35.23, 100.49, 4
2243, 2625, 13.27, 35.51, 100.34, 5
2236, 2614, 13.31, 35.91, 100.34, 6
2244, 2624, 13.39, 36.26, 98.36, 7
2243, 2625, 13.31, 36.33, 100.65, 8
2235, 2618, 13.39, 36.69, 98.45, 9
2233, 2613, 13.58, 37.03, 100.65, 10
2238, 2618, 13.08, 33.94, 96.53, 1
2233, 2616, 13.15, 34.34, 103.33, 2
2243, 2620, 13.31, 34.93, 101.20, 3
2240, 2619, 13.37, 35.31, 100.65, 4
2235, 2625, 13.44, 35.64, 100.37, 5
2237, 2612, 13.52, 36.01, 100.37, 6
2239, 2623, 13.56, 36.23, 100.37, 7
2242, 2620, 13.56, 36.58, 100.65, 8
2240, 2626, 13.62, 36.89, 98.57, 9
2236, 2621, 13.69, 37.15, 100.49, 10
2238, 2613, 13.39, 34.06, 96.59, 1
2231, 2606, 13.46, 34.51, 103.52, 2
2229, 2612, 13.58, 35.02, 102.39, 3
2242, 2608, 13.64, 35.28, 100.74, 4
2239, 2615, 13.83, 35.79, 100.49, 5
2233, 2616, 13.76, 36.10, 100.49, 6
2234, 2616, 13.79, 36.40, 100.89, 7
2234, 2611, 13.86, 36.72, 100.95, 8
2235, 2612, 13.90, 37.02, 98.69, 9
2227, 2604, 13.94, 37.21, 100.74, 10
2228, 2610, 13.70, 34.05, 96.77, 1
2231, 2611, 13.90, 34.61, 102.81, 2
2226, 2603, 13.94, 35.09, 102.45, 3
2227, 2602, 14.02, 35.51, 100.95, 4
2226, 2603, 14.03, 35.87, 100.74, 5
2225, 2607, 14.11, 36.08, 98.66, 6
2231, 2606, 14.27, 36.54, 100.74, 7
2226, 2603, 14.30, 36.80, 101.20, 8
2228, 2613, 14.27, 37.08, 101.47, 9
2228, 2605, 14.27, 37.16, 99.37, 10
2222, 2595, 13.87, 34.19, 96.10, 1
2221, 2594, 14.04, 34.55, 102.94, 2
2221, 2595, 14.13, 35.15, 101.81, 3
2226, 2602, 14.23, 35.50, 101.07, 4
2223, 2594, 14.30, 35.79, 100.68, 5
2221, 2604, 14.35, 36.06, 98.82, 6
2227, 2606, 14.45, 36.40, 98.69, 7
2221, 2604, 14.41, 36.75, 100.74, 8
2215, 2598, 14.42, 36.95, 101.32, 9
2228, 2597, 14.44, 37.07, 99.46, 10
2223, 2601, 14.16, 34.26, 95.86, 1
2217, 2597, 14.21, 34.57, 103.15, 2
2224, 2596, 14.35, 35.19, 101.56, 3
2226, 2600, 14.34, 35.47, 100.83, 4
2218, 2590, 14.41, 35.79, 100.68, 5
2225, 2601, 14.57, 36.12, 98.82, 6
2222, 2595, 14.51, 36.41, 100.74, 7
2215, 2593, 14.55, 36.62, 101.20, 8
2217, 2588, 14.64, 36.84, 101.23, 9
2214, 2591, 14.69, 37.06, 99.21, 10
2208, 2586, 14.71, 34.36, 95.89, 1
2214, 2582, 14.67, 34.75, 102.94, 2
2208, 2583, 14.82, 35.20, 101.81, 3
2207, 2583, 14.90, 35.54, 100.19, 4
2212, 2589, 15.02, 35.88, 101.10, 5
2204, 2586, 15.11, 36.16, 101.20, 6
2212, 2587, 15.09, 36.63, 99.12, 7
2201, 2583, 15.16, 36.85, 99.03, 8
2211, 2590, 15.14, 37.25, 99.03, 9
2209, 2582, 15.23, 37.39, 99.03, 10
2198, 2573, 15.13, 34.42, 96.31, 1
2207, 2574, 15.16, 34.82, 103.09, 2
2209, 2578, 15.27, 35.40, 101.23, 3
2203, 2570, 15.33, 35.88, 100.46, 4
2212, 2570, 15.44, 36.09, 99.06, 5
2203, 2576, 15.58, 36.53, 99.12, 6
2199, 2581, 15.60, 36.80, 99.18, 7
2206, 2576, 15.65, 37.02, 101.68, 8
2206, 2582, 15.66, 37.26, 99.64, 9
2198, 2570, 15.71, 37.56, 99.73, 10
2192, 2567, 15.64, 34.48, 96.77, 1
2193, 2563, 15.73, 35.12, 103.49, 2
2192, 2561, 15.81, 35.65, 101.56, 3
2190, 2572, 15.89, 36.02, 100.68, 4
2203, 2562, 15.98, 36.33, 101.68, 5
2193, 2560, 16.02, 36.63, 99.82, 6
2191, 2562, 16.15, 36.97, 99.95, 7
2196, 2570, 16.02, 37.28, 99.82, 8
2199, 2568, 16.13, 37.52, 99.95, 9
2195, 2562, 16.20, 37.82, 99.95, 10
2182, 2563, 16.05, 34.72, 96.80, 1
2184, 2554, 16.05, 35.25, 101.93, 2
2186, 2552, 16.13, 35.83, 101.68, 3
2188, 2554, 16.24, 36.17, 100.83, 4
2193, 2561, 16.34, 36.58, 99.64, 5
2185, 2551, 16.36, 36.96, 99.33, 6
2188, 2553, 16.43, 37.33, 99.85, 7
2184, 2564, 16.37, 37.53, 101.87, 8
2192, 2561, 16.41, 37.84, 99.85, 9
2190, 2560, 16.44, 38.13, 99.85, 10
2188, 2556, 16.19, 34.76, 95.92, 1
2186, 2557, 16.27, 35.35, 101.93, 2
2186, 2559, 16.46, 36.03, 101.78, 3
2190, 2552, 16.50, 36.37, 101.23, 4
2187, 2556, 16.56, 36.76, 99.46, 5
2178, 2551, 16.71, 37.08, 99.82, 6
2183, 2559, 16.65, 37.47, 99.91, 7
2185, 2555, 16.67, 37.79, 102.08, 8
2188, 2559, 16.70, 38.01, 100.40, 9
2176, 2545, 16.82, 38.23, 100.10, 10
2186, 2548, 16.40, 34.93, 95.92, 1
2185, 2546, 16.48, 35.60, 104.19, 2
2177, 2544, 16.51, 36.16, 103.18, 3
2185, 2559, 16.67, 36.54, 101.41, 4
2181, 2547, 16.82, 36.86, 99.82, 5
2178, 2544, 16.82, 37.27, 102.08, 6
2180, 2539, 16.82, 37.59, 99.95, 7
2177, 2547, 16.82, 37.89, 100.01, 8
2177, 2550, 16.88, 38.18, 99.24, 9
2184, 2551, 16.91, 38.45, 100.10, 10
2179, 2542, 16.33, 35.08, 95.92, 1
2176, 2542, 16.44, 35.61, 104.00, 2
2185, 2547, 16.63, 36.24, 101.87, 3
2189, 2540, 16.64, 36.65, 101.41, 4
2180, 2547, 16.70, 37.13, 99.37, 5
2184, 2550, 16.78, 37.39, 99.82, 6
2186, 2553, 16.84, 37.93, 100.01, 7
2179, 2544, 16.84, 38.20, 100.01, 8
2179, 2542, 16.91, 38.46, 100.10, 9
2183, 2548, 16.96, 38.77, 99.82, 10
2185, 2553, 16.43, 35.30, 96.01, 1
2175, 2544, 16.50, 35.85, 103.88, 2
2179, 2550, 16.58, 36.38, 103.18, 3
2183, 2548, 16.75, 36.83, 101.41, 4
2180, 2544, 16.74, 37.17, 99.73, 5
2177, 2545, 16.82, 37.48, 100.01, 6
2176, 2540, 16.85, 38.02, 99.82, 7
2180, 2540, 16.94, 38.16, 99.73, 8
2183, 2546, 16.91, 38.44, 99.98, 9
2174, 2543, 16.96, 38.85, 100.19, 10
2176, 2545, 16.60, 35.39, 95.83, 1
2175, 2544, 16.74, 35.88, 103.85, 2
2181, 2557, 16.71, 36.55, 103.09, 3
2185, 2544, 16.88, 36.96, 101.10, 4
2177, 2542, 16.85, 37.29, 99.46, 5
2182, 2548, 17.01, 37.71, 99.37, 6
2176, 2540, 16.96, 37.90, 99.95, 7
2180, 2537, 16.92, 38.25, 99.82, 8
2178, 2547, 17.05, 38.61, 99.98, 9
2173, 2542, 17.04, 38.94, 100.07, 10
2176, 2536, 16.85, 35.53, 95.79, 1
2175, 2545, 16.95, 35.99, 103.94, 2
2178, 2534, 17.05, 36.69, 103.09, 3
2175, 2543, 17.06, 36.97, 101.23, 4
2175, 2539, 17.12, 37.25, 99.88, 5
2179, 2536, 17.21, 37.63, 101.93, 6
2173, 2543, 17.23, 37.95, 100.07, 7
2171, 2545, 17.25, 38.27, 100.07, 8
2174, 2538, 17.30, 38.61, 99.33, 9
2179, 2540, 17.27, 38.83, 100.22, 10
2178, 2538, 16.86, 35.63, 96.19, 1
2174, 2543, 17.01, 36.19, 104.22, 2
2178, 2538, 17.04, 36.84, 103.42, 3
2169, 2536, 17.09, 37.29, 101.32, 4
2171, 2535, 17.22, 37.87, 99.91, 5
2174, 2544, 17.25, 38.18, 99.91, 6
2166, 2541, 17.30, 38.61, 100.22, 7
2168, 2539, 17.33, 38.88, 100.37, 8
2171, 2535, 17.46, 39.31, 100.49, 9
2165, 2537, 17.42, 39.48, 100.65, 10
