3294, 3002, 24.62, 16.18, 104.34, 1
3302, 2991, 24.72, 15.14, 100.71, 2
3291, 2987, 24.74, 14.60, 100.10, 3
3298, 2995, 24.84, 14.47, 100.13, 4
3300, 2988, 25.02, 14.27, 100.28, 5
3299, 2989, 24.98, 14.07, 100.34, 6
3291, 2987, 25.09, 14.06, 100.77, 7
3295, 2996, 25.11, 13.99, 100.77, 8
3293, 2988, 25.14, 13.83, 100.77, 9
3298, 2994, 25.13, 13.87, 100.62, 10
3436, 3115, 18.33, 15.59, 95.98, 1
3431, 3115, 18.40, 16.97, 95.12, 2
3442, 3117, 18.56, 17.13, 101.04, 3
3436, 3122, 18.73, 17.37, 104.86, 4
3445, 3129, 18.83, 17.63, 99.09, 5
3441, 3127, 18.90, 17.71, 98.94, 6
3436, 3129, 18.83, 17.96, 99.18, 7
3441, 3128, 18.81, 18.05, 99.09, 8
3434, 3124, 18.88, 18.12, 99.18, 9
3440, 3133, 18.91, 18.03, 100.13, 10
3535, 3202, 14.74, 16.53, 95.06, 1
3520, 3202, 14.86, 18.08, 99.43, 2
3525, 3210, 14.99, 18.83, 101.68, 3
3522, 3211, 15.36, 20.92, 100.43, 4
3528, 3206, 15.37, 21.08, 98.36, 5
3530, 3210, 15.37, 21.22, 99.52, 6
3529, 3206, 15.49, 21.36, 100.71, 7
3529, 3208, 15.53, 21.39, 100.13, 8
3524, 3204, 15.63, 21.74, 100.31, 9
3525, 3202, 15.57, 21.56, 101.20, 10
3554, 3234, 13.99, 17.63, 95.61, 1
3556, 3231, 14.33, 19.91, 95.15, 2
3553, 3227, 14.45, 21.11, 100.98, 3
3555, 3234, 14.58, 21.26, 100.43, 4
3551, 3233, 14.67, 21.35, 100.28, 5
3550, 3224, 14.74, 21.86, 100.19, 6
3542, 3236, 14.82, 22.98, 98.54, 7
3558, 3220, 15.00, 23.02, 98.72, 8
3544, 3220, 15.00, 23.14, 100.86, 9
3547, 3221, 15.22, 23.12, 99.82, 10
3470, 3153, 17.40, 18.69, 96.04, 1
3469, 3154, 17.54, 19.65, 97.93, 2
3465, 3149, 17.72, 20.00, 100.62, 3
3475, 3159, 17.88, 20.27, 99.82, 4
3466, 3160, 17.93, 20.35, 98.14, 5
3475, 3151, 18.17, 20.35, 100.74, 6
3474, 3156, 18.22, 20.54, 98.14, 7
3474, 3151, 18.28, 20.37, 100.65, 8
3467, 3156, 18.52, 20.40, 101.59, 9
3463, 3161, 18.44, 20.67, 99.43, 10
3441, 3127, 18.36, 18.66, 95.34, 1
3441, 3122, 18.47, 19.56, 104.98, 2
3441, 3125, 18.56, 19.68, 101.68, 3
3436, 3132, 18.74, 19.90, 100.25, 4
3438, 3124, 18.78, 20.07, 99.40, 5
3445, 3129, 18.83, 19.82, 100.13, 6
3435, 3135, 18.98, 19.74, 100.13, 7
3439, 3131, 18.94, 19.78, 99.98, 8
3438, 3125, 18.98, 20.10, 99.98, 9
3440, 3125, 19.07, 19.99, 99.98, 10
3511, 3186, 15.74, 18.62, 95.70, 1
3510, 3194, 15.91, 21.26, 95.67, 2
3508, 3188, 16.07, 21.90, 100.13, 3
3510, 3194, 16.04, 22.47, 99.95, 4
3505, 3192, 16.09, 22.63, 98.36, 5
3508, 3181, 16.17, 22.84, 101.10, 6
3505, 3185, 16.27, 22.81, 99.58, 7
3509, 3185, 16.38, 22.87, 98.54, 8
3513, 3195, 16.33, 22.80, 98.42, 9
3504, 3180, 16.45, 22.85, 98.63, 10
3541, 3220, 14.27, 19.18, 95.83, 1
3543, 3218, 14.49, 22.90, 101.04, 2
3547, 3220, 14.68, 24.52, 95.61, 3
3538, 3221, 14.76, 25.22, 100.34, 4
3543, 3223, 14.96, 25.46, 100.04, 5
3539, 3216, 14.98, 26.02, 98.36, 6
3535, 3211, 15.05, 26.24, 98.42, 7
3532, 3219, 15.12, 26.28, 98.69, 8
3536, 3221, 15.13, 26.11, 98.79, 9
3536, 3210, 15.16, 26.51, 98.79, 10
3562, 3244, 13.77, 20.22, 95.55, 1
3558, 3240, 13.79, 23.80, 102.78, 2
3560, 3228, 14.10, 25.58, 95.37, 3
3554, 3229, 14.14, 26.55, 100.40, 4
3558, 3241, 14.16, 27.10, 99.98, 5
3561, 3234, 14.24, 27.60, 98.36, 6
3562, 3239, 14.28, 27.83, 98.14, 7
3552, 3234, 14.37, 28.02, 101.23, 8
3562, 3230, 14.41, 28.13, 99.52, 9
3548, 3236, 14.47, 28.37, 101.96, 10
3571, 3243, 13.11, 21.16, 95.12, 1
3574, 3240, 13.28, 24.36, 104.58, 2
3574, 3254, 13.45, 27.43, 102.11, 3
3567, 3238, 13.59, 28.53, 101.29, 4
3577, 3244, 13.65, 29.37, 100.19, 5
3562, 3248, 13.70, 29.86, 100.40, 6
3571, 3248, 13.74, 30.37, 97.93, 7
3570, 3244, 13.86, 30.34, 100.52, 8
3564, 3248, 13.93, 30.30, 100.62, 9
3564, 3243, 14.07, 30.47, 101.32, 10
3569, 3242, 13.12, 22.33, 96.34, 1
3574, 3252, 13.22, 25.27, 104.34, 2
3564, 3244, 13.41, 28.37, 101.68, 3
3573, 3250, 13.58, 29.49, 100.13, 4
3565, 3253, 13.68, 30.08, 99.15, 5
3564, 3254, 13.72, 30.65, 99.52, 6
3576, 3241, 13.74, 30.88, 100.40, 7
3570, 3242, 13.86, 31.23, 100.40, 8
3570, 3252, 13.86, 31.46, 97.87, 9
3570, 3251, 14.06, 31.61, 100.52, 10
3581, 3257, 12.83, 23.01, 96.04, 1
3577, 3253, 12.98, 26.68, 104.28, 2
3574, 3258, 13.12, 30.37, 102.45, 3
3572, 3258, 13.23, 31.89, 98.85, 4
3569, 3258, 13.38, 33.00, 100.13, 5
3581, 3250, 13.45, 33.62, 99.18, 6
3581, 3254, 13.51, 33.81, 100.04, 7
3572, 3255, 13.53, 34.28, 99.98, 8
3579, 3254, 13.68, 34.61, 100.13, 9
3575, 3252, 13.70, 35.04, 100.31, 10
3582, 3256, 12.71, 24.23, 95.86, 1
3584, 3253, 12.74, 28.00, 104.13, 2
3575, 3253, 12.83, 31.44, 104.98, 3
3579, 3256, 13.08, 33.42, 103.03, 4
3578, 3256, 13.14, 34.27, 99.43, 5
3578, 3262, 13.15, 34.89, 101.04, 6
3579, 3262, 13.29, 35.46, 99.98, 7
3575, 3263, 13.41, 35.95, 99.98, 8
3583, 3266, 13.43, 36.22, 101.56, 9
3575, 3255, 13.58, 36.66, 99.98, 10
3593, 3267, 12.44, 25.30, 95.76, 1
3593, 3269, 12.57, 28.97, 104.16, 2
3581, 3259, 12.67, 32.34, 104.98, 3
3581, 3256, 12.83, 34.25, 102.87, 4
3586, 3259, 12.94, 35.15, 99.30, 5
3584, 3265, 13.12, 35.40, 100.92, 6
3588, 3271, 13.08, 35.76, 99.98, 7
3584, 3262, 13.25, 36.15, 99.98, 8
3581, 3255, 13.18, 36.25, 99.85, 9
3583, 3257, 13.38, 36.44, 99.43, 10
3585, 3288, 12.30, 25.93, 95.52, 1
3595, 3261, 12.44, 29.49, 104.13, 2
3593, 3270, 12.54, 32.73, 104.80, 3
3593, 3261, 12.73, 34.25, 100.74, 4
3591, 3259, 12.92, 35.04, 101.17, 5
3582, 3270, 12.91, 35.39, 98.97, 6
3591, 3265, 13.02, 35.97, 100.92, 7
3576, 3268, 13.04, 36.31, 99.82, 8
3589, 3272, 13.12, 36.47, 99.76, 9
3593, 3255, 13.25, 36.55, 101.32, 10
3598, 3266, 12.09, 26.49, 95.61, 1
3602, 3268, 12.20, 30.00, 104.13, 2
3588, 3263, 12.35, 32.99, 104.86, 3
3591, 3268, 12.41, 35.03, 100.86, 4
3596, 3264, 12.54, 35.72, 99.18, 5
3591, 3271, 12.67, 36.16, 100.19, 6
3590, 3268, 12.80, 36.60, 99.09, 7
3588, 3270, 12.86, 36.91, 99.09, 8
3594, 3264, 12.94, 37.40, 99.18, 9
3589, 3263, 12.97, 37.50, 99.03, 10
3605, 3278, 11.77, 27.08, 95.34, 1
3597, 3272, 11.88, 30.70, 103.82, 2
3609, 3283, 12.10, 33.81, 104.92, 3
3607, 3283, 12.16, 36.07, 101.65, 4
3597, 3275, 12.22, 36.96, 99.82, 5
3597, 3284, 12.39, 37.65, 100.52, 6
3607, 3278, 12.44, 37.80, 98.94, 7
3596, 3274, 12.63, 38.22, 100.74, 8
3595, 3279, 12.57, 38.48, 99.76, 9
3598, 3270, 12.68, 38.82, 101.35, 10
3611, 3288, 11.30, 27.89, 96.62, 1
3606, 3282, 11.41, 31.42, 103.45, 2
3618, 3282, 11.61, 34.28, 104.40, 3
3616, 3280, 11.67, 35.85, 104.86, 4
3606, 3291, 11.88, 36.89, 104.92, 5
3617, 3294, 11.96, 37.98, 98.94, 6
3604, 3287, 12.05, 38.60, 99.40, 7
3609, 3287, 12.19, 39.04, 99.98, 8
3607, 3282, 12.30, 39.23, 100.62, 9
3604, 3286, 12.28, 39.43, 101.04, 10
3626, 3303, 10.95, 28.56, 95.00, 1
3633, 3304, 10.93, 31.98, 103.55, 2
3622, 3290, 11.13, 35.22, 104.25, 3
3618, 3301, 11.37, 36.90, 104.68, 4
3618, 3301, 11.45, 38.01, 104.86, 5
3616, 3299, 11.54, 38.86, 104.86, 6
3628, 3303, 11.67, 39.49, 98.94, 7
3622, 3299, 11.71, 39.86, 101.04, 8
3624, 3302, 11.82, 40.31, 100.34, 9
3625, 3290, 11.81, 40.63, 100.34, 10
3628, 3302, 10.72, 29.18, 96.50, 1
3622, 3306, 10.80, 33.06, 103.39, 2
3628, 3297, 10.90, 36.19, 104.25, 3
3632, 3308, 11.10, 38.11, 104.52, 4
3626, 3297, 11.08, 39.15, 104.74, 5
3622, 3306, 11.30, 39.99, 104.92, 6
3632, 3298, 11.42, 40.65, 104.92, 7
3633, 3310, 11.50, 41.24, 104.92, 8
3630, 3303, 11.41, 41.64, 104.92, 9
3625, 3295, 11.61, 41.97, 104.92, 10
3638, 3316, 10.48, 30.16, 96.04, 1
3629, 3308, 10.62, 33.52, 103.09, 2
3627, 3305, 10.73, 36.70, 103.88, 3
3640, 3303, 10.77, 38.36, 104.34, 4
3631, 3304, 10.93, 39.50, 104.58, 5
3630, 3313, 11.02, 40.38, 104.74, 6
3625, 3313, 11.14, 41.04, 104.77, 7
3629, 3302, 11.26, 41.74, 104.68, 8
3636, 3303, 11.31, 41.89, 104.92, 9
3634, 3306, 11.26, 42.17, 104.74, 10
3643, 3312, 10.19, 30.51, 95.86, 1
3644, 3324, 10.29, 34.03, 102.87, 2
3636, 3313, 10.48, 37.21, 103.52, 3
3646, 3327, 10.53, 39.04, 104.00, 4
3637, 3309, 10.73, 40.10, 104.00, 5
3648, 3311, 10.73, 40.91, 104.13, 6
3640, 3313, 10.79, 41.27, 104.46, 7
3642, 3309, 10.99, 41.83, 104.52, 8
3638, 3309, 11.07, 42.18, 104.46, 9
3637, 3310, 11.10, 42.50, 104.40, 10
3645, 3317, 10.07, 31.10, 95.52, 1
3642, 3315, 10.14, 34.66, 102.57, 2
3652, 3326, 10.29, 38.19, 103.33, 3
3643, 3312, 10.39, 40.18, 103.67, 4
3650, 3322, 10.52, 41.41, 103.94, 5
3637, 3314, 10.59, 42.34, 104.25, 6
3636, 3315, 10.69, 42.94, 104.00, 7
3639, 3316, 10.73, 43.57, 104.13, 8
3636, 3321, 10.87, 44.01, 104.34, 9
3643, 3322, 10.86, 44.31, 104.13, 10
3653, 3332, 9.80, 32.06, 95.25, 1
3653, 3314, 10.07, 35.91, 102.29, 2
3649, 3331, 10.02, 39.77, 103.15, 3
3642, 3320, 10.24, 41.99, 103.52, 4
3640, 3329, 10.36, 43.45, 103.76, 5
3653, 3327, 10.41, 44.47, 103.82, 6
3647, 3330, 10.52, 45.29, 103.82, 7
3650, 3322, 10.69, 45.86, 104.13, 8
3640, 3319, 10.69, 46.25, 103.88, 9
3649, 3314, 10.80, 46.65, 103.88, 10
3650, 3324, 9.88, 33.12, 95.06, 1
3652, 3322, 9.94, 36.94, 101.87, 2
3650, 3326, 10.00, 40.78, 102.69, 3
3652, 3318, 10.07, 42.97, 103.00, 4
3647, 3318, 10.34, 44.40, 103.24, 5
3647, 3317, 10.26, 45.46, 103.52, 6
3653, 3317, 10.49, 46.06, 103.52, 7
3640, 3324, 10.39, 46.66, 103.45, 8
3646, 3317, 10.65, 47.02, 103.52, 9
3641, 3313, 10.70, 47.30, 103.52, 10
3656, 3329, 9.63, 33.94, 96.19, 1
3644, 3328, 9.73, 37.91, 101.75, 2
3646, 3327, 9.91, 41.87, 102.42, 3
3649, 3333, 10.01, 44.09, 102.78, 4
3648, 3328, 10.07, 45.55, 103.00, 5
3643, 3332, 10.29, 46.61, 103.24, 6
3648, 3323, 10.34, 47.38, 103.24, 7
3647, 3323, 10.42, 47.98, 103.09, 8
3642, 3320, 10.51, 48.36, 103.30, 9
3641, 3330, 10.60, 48.76, 103.45, 10
3655, 3329, 9.56, 34.83, 95.92, 1
3657, 3336, 9.73, 38.77, 101.47, 2
3653, 3337, 9.87, 42.67, 102.11, 3
3642, 3324, 9.98, 44.91, 102.45, 4
3638, 3334, 10.09, 46.52, 102.69, 5
3645, 3330, 10.25, 47.81, 102.78, 6
3641, 3324, 10.26, 48.56, 102.87, 7
3649, 3321, 10.35, 49.28, 102.78, 8
3642, 3332, 10.55, 49.91, 103.03, 9
3647, 3324, 10.51, 50.27, 102.91, 10
3650, 3329, 9.56, 36.03, 95.40, 1
3648, 3333, 9.61, 39.77, 101.04, 2
3656, 3336, 9.80, 43.73, 101.96, 3
3646, 3334, 9.94, 46.06, 102.29, 4
3643, 3334, 9.98, 47.53, 102.42, 5
3641, 3334, 10.05, 48.69, 102.45, 6
3646, 3329, 10.25, 49.47, 102.45, 7
3639, 3333, 10.21, 50.17, 102.42, 8
3638, 3323, 10.34, 50.59, 102.45, 9
3648, 3331, 10.35, 50.96, 102.42, 10
3655, 3331, 9.39, 36.76, 95.12, 1
3649, 3338, 9.54, 40.51, 100.74, 2
3656, 3339, 9.69, 44.07, 101.53, 3
3656, 3325, 9.81, 46.42, 101.81, 4
3647, 3332, 9.94, 47.62, 101.96, 5
3656, 3339, 10.07, 48.66, 102.11, 6
3653, 3332, 10.18, 49.28, 102.11, 7
3655, 3332, 10.11, 49.85, 102.20, 8
3643, 3327, 10.29, 50.41, 102.02, 9
3648, 3324, 10.31, 50.79, 102.11, 10
3659, 3334, 9.23, 37.41, 96.34, 1
3659, 3346, 9.27, 41.31, 100.34, 2
3658, 3341, 9.44, 45.33, 101.20, 3
3655, 3334, 9.70, 47.83, 101.53, 4
3644, 3343, 9.72, 49.41, 101.81, 5
3648, 3332, 9.81, 50.69, 101.68, 6
3656, 3334, 9.87, 51.56, 101.68, 7
3642, 3332, 9.97, 52.31, 101.65, 8
3648, 3337, 10.04, 52.91, 101.65, 9
3646, 3339, 10.19, 53.41, 101.68, 10
3672, 3349, 9.02, 38.77, 95.52, 1
3665, 3354, 9.08, 42.60, 99.43, 2
3656, 3340, 9.11, 46.81, 100.28, 3
3653, 3350, 9.23, 49.54, 100.65, 4
3656, 3354, 9.39, 51.10, 100.74, 5
3645, 3338, 9.49, 52.46, 100.86, 6
3659, 3346, 9.63, 53.35, 100.86, 7
3652, 3345, 9.69, 54.11, 100.92, 8
3645, 3339, 9.73, 54.67, 100.83, 9
3652, 3335, 9.81, 55.27, 101.04, 10
3678, 3354, 8.69, 40.53, 95.12, 1
3658, 3357, 8.72, 44.37, 99.43, 2
3642, 3358, 8.88, 48.78, 100.10, 3
3653, 3352, 8.95, 51.38, 100.40, 4
3640, 3350, 9.21, 53.24, 100.62, 5
3637, 3344, 9.23, 54.54, 100.52, 6
3637, 3350, 9.34, 55.63, 100.74, 7
3640, 3349, 9.37, 56.45, 100.52, 8
3640, 3341, 9.54, 57.17, 100.83, 9
3641, 3336, 9.56, 57.71, 100.40, 10
3671, 3367, 8.33, 42.47, 95.95, 1
3651, 3354, 8.36, 46.00, 98.82, 2
3645, 3361, 8.54, 50.35, 99.43, 3
3651, 3361, 8.71, 53.02, 99.82, 4
3642, 3354, 8.86, 55.00, 99.82, 5
3649, 3355, 8.92, 56.43, 99.98, 6
3642, 3355, 9.09, 57.63, 100.13, 7
3643, 3349, 9.15, 58.53, 99.98, 8
3637, 3352, 9.22, 59.24, 100.04, 9
3646, 3353, 9.26, 59.69, 100.13, 10
3670, 3364, 8.21, 45.01, 95.31, 1
3647, 3362, 8.24, 48.24, 98.11, 2
3653, 3367, 8.40, 52.32, 98.54, 3
3642, 3369, 8.48, 54.88, 99.18, 4
3647, 3357, 8.65, 56.91, 99.43, 5
3639, 3351, 8.75, 58.28, 99.52, 6
3636, 3358, 8.85, 59.32, 99.43, 7
3636, 3357, 8.89, 60.20, 99.61, 8
3644, 3359, 9.01, 60.87, 99.61, 9
3641, 3345, 9.16, 61.50, 99.52, 10
3699, 3367, 8.07, 47.25, 96.04, 1
4091, 3369, 8.29, 47.30, 96.34, 2
4095, 3368, 8.48, 47.75, 96.98, 3
4087, 3356, 8.60, 48.41, 97.44, 4
4089, 3359, 8.72, 49.03, 97.53, 5
4087, 3368, 8.67, 49.58, 97.69, 6
4095, 3360, 8.88, 50.11, 97.56, 7
4091, 3354, 8.93, 50.53, 97.56, 8
4092, 3364, 9.01, 50.88, 97.75, 9
4088, 3365, 9.18, 51.33, 97.44, 10
4090, 3360, 8.34, 59.42, 95.61, 1
4090, 3355, 8.41, 59.92, 95.86, 2
4095, 3366, 8.57, 60.20, 96.50, 3
4090, 3354, 8.67, 60.45, 96.92, 4
4088, 3355, 8.93, 60.58, 97.14, 5
4093, 3359, 8.93, 60.75, 97.29, 6
4093, 3363, 8.98, 60.84, 97.26, 7
4090, 3363, 9.12, 61.09, 97.38, 8
4092, 3359, 9.13, 61.18, 97.38, 9
4095, 3356, 9.32, 61.24, 97.44, 10
4092, 3346, 8.68, 62.44, 95.37, 1
4083, 3343, 8.82, 62.82, 95.70, 2
4087, 3357, 9.02, 63.12, 96.62, 3
4092, 3353, 9.08, 63.28, 96.92, 4
4084, 3343, 9.25, 63.38, 97.08, 5
4093, 3346, 9.36, 63.48, 97.26, 6
4089, 3355, 9.44, 63.65, 97.26, 7
4089, 3351, 9.51, 63.84, 96.98, 8
4092, 3344, 9.61, 63.88, 97.14, 9
4093, 3350, 9.67, 63.96, 97.14, 10
4091, 3329, 9.43, 64.88, 95.12, 1
4089, 3330, 9.60, 65.18, 95.12, 2
4095, 3338, 9.87, 65.40, 95.76, 3
4083, 3326, 9.87, 65.56, 96.13, 4
4094, 3339, 9.95, 65.66, 96.19, 5
4095, 3340, 10.05, 65.85, 96.34, 6
4085, 3328, 10.21, 65.93, 96.50, 7
4088, 3330, 10.29, 65.96, 96.50, 8
4093, 3326, 10.29, 66.11, 96.34, 9
4095, 3340, 10.46, 66.24, 96.25, 10
4095, 3320, 10.44, 67.09, 95.12, 1
4095, 3315, 10.53, 67.30, 95.52, 2
4093, 3317, 10.65, 67.35, 95.67, 3
4095, 3315, 10.73, 67.49, 95.76, 4
4090, 3320, 10.86, 67.56, 95.86, 5
4094, 3311, 10.96, 67.66, 95.92, 6
4092, 3310, 11.08, 67.77, 95.83, 7
4088, 3311, 11.13, 67.86, 96.10, 8
4093, 3316, 11.17, 67.91, 95.98, 9
4095, 3307, 11.35, 67.99, 96.04, 10
4091, 3302, 11.23, 68.60, 95.00, 1
4095, 3295, 11.42, 68.67, 95.25, 2
4093, 3302, 11.59, 68.76, 95.37, 3
4094, 3294, 11.68, 68.91, 95.37, 4
4091, 3300, 11.67, 68.90, 95.55, 5
4095, 3303, 11.81, 69.07, 95.52, 6
4092, 3301, 11.96, 69.16, 95.55, 7
4089, 3288, 12.00, 69.27, 95.52, 8
4094, 3292, 12.05, 69.35, 95.49, 9
4088, 3288, 12.20, 69.38, 95.49, 10
4088, 3274, 12.26, 69.82, 95.06, 1
4092, 3278, 12.28, 70.00, 95.12, 2
4092, 3287, 12.44, 70.00, 95.06, 3
4093, 3283, 12.49, 70.08, 95.34, 4
4094, 3273, 12.64, 70.26, 95.12, 5
4094, 3276, 12.68, 70.28, 95.15, 6
4091, 3278, 12.80, 70.34, 95.15, 7
4091, 3276, 12.83, 70.42, 95.12, 8
4093, 3275, 12.98, 70.47, 95.12, 9
4091, 3270, 13.12, 70.56, 95.00, 10
3255, 3055, 25.42, 26.63, 17.58, 1
3244, 3056, 25.51, 25.64, 59.45, 2
3244, 3050, 25.64, 24.72, 59.48, 3
3237, 3055, 25.62, 24.28, 59.48, 4
3243, 3055, 25.79, 24.28, 59.48, 5
3235, 3046, 25.93, 24.15, 59.51, 6
3235, 3051, 25.95, 24.00, 59.39, 7
3233, 3054, 26.12, 23.99, 59.48, 8
3241, 3043, 26.12, 23.96, 59.30, 9
3240, 3046, 26.23, 23.97, 59.30, 10
3361, 3161, 19.83, 25.76, 36.80, 1
3364, 3164, 19.87, 26.31, 63.05, 2
3358, 3168, 20.06, 26.32, 63.08, 3
3367, 3169, 20.06, 26.38, 63.20, 4
3365, 3171, 20.21, 26.33, 63.08, 5
3367, 3176, 20.19, 26.36, 63.08, 6
3361, 3172, 20.30, 26.43, 62.90, 7
3364, 3171, 20.30, 26.54, 62.84, 8
3368, 3161, 20.38, 26.31, 62.90, 9
3361, 3174, 20.33, 26.24, 62.65, 10
3454, 3246, 16.78, 26.16, 37.41, 1
3445, 3248, 16.91, 27.33, 64.79, 2
3451, 3243, 16.84, 28.42, 65.09, 3
3441, 3247, 17.02, 28.74, 65.37, 4
3450, 3241, 17.19, 29.17, 65.28, 5
3446, 3242, 17.27, 29.30, 65.19, 6
3442, 3241, 17.17, 29.77, 65.09, 7
3441, 3248, 17.34, 29.94, 65.09, 8
3443, 3241, 17.35, 29.75, 64.91, 9
3448, 3244, 17.50, 29.72, 64.85, 10
3472, 3260, 16.03, 27.03, 37.38, 1
3469, 3258, 16.01, 27.89, 64.79, 2
3474, 3270, 16.19, 28.98, 65.28, 3
3461, 3266, 16.21, 29.84, 65.40, 4
3468, 3270, 16.39, 30.32, 65.31, 5
3465, 3259, 16.39, 30.70, 65.46, 6
3471, 3267, 16.47, 30.62, 65.31, 7
3469, 3267, 16.63, 30.49, 65.28, 8
3470, 3262, 16.63, 30.39, 65.40, 9
3469, 3255, 16.78, 30.09, 65.37, 10
3469, 3263, 15.96, 27.54, 37.26, 1
3473, 3263, 16.07, 28.46, 64.70, 2
3468, 3264, 16.17, 29.37, 64.88, 3
3472, 3259, 16.28, 29.74, 65.28, 4
3463, 3260, 16.47, 29.99, 65.28, 5
3473, 3257, 16.58, 30.26, 65.16, 6
3472, 3258, 16.54, 30.34, 65.31, 7
3467, 3266, 16.62, 30.21, 65.19, 8
3470, 3268, 16.79, 30.30, 65.19, 9
3458, 3256, 16.79, 30.38, 65.06, 10
3450, 3245, 16.80, 27.90, 37.05, 1
3449, 3234, 16.90, 28.41, 64.42, 2
3445, 3255, 16.97, 28.73, 64.64, 3
3444, 3249, 17.13, 28.88, 64.85, 4
3444, 3247, 17.14, 29.23, 64.70, 5
3450, 3243, 17.37, 29.27, 64.70, 6
3449, 3241, 17.41, 29.29, 64.54, 7
3447, 3239, 17.54, 29.34, 64.54, 8
3443, 3249, 17.60, 29.73, 64.51, 9
3449, 3241, 17.68, 29.64, 64.39, 10
3419, 3218, 17.78, 27.97, 36.96, 1
3420, 3218, 17.85, 27.88, 63.69, 2
3422, 3220, 17.89, 27.93, 63.87, 3
3428, 3226, 18.13, 27.89, 63.93, 4
3422, 3226, 18.20, 27.92, 63.93, 5
3428, 3225, 18.26, 27.77, 63.93, 6
3427, 3219, 18.42, 27.89, 63.87, 7
3428, 3214, 18.46, 27.71, 63.87, 8
3419, 3218, 18.50, 27.53, 63.78, 9
3425, 3216, 18.60, 27.43, 63.72, 10
3440, 3238, 17.41, 27.60, 36.74, 1
3435, 3235, 17.41, 27.92, 63.84, 2
3430, 3229, 17.50, 28.04, 64.18, 3
3426, 3241, 17.61, 28.30, 64.18, 4
3431, 3229, 17.80, 28.13, 64.42, 5
3436, 3232, 17.82, 27.92, 63.93, 6
3426, 3234, 17.98, 27.88, 63.93, 7
3439, 3232, 17.91, 27.90, 63.87, 8
3436, 3235, 18.16, 27.90, 63.87, 9
3438, 3226, 18.12, 27.90, 63.78, 10
3468, 3261, 15.94, 27.53, 37.11, 1
3461, 3269, 15.96, 28.78, 64.18, 2
3463, 3259, 16.17, 29.62, 64.54, 3
3464, 3264, 16.21, 30.36, 64.79, 4
3461, 3267, 16.22, 30.75, 64.70, 5
3465, 3262, 16.47, 30.64, 64.70, 6
3463, 3264, 16.48, 30.90, 64.64, 7
3467, 3269, 16.65, 31.02, 64.67, 8
3470, 3271, 16.68, 31.18, 64.54, 9
3471, 3256, 16.66, 31.23, 64.45, 10
3480, 3270, 15.70, 28.31, 36.83, 1
3477, 3280, 15.74, 28.77, 63.87, 2
3472, 3272, 15.87, 29.23, 64.39, 3
3474, 3274, 16.03, 29.33, 64.51, 4
3468, 3267, 16.14, 29.32, 64.67, 5
3471, 3269, 16.28, 29.39, 64.61, 6
3470, 3269, 16.27, 29.26, 64.51, 7
3464, 3268, 16.36, 29.45, 64.48, 8
3479, 3266, 16.47, 29.64, 64.51, 9
3474, 3266, 16.48, 29.50, 64.54, 10
3480, 3271, 15.77, 28.38, 36.68, 1
3473, 3265, 15.84, 29.20, 63.87, 2
3469, 3268, 15.97, 30.20, 64.21, 3
3474, 3275, 16.17, 30.62, 64.39, 4
3478, 3273, 16.15, 31.04, 64.39, 5
3472, 3276, 16.28, 30.86, 64.36, 6
3469, 3263, 16.36, 30.68, 64.21, 7
3469, 3273, 16.51, 30.87, 64.36, 8
3467, 3270, 16.55, 30.98, 64.18, 9
3467, 3262, 16.60, 30.83, 64.18, 10
3488, 3280, 15.45, 28.70, 37.11, 1
3484, 3281, 15.47, 29.27, 63.84, 2
3481, 3274, 15.64, 30.02, 64.27, 3
3485, 3278, 15.78, 30.32, 64.42, 4
3478, 3280, 15.80, 30.70, 64.42, 5
3490, 3273, 15.94, 30.77, 64.51, 6
3475, 3286, 16.03, 30.75, 64.42, 7
3477, 3281, 16.11, 30.70, 64.27, 8
3477, 3271, 16.14, 30.89, 64.36, 9
3476, 3281, 16.17, 30.97, 64.21, 10
3508, 3296, 14.74, 28.72, 36.74, 1
3504, 3305, 14.71, 29.54, 63.87, 2
3499, 3295, 14.88, 30.53, 64.33, 3
3497, 3288, 15.03, 31.31, 64.70, 4
3505, 3286, 15.07, 31.96, 64.64, 5
3494, 3296, 15.10, 32.27, 64.67, 6
3503, 3291, 15.33, 32.78, 64.70, 7
3495, 3296, 15.40, 33.13, 64.48, 8
3497, 3289, 15.35, 33.25, 64.54, 9
3502, 3289, 15.53, 33.50, 64.70, 10
3535, 3327, 13.21, 29.21, 36.99, 1
3540, 3324, 13.31, 31.07, 64.36, 2
3537, 3321, 13.48, 33.49, 64.73, 3
3538, 3331, 13.52, 34.67, 64.88, 4
3532, 3334, 13.61, 35.39, 65.16, 5
3533, 3334, 13.66, 36.28, 65.12, 6
3538, 3333, 13.77, 36.23, 65.19, 7
3541, 3326, 13.86, 36.45, 65.12, 8
3533, 3341, 13.86, 36.64, 65.16, 9
3540, 3322, 13.96, 36.82, 65.25, 10
3549, 3343, 12.97, 30.28, 36.83, 1
3547, 3342, 12.95, 31.03, 64.09, 2
3540, 3342, 13.12, 31.87, 64.61, 3
3550, 3344, 13.28, 32.45, 64.79, 4
3552, 3336, 13.37, 32.54, 64.79, 5
3541, 3341, 13.43, 32.58, 65.00, 6
3542, 3332, 13.51, 32.52, 65.00, 7
3545, 3333, 13.61, 32.62, 65.09, 8
3539, 3341, 13.72, 32.68, 64.97, 9
3546, 3332, 13.73, 32.63, 65.00, 10
3540, 3331, 13.11, 30.00, 36.65, 1
3546, 3333, 13.21, 30.53, 63.93, 2
3546, 3334, 13.19, 30.51, 64.51, 3
3540, 3332, 13.48, 30.59, 64.85, 4
3547, 3331, 13.56, 30.58, 64.79, 5
3536, 3332, 13.68, 30.66, 65.00, 6
3546, 3338, 13.65, 30.99, 65.00, 7
3546, 3334, 13.70, 30.79, 64.97, 8
3542, 3331, 13.84, 30.70, 64.97, 9
3546, 3331, 13.89, 30.59, 64.88, 10
3543, 3338, 13.07, 29.73, 36.74, 1
3537, 3339, 13.18, 29.87, 63.87, 2
3545, 3342, 13.32, 29.99, 64.45, 3
3539, 3333, 13.35, 30.03, 64.67, 4
3543, 3338, 13.52, 30.16, 64.70, 5
3546, 3330, 13.66, 30.13, 64.70, 6
3538, 3332, 13.70, 30.45, 64.79, 7
3539, 3328, 13.73, 30.58, 64.88, 8
3540, 3335, 13.86, 30.54, 64.79, 9
3546, 3330, 13.93, 30.34, 64.73, 10
3553, 3340, 12.79, 29.49, 36.68, 1
3547, 3337, 12.80, 29.99, 63.90, 2
3544, 3344, 12.98, 30.19, 64.36, 3
3549, 3340, 13.10, 30.26, 64.61, 4
3554, 3348, 13.10, 30.34, 64.73, 5
3552, 3347, 13.22, 30.27, 64.79, 6
3544, 3345, 13.29, 30.17, 64.73, 7
3552, 3340, 13.46, 30.13, 64.73, 8
3542, 3343, 13.56, 30.16, 64.79, 9
3549, 3337, 13.61, 30.11, 64.91, 10
3561, 3357, 12.22, 29.43, 36.77, 1
3569, 3357, 12.33, 30.11, 64.27, 2
3558, 3351, 12.33, 30.78, 64.64, 3
3568, 3347, 12.53, 31.32, 64.97, 4
3565, 3357, 12.64, 31.70, 65.09, 5
3569, 3359, 12.66, 31.70, 65.09, 6
3569, 3351, 12.84, 31.80, 65.09, 7
3563, 3357, 12.90, 31.88, 65.09, 8
3567, 3348, 13.01, 31.85, 65.25, 9
3565, 3353, 12.91, 32.05, 65.12, 10
3589, 3375, 11.45, 29.56, 36.68, 1
3584, 3372, 11.67, 30.47, 64.36, 2
3580, 3367, 11.75, 31.59, 64.79, 3
3573, 3375, 11.86, 32.10, 65.06, 4
3584, 3369, 11.93, 32.54, 65.25, 5
3579, 3380, 12.09, 32.74, 65.25, 6
3581, 3370, 12.16, 32.89, 65.40, 7
3586, 3363, 12.22, 33.01, 65.25, 8
3577, 3374, 12.36, 33.17, 65.37, 9
3579, 3374, 12.32, 33.19, 65.19, 10
3597, 3387, 11.06, 29.96, 35.80, 1
3591, 3381, 11.16, 30.95, 62.44, 2
3591, 3384, 11.24, 32.08, 62.87, 3
3593, 3383, 11.40, 32.69, 63.20, 4
3599, 3379, 11.51, 32.88, 63.29, 5
3594, 3385, 11.53, 33.16, 63.42, 6
3590, 3385, 11.72, 33.38, 63.48, 7
3587, 3382, 11.82, 33.47, 63.42, 8
3593, 3375, 11.85, 33.55, 63.51, 9
3587, 3385, 11.90, 33.57, 63.57, 10
3607, 3395, 10.59, 30.27, 35.58, 1
3609, 3399, 10.76, 31.62, 62.19, 2
3602, 3397, 10.80, 32.82, 62.59, 3
3605, 3395, 10.90, 33.62, 62.77, 4
3603, 3401, 11.08, 34.10, 62.87, 5
3607, 3393, 11.08, 34.44, 62.96, 6
3599, 3391, 11.23, 34.75, 63.14, 7
3604, 3398, 11.33, 34.98, 63.14, 8
3602, 3387, 11.28, 35.10, 63.08, 9
3604, 3390, 11.35, 35.19, 63.08, 10
3624, 3406, 10.09, 30.87, 35.37, 1
3617, 3402, 10.19, 31.98, 61.92, 2
3619, 3413, 10.35, 33.33, 62.19, 3
3615, 3403, 10.52, 34.15, 62.62, 4
3624, 3413, 10.52, 34.78, 62.68, 5
3623, 3406, 10.60, 35.15, 62.68, 6
3622, 3410, 10.63, 35.37, 62.68, 7
3614, 3406, 10.86, 35.63, 62.59, 8
3622, 3397, 10.86, 35.77, 62.81, 9
3613, 3403, 10.92, 35.73, 62.84, 10
3633, 3414, 9.69, 31.10, 35.16, 1
3630, 3413, 9.74, 32.21, 61.49, 2
3628, 3420, 9.90, 33.62, 61.98, 3
3634, 3423, 10.00, 34.31, 62.23, 4
3627, 3420, 10.09, 34.91, 62.44, 5
3630, 3411, 10.18, 35.30, 62.56, 6
3626, 3411, 10.31, 35.52, 62.56, 7
3635, 3420, 10.42, 35.62, 62.59, 8
3631, 3418, 10.51, 35.89, 62.59, 9
3622, 3415, 10.49, 35.99, 62.44, 10
3647, 3425, 9.39, 31.44, 34.88, 1
3639, 3429, 9.44, 32.66, 61.55, 2
3633, 3424, 9.46, 34.15, 62.10, 3
3642, 3428, 9.60, 35.01, 62.19, 4
3639, 3436, 9.81, 35.48, 62.38, 5
3642, 3429, 9.95, 35.88, 62.35, 6
3636, 3430, 10.01, 36.13, 62.47, 7
3643, 3420, 10.00, 36.28, 62.53, 8
3638, 3426, 10.14, 36.41, 62.35, 9
3638, 3423, 10.19, 36.56, 62.35, 10
3648, 3429, 9.09, 31.90, 34.82, 1
3649, 3437, 9.15, 33.16, 61.49, 2
3644, 3430, 9.22, 34.72, 61.95, 3
3647, 3426, 9.34, 35.76, 62.10, 4
3642, 3428, 9.42, 36.52, 62.38, 5
3648, 3436, 9.54, 36.96, 62.35, 6
3642, 3435, 9.58, 37.24, 62.38, 7
3649, 3425, 9.76, 37.53, 62.35, 8
3648, 3433, 9.83, 37.64, 62.35, 9
3647, 3429, 9.90, 37.68, 62.29, 10
3660, 3434, 8.78, 32.30, 34.73, 1
3652, 3434, 8.95, 33.58, 61.40, 2
3650, 3444, 8.91, 35.66, 61.74, 3
3660, 3435, 9.06, 36.71, 62.23, 4
3648, 3439, 9.15, 37.31, 62.23, 5
3656, 3439, 9.34, 37.88, 62.38, 6
3659, 3441, 9.42, 38.26, 62.23, 7
3655, 3444, 9.46, 38.51, 62.10, 8
3652, 3440, 9.50, 38.71, 62.19, 9
3658, 3434, 9.57, 38.86, 62.23, 10
3661, 3444, 8.60, 32.61, 34.58, 1
3656, 3443, 8.67, 33.86, 61.25, 2
3656, 3449, 8.76, 35.35, 61.80, 3
3659, 3441, 9.01, 36.29, 61.95, 4
3662, 3437, 9.05, 37.14, 61.92, 5
3655, 3441, 9.13, 37.34, 62.19, 6
3664, 3443, 9.23, 37.61, 62.23, 7
3657, 3441, 9.21, 37.76, 62.23, 8
3661, 3446, 9.33, 38.02, 62.10, 9
3656, 3444, 9.37, 38.16, 62.19, 10
3673, 3452, 8.30, 32.88, 34.42, 1
3666, 3443, 8.43, 34.09, 60.88, 2
3668, 3452, 8.55, 35.43, 61.37, 3
3670, 3449, 8.64, 36.36, 61.71, 4
3660, 3450, 8.76, 36.90, 61.71, 5
3663, 3452, 8.69, 37.23, 61.89, 6
3669, 3460, 8.96, 37.46, 61.71, 7
3663, 3445, 9.02, 37.59, 61.86, 8
3672, 3448, 9.03, 37.74, 61.86, 9
3664, 3444, 9.12, 37.82, 61.86, 10
3673, 3455, 8.16, 33.07, 34.30, 1
3664, 3450, 8.16, 34.03, 60.70, 2
3677, 3452, 8.31, 35.31, 61.19, 3
3667, 3454, 8.36, 36.13, 61.40, 4
3669, 3460, 8.54, 36.81, 61.61, 5
3674, 3450, 8.65, 37.12, 61.55, 6
3672, 3456, 8.74, 37.39, 61.52, 7
3676, 3453, 8.75, 37.59, 61.61, 8
3675, 3445, 8.92, 37.75, 61.74, 9
3669, 3455, 8.93, 37.72, 61.55, 10
3683, 3463, 7.79, 33.13, 34.18, 1
3678, 3459, 7.80, 34.16, 60.64, 2
3684, 3467, 7.93, 35.47, 61.28, 3
3677, 3464, 8.17, 36.29, 61.34, 4
3677, 3464, 8.24, 36.76, 61.49, 5
3678, 3464, 8.27, 37.18, 61.49, 6
3680, 3466, 8.41, 37.42, 61.52, 7
3684, 3456, 8.47, 37.68, 61.49, 8
3682, 3463, 8.55, 38.08, 61.49, 9
3682, 3470, 8.67, 38.13, 61.52, 10
3693, 3470, 7.48, 33.19, 34.21, 1
3687, 3465, 7.51, 34.26, 60.76, 2
3686, 3460, 7.72, 35.60, 61.00, 3
3693, 3464, 7.83, 36.38, 61.34, 4
3695, 3467, 7.96, 36.81, 61.34, 5
3687, 3473, 8.01, 37.13, 61.34, 6
3684, 3461, 8.09, 37.40, 61.34, 7
3692, 3463, 8.13, 37.49, 61.34, 8
3687, 3467, 8.20, 37.76, 61.49, 9
3689, 3466, 8.37, 37.70, 61.34, 10
3702, 3475, 7.27, 33.29, 33.91, 1
3694, 3471, 7.34, 34.34, 60.52, 2
3696, 3478, 7.48, 35.54, 61.00, 3
3692, 3473, 7.58, 36.31, 61.13, 4
3694, 3478, 7.63, 36.63, 61.34, 5
3701, 3479, 7.78, 37.01, 61.25, 6
3702, 3476, 7.80, 37.39, 61.34, 7
3690, 3470, 7.99, 37.54, 61.34, 8
3701, 3473, 8.00, 37.57, 61.49, 9
3695, 3477, 8.07, 37.67, 61.49, 10
3698, 3476, 7.12, 33.43, 33.81, 1
3703, 3485, 7.15, 34.20, 60.33, 2
3701, 3482, 7.31, 35.35, 60.73, 3
3701, 3477, 7.42, 36.02, 61.16, 4
3705, 3483, 7.52, 36.44, 61.00, 5
3703, 3483, 7.63, 36.65, 61.16, 6
3702, 3477, 7.75, 36.86, 61.13, 7
3698, 3477, 7.90, 36.89, 61.34, 8
3698, 3474, 7.80, 36.96, 61.28, 9
3696, 3478, 7.96, 37.18, 61.31, 10
3708, 3485, 6.96, 33.33, 33.78, 1
3700, 3482, 6.96, 34.16, 60.18, 2
3700, 3485, 7.11, 35.28, 60.76, 3
3711, 3483, 7.24, 35.89, 60.82, 4
3705, 3483, 7.34, 36.12, 61.07, 5
3703, 3479, 7.52, 36.52, 61.22, 6
3707, 3477, 7.51, 36.60, 61.07, 7
3699, 3479, 7.59, 36.94, 61.22, 8
3702, 3480, 7.65, 36.71, 61.07, 9
3702, 3484, 7.70, 36.89, 61.00, 10
3714, 3492, 6.76, 33.44, 33.78, 1
3713, 3487, 6.83, 34.05, 60.18, 2
3712, 3492, 6.96, 35.07, 60.70, 3
3710, 3483, 7.01, 35.53, 60.94, 4
3721, 3495, 7.18, 35.88, 61.16, 5
3716, 3493, 7.24, 36.12, 61.07, 6
3717, 3485, 7.37, 36.30, 61.00, 7
3716, 3489, 7.31, 36.36, 61.16, 8
3710, 3481, 7.54, 36.52, 60.94, 9
3707, 3492, 7.62, 36.64, 61.07, 10
3723, 3495, 6.49, 33.30, 33.69, 1
3721, 3490, 6.63, 33.98, 60.06, 2
3710, 3488, 6.73, 35.04, 60.58, 3
3715, 3492, 6.87, 35.78, 60.82, 4
3710, 3492, 6.93, 36.33, 60.88, 5
3714, 3498, 6.96, 36.63, 61.07, 6
3722, 3490, 7.12, 36.67, 60.94, 7
3719, 3499, 7.15, 36.76, 60.88, 8
3712, 3489, 7.32, 37.06, 61.00, 9
3712, 3499, 7.37, 37.24, 60.94, 10
3724, 3501, 6.26, 33.50, 33.69, 1
3719, 3497, 6.35, 34.22, 60.18, 2
3730, 3494, 6.52, 35.17, 60.67, 3
3725, 3502, 6.69, 35.61, 60.82, 4
3721, 3494, 6.80, 35.96, 60.94, 5
3720, 3495, 6.86, 36.30, 61.07, 6
3719, 3495, 6.82, 36.49, 61.00, 7
3728, 3499, 7.01, 36.79, 61.00, 8
3723, 3498, 7.06, 37.01, 61.00, 9
3717, 3501, 7.10, 36.90, 60.88, 10
3735, 3498, 6.08, 33.43, 33.42, 1
3726, 3508, 6.16, 34.13, 60.00, 2
3731, 3505, 6.29, 35.11, 60.58, 3
3736, 3503, 6.45, 35.83, 60.85, 4
3726, 3502, 6.62, 36.20, 60.85, 5
3734, 3502, 6.57, 36.53, 60.94, 6
3726, 3506, 6.66, 36.79, 61.00, 7
3728, 3499, 6.82, 36.84, 61.00, 8
3726, 3507, 6.94, 36.97, 60.94, 9
3722, 3508, 6.93, 37.00, 61.00, 10
3732, 3509, 6.08, 33.56, 33.57, 1
3740, 3502, 6.24, 34.12, 59.94, 2
3734, 3511, 6.46, 34.84, 60.39, 3
3737, 3510, 6.55, 35.28, 60.70, 4
3730, 3502, 6.57, 35.43, 60.76, 5
3734, 3511, 6.70, 35.67, 60.88, 6
3726, 3508, 6.80, 35.77, 60.70, 7
3733, 3502, 6.83, 35.79, 60.82, 8
3728, 3497, 6.90, 35.73, 60.88, 9
3723, 3496, 7.03, 36.00, 60.82, 10
3726, 3498, 6.36, 33.48, 33.20, 1
3723, 3495, 6.43, 33.82, 59.81, 2
3723, 3496, 6.57, 34.43, 60.18, 3
3722, 3494, 6.76, 34.71, 60.58, 4
3730, 3500, 6.79, 34.85, 60.67, 5
3724, 3508, 6.93, 35.12, 60.67, 6
3728, 3504, 7.00, 35.04, 60.58, 7
3724, 3495, 7.03, 35.08, 60.67, 8
3727, 3498, 7.18, 34.98, 60.58, 9
3720, 3495, 7.31, 34.99, 60.58, 10
3710, 3484, 7.01, 33.24, 33.29, 1
3706, 3485, 7.17, 33.52, 59.51, 2
3707, 3481, 7.32, 33.81, 59.88, 3
3713, 3483, 7.34, 33.94, 60.18, 4
3703, 3483, 7.47, 33.97, 60.18, 5
3705, 3487, 7.65, 33.99, 60.27, 6
3704, 3486, 7.73, 33.90, 60.30, 7
3709, 3484, 7.90, 33.95, 60.27, 8
3707, 3480, 7.85, 34.03, 60.39, 9
3700, 3486, 8.07, 33.99, 60.36, 10
3691, 3468, 7.79, 32.97, 33.23, 1
3686, 3461, 7.82, 33.06, 59.30, 2
3693, 3469, 8.00, 33.04, 59.75, 3
3697, 3463, 8.10, 33.02, 60.00, 4
3696, 3474, 8.20, 32.88, 60.15, 5
3699, 3470, 8.21, 32.67, 60.15, 6
3693, 3465, 8.33, 32.65, 60.18, 7
3696, 3464, 8.45, 32.60, 60.15, 8
3688, 3469, 8.47, 32.58, 60.12, 9
3693, 3472, 8.54, 32.52, 60.12, 10
3700, 3478, 7.32, 32.52, 32.99, 1
3701, 3473, 7.51, 32.81, 59.30, 2
3701, 3472, 7.59, 32.95, 59.72, 3
3707, 3475, 7.76, 33.38, 60.00, 4
3702, 3473, 7.86, 33.39, 60.00, 5
3694, 3478, 7.99, 33.46, 60.12, 6
3698, 3477, 8.07, 33.55, 60.12, 7
3702, 3475, 8.11, 33.57, 60.12, 8
3707, 3475, 8.24, 33.35, 60.12, 9
3701, 3468, 8.26, 33.32, 60.12, 10
3705, 3477, 7.57, 32.47, 33.05, 1
3693, 3474, 7.61, 32.78, 59.05, 2
3695, 3474, 7.79, 33.13, 59.63, 3
3695, 3468, 7.94, 33.14, 59.81, 4
3699, 3469, 7.96, 33.27, 59.94, 5
3699, 3475, 8.09, 33.30, 59.94, 6
3691, 3477, 8.16, 33.33, 59.94, 7
3694, 3470, 8.21, 33.22, 59.88, 8
3693, 3473, 8.27, 33.44, 59.94, 9
3695, 3471, 8.37, 33.75, 59.94, 10
3695, 3465, 7.83, 32.53, 32.96, 1
3697, 3465, 7.85, 32.85, 59.14, 2
3696, 3469, 7.97, 33.30, 59.39, 3
3693, 3463, 8.09, 33.56, 59.60, 4
3685, 3468, 8.31, 33.86, 59.60, 5
3690, 3463, 8.43, 33.93, 59.60, 6
3692, 3464, 8.45, 33.89, 59.75, 7
3687, 3463, 8.58, 34.03, 59.81, 8
3697, 3470, 8.68, 34.05, 59.72, 9
3690, 3462, 8.61, 34.34, 59.81, 10
3689, 3454, 8.11, 32.55, 32.90, 1
3682, 3462, 8.24, 32.90, 58.81, 2
3689, 3468, 8.29, 33.35, 59.23, 3
3682, 3460, 8.47, 33.48, 59.45, 4
3687, 3465, 8.60, 33.62, 59.60, 5
3692, 3463, 8.67, 33.68, 59.54, 6
3684, 3465, 8.78, 33.71, 59.63, 7
3688, 3458, 8.85, 33.72, 59.60, 8
3686, 3462, 8.92, 33.89, 59.63, 9
3688, 3464, 9.01, 34.27, 59.60, 10
3678, 3448, 8.67, 32.57, 32.78, 1
3676, 3456, 8.79, 32.95, 58.56, 2
3676, 3444, 9.03, 33.28, 59.08, 3
3678, 3447, 9.02, 33.51, 59.30, 4
3677, 3449, 9.23, 34.07, 59.30, 5
3680, 3452, 9.30, 34.05, 59.48, 6
3678, 3445, 9.30, 33.75, 59.54, 7
3670, 3447, 9.40, 33.43, 59.54, 8
3673, 3443, 9.42, 33.39, 59.39, 9
3677, 3448, 9.63, 33.29, 59.23, 10
3664, 3437, 9.29, 32.46, 32.59, 1
3664, 3438, 9.42, 32.86, 58.20, 2
3656, 3440, 9.60, 33.20, 58.75, 3
3653, 3430, 9.73, 33.49, 58.84, 4
3652, 3429, 9.73, 33.57, 59.08, 5
3659, 3433, 9.80, 33.58, 59.14, 6
3654, 3439, 9.91, 33.58, 59.14, 7
3660, 3428, 9.97, 33.46, 59.08, 8
3653, 3433, 10.17, 33.35, 58.96, 9
3661, 3435, 10.26, 33.31, 59.08, 10
3667, 3435, 9.54, 32.36, 32.07, 1
3652, 3434, 9.57, 32.83, 58.11, 2
3660, 3424, 9.64, 32.95, 58.56, 3
3653, 3427, 9.85, 33.06, 58.78, 4
3660, 3423, 9.91, 32.95, 58.75, 5
3660, 3425, 10.04, 33.27, 58.78, 6
3647, 3435, 10.04, 33.49, 58.84, 7
3651, 3424, 10.17, 33.47, 58.84, 8
3646, 3420, 10.32, 33.43, 58.78, 9
3658, 3429, 10.45, 33.23, 58.84, 10
3648, 3421, 9.73, 32.12, 32.26, 1
3647, 3422, 9.84, 32.90, 57.89, 2
3648, 3419, 10.00, 33.32, 58.35, 3
3650, 3425, 10.09, 33.35, 58.59, 4
3650, 3426, 10.15, 33.34, 58.75, 5
3648, 3420, 10.31, 33.46, 58.62, 6
3652, 3424, 10.41, 33.42, 58.75, 7
3650, 3423, 10.46, 33.45, 58.78, 8
3652, 3426, 10.53, 33.82, 58.62, 9
3644, 3427, 10.56, 33.55, 58.69, 10
3634, 3413, 10.41, 32.21, 32.17, 1
3635, 3413, 10.56, 32.34, 57.65, 2
3640, 3409, 10.69, 31.86, 58.11, 3
3632, 3409, 10.77, 31.67, 58.35, 4
3632, 3416, 10.84, 31.66, 58.47, 5
3628, 3407, 11.07, 31.46, 58.47, 6
3636, 3409, 11.10, 31.33, 58.59, 7
3634, 3410, 11.18, 31.18, 58.38, 8
3626, 3406, 11.31, 31.24, 58.35, 9
3632, 3407, 11.44, 31.42, 58.53, 10
3619, 3397, 10.92, 31.79, 32.26, 1
3622, 3396, 11.08, 31.95, 57.43, 2
3617, 3401, 11.08, 31.75, 57.89, 3
3617, 3401, 11.31, 31.53, 58.17, 4
3622, 3401, 11.44, 31.35, 58.20, 5
3617, 3400, 11.55, 31.39, 58.20, 6
3623, 3396, 11.69, 31.09, 58.17, 7
3614, 3400, 11.74, 31.07, 58.29, 8
3623, 3391, 11.82, 30.71, 58.17, 9
3620, 3395, 11.89, 30.78, 58.20, 10
3596, 3375, 12.05, 31.54, 31.89, 1
3595, 3366, 12.05, 31.11, 57.22, 2
3591, 3373, 12.28, 30.47, 57.59, 3
3593, 3370, 12.46, 30.17, 57.95, 4
3594, 3384, 12.51, 29.91, 58.04, 5
3597, 3376, 12.60, 29.71, 58.04, 6
3600, 3374, 12.64, 29.49, 57.95, 7
3600, 3374, 12.79, 29.39, 58.04, 8
3589, 3376, 12.84, 29.13, 57.95, 9
3593, 3373, 12.98, 29.05, 57.95, 10
3575, 3351, 12.91, 31.03, 31.62, 1
3571, 3351, 13.00, 30.65, 56.82, 2
3579, 3353, 13.14, 30.04, 57.25, 3
3581, 3358, 13.28, 29.29, 57.34, 4
3575, 3352, 13.45, 28.80, 57.59, 5
3578, 3350, 13.48, 28.51, 57.59, 6
3573, 3348, 13.65, 28.51, 57.53, 7
3574, 3354, 13.66, 28.55, 57.59, 8
3572, 3356, 13.80, 28.26, 57.50, 9
3576, 3347, 13.84, 28.33, 57.50, 10
3566, 3336, 13.29, 30.66, 31.56, 1
3559, 3343, 13.42, 30.07, 56.73, 2
3569, 3335, 13.62, 29.63, 57.16, 3
3559, 3338, 13.68, 29.46, 57.46, 4
3558, 3345, 13.84, 29.32, 57.50, 5
3561, 3345, 13.89, 29.24, 57.59, 6
3566, 3345, 13.94, 28.92, 57.43, 7
3562, 3337, 14.04, 28.05, 57.53, 8
3562, 3344, 14.12, 27.95, 57.43, 9
3567, 3336, 14.19, 27.80, 57.34, 10
3570, 3339, 13.37, 30.21, 31.49, 1
3572, 3340, 13.43, 29.77, 56.64, 2
3564, 3343, 13.49, 28.87, 57.01, 3
3563, 3349, 13.62, 28.54, 57.31, 4
3571, 3343, 13.72, 28.02, 57.43, 5
3562, 3349, 13.84, 27.43, 57.31, 6
3569, 3349, 13.96, 27.23, 57.31, 7
3568, 3341, 14.03, 26.94, 57.50, 8
3560, 3342, 14.17, 26.69, 57.43, 9
3557, 3344, 14.06, 26.13, 57.31, 10
3567, 3350, 13.00, 29.72, 31.46, 1
3575, 3349, 13.23, 28.97, 56.46, 2
3577, 3354, 13.31, 27.98, 57.01, 3
3576, 3348, 13.45, 27.55, 57.22, 4
3567, 3350, 13.59, 27.79, 57.25, 5
3573, 3354, 13.59, 27.27, 57.31, 6
3567, 3355, 13.74, 27.13, 57.31, 7
3576, 3345, 13.83, 27.39, 57.34, 8
3564, 3345, 13.80, 27.27, 57.19, 9
3567, 3345, 13.96, 27.09, 57.25, 10
3575, 3353, 13.11, 29.45, 31.31, 1
3573, 3349, 13.23, 28.80, 56.34, 2
3575, 3349, 13.45, 28.02, 56.85, 3
3565, 3350, 13.55, 27.29, 57.10, 4
3570, 3347, 13.61, 27.11, 57.10, 5
3568, 3353, 13.76, 26.79, 57.25, 6
3568, 3352, 13.74, 26.71, 57.31, 7
3573, 3347, 13.84, 26.62, 57.10, 8
3571, 3342, 13.96, 26.35, 57.10, 9
3568, 3340, 14.10, 26.04, 57.31, 10
3563, 3343, 13.37, 29.22, 31.25, 1
3562, 3336, 13.48, 28.32, 56.34, 2
3561, 3346, 13.56, 27.16, 56.76, 3
3567, 3346, 13.73, 26.43, 56.98, 4
3565, 3342, 13.73, 26.18, 57.07, 5
3572, 3344, 13.93, 26.06, 57.10, 6
3566, 3339, 13.96, 25.83, 57.10, 7
3565, 3342, 14.07, 25.73, 57.16, 8
3562, 3347, 14.16, 25.65, 57.16, 9
3559, 3345, 14.31, 25.43, 56.85, 10
3564, 3347, 13.34, 28.87, 31.16, 1
3565, 3344, 13.43, 28.09, 56.18, 2
3571, 3349, 13.63, 26.99, 56.64, 3
3564, 3344, 13.72, 26.52, 56.79, 4
3562, 3341, 13.80, 26.37, 56.85, 5
3569, 3338, 13.83, 26.46, 57.01, 6
3566, 3341, 14.02, 26.33, 56.98, 7
3565, 3343, 14.03, 26.36, 56.98, 8
3566, 3341, 14.21, 26.50, 56.92, 9
3561, 3344, 14.21, 26.12, 56.85, 10
3563, 3345, 13.35, 28.86, 31.10, 1
3569, 3349, 13.41, 27.27, 55.97, 2
3568, 3344, 13.46, 25.88, 56.55, 3
3568, 3352, 13.68, 25.25, 56.67, 4
3564, 3350, 13.66, 24.66, 56.82, 5
3566, 3349, 13.82, 24.59, 56.92, 6
3567, 3345, 13.92, 24.22, 56.85, 7
3564, 3351, 13.97, 23.88, 56.85, 8
3571, 3351, 14.06, 23.75, 56.85, 9
3571, 3347, 14.16, 23.68, 56.85, 10
126, 127, 12.84, 28.14, 31.16, 1
131, 127, 12.84, 26.80, 56.12, 2
123, 131, 13.14, 25.80, 56.64, 3
131, 132, 13.22, 25.25, 56.67, 4
126, 125, 13.25, 24.93, 56.85, 5
127, 125, 13.41, 24.52, 56.98, 6
130, 122, 13.39, 24.46, 56.85, 7
123, 120, 13.51, 24.49, 56.85, 8
123, 122, 13.55, 24.25, 56.79, 9
127, 124, 13.73, 23.95, 56.82, 10
3587, 3362, 12.68, 27.88, 31.16, 1
3582, 3368, 12.70, 26.73, 56.00, 2
3585, 3367, 12.87, 25.56, 56.64, 3
3585, 3363, 12.91, 25.02, 56.67, 4
3581, 3363, 13.07, 24.50, 56.82, 5
3583, 3369, 13.07, 24.06, 56.82, 6
3580, 3366, 13.25, 23.79, 56.82, 7
3589, 3364, 13.26, 23.43, 56.82, 8
3582, 3363, 13.41, 23.24, 56.82, 9
3589, 3363, 13.55, 23.05, 56.76, 10
3588, 3369, 12.35, 27.62, 31.07, 1
3590, 3374, 12.39, 26.33, 55.97, 2
3601, 3370, 12.51, 25.00, 56.58, 3
3586, 3377, 12.63, 24.35, 56.79, 4
3598, 3365, 12.77, 23.74, 56.92, 5
3593, 3371, 12.87, 23.54, 56.92, 6
3598, 3372, 12.94, 23.21, 56.92, 7
3600, 3371, 13.02, 22.98, 56.98, 8
3592, 3366, 13.07, 22.91, 56.92, 9
3588, 3369, 13.11, 22.75, 56.82, 10
3598, 3380, 11.89, 27.23, 31.16, 1
3609, 3384, 12.02, 26.16, 56.12, 2
3601, 3386, 12.15, 24.94, 56.64, 3
3611, 3378, 12.23, 24.28, 56.92, 4
3609, 3394, 12.36, 23.69, 56.92, 5
3603, 3386, 12.47, 23.59, 57.07, 6
3611, 3380, 12.50, 23.20, 57.01, 7
3606, 3376, 12.61, 23.20, 57.01, 8
3603, 3381, 12.67, 23.00, 57.07, 9
3609, 3377, 12.77, 22.69, 56.92, 10
3613, 3389, 11.57, 26.98, 31.04, 1
3610, 3395, 11.58, 26.14, 55.94, 2
3613, 3385, 11.69, 25.03, 56.52, 3
3615, 3389, 11.92, 24.30, 56.73, 4
3614, 3392, 11.96, 23.88, 56.98, 5
3606, 3400, 12.10, 23.41, 57.01, 6
3615, 3387, 12.15, 23.38, 57.01, 7
3616, 3390, 12.23, 23.18, 57.01, 8
3610, 3385, 12.26, 22.98, 57.01, 9
3612, 3388, 12.35, 22.90, 56.98, 10
3618, 3399, 11.27, 26.86, 31.04, 1
3625, 3404, 11.28, 25.89, 55.94, 2
3628, 3400, 11.50, 24.82, 56.49, 3
3613, 3403, 11.55, 24.04, 56.73, 4
3617, 3395, 11.64, 23.79, 56.67, 5
3627, 3396, 11.78, 23.29, 56.82, 6
3621, 3401, 11.82, 22.95, 56.82, 7
3617, 3404, 11.98, 23.04, 56.98, 8
3625, 3403, 12.05, 22.78, 56.98, 9
3614, 3403, 12.00, 22.52, 56.85, 10
3625, 3405, 10.87, 26.62, 30.85, 1
3633, 3411, 11.07, 25.81, 56.09, 2
3634, 3408, 11.26, 25.03, 56.49, 3
3627, 3403, 11.23, 24.37, 56.64, 4
3628, 3406, 11.42, 23.89, 56.79, 5
3634, 3405, 11.53, 23.52, 56.79, 6
3636, 3402, 11.53, 23.38, 56.85, 7
3622, 3410, 11.61, 23.19, 56.92, 8
3634, 3402, 11.75, 23.00, 56.85, 9
3634, 3398, 11.88, 22.82, 56.85, 10
3636, 3413, 10.66, 26.48, 31.16, 1
3632, 3413, 10.75, 25.64, 56.00, 2
3629, 3411, 11.00, 24.68, 56.55, 3
3640, 3412, 11.06, 24.10, 56.76, 4
3632, 3417, 11.18, 23.86, 56.76, 5
3638, 3414, 11.24, 23.54, 56.76, 6
3642, 3408, 11.24, 23.26, 56.82, 7
3634, 3414, 11.38, 22.95, 56.76, 8
3641, 3414, 11.45, 22.84, 56.79, 9
3633, 3409, 11.57, 22.63, 56.64, 10
3645, 3416, 10.52, 26.29, 30.79, 1
3642, 3421, 10.55, 25.68, 55.85, 2
3644, 3419, 10.69, 24.94, 56.40, 3
3641, 3416, 10.66, 24.65, 56.67, 4
3641, 3418, 10.77, 23.92, 56.64, 5
3651, 3423, 11.02, 23.61, 56.67, 6
3652, 3420, 11.04, 23.48, 56.67, 7
3645, 3418, 11.11, 23.56, 56.73, 8
3648, 3413, 11.13, 23.27, 56.92, 9
3641, 3421, 11.26, 23.27, 56.73, 10
3658, 3431, 10.18, 26.29, 30.73, 1
3650, 3424, 10.26, 25.77, 55.79, 2
3651, 3427, 10.38, 25.06, 56.18, 3
3658, 3417, 10.44, 24.65, 56.37, 4
3654, 3429, 10.62, 24.44, 56.58, 5
3649, 3435, 10.65, 24.35, 56.55, 6
3651, 3432, 10.67, 24.18, 56.52, 7
3649, 3427, 10.90, 24.26, 56.64, 8
3647, 3418, 10.95, 24.14, 56.64, 9
3652, 3430, 11.02, 23.78, 56.67, 10
3662, 3428, 9.76, 26.29, 30.73, 1
3653, 3434, 9.97, 25.96, 55.76, 2
3656, 3432, 10.07, 25.36, 56.27, 3
3668, 3440, 10.22, 24.87, 56.46, 4
3661, 3430, 10.18, 24.58, 56.49, 5
3664, 3438, 10.24, 24.40, 56.55, 6
3658, 3439, 10.42, 24.28, 56.55, 7
3658, 3427, 10.53, 24.26, 56.64, 8
3663, 3433, 10.62, 24.29, 56.64, 9
3664, 3422, 10.65, 24.25, 56.55, 10
3670, 3435, 9.58, 26.30, 30.64, 1
3666, 3436, 9.61, 26.03, 55.76, 2
3672, 3438, 9.74, 25.42, 56.27, 3
3669, 3437, 9.94, 25.01, 56.27, 4
3673, 3445, 9.98, 24.70, 56.52, 5
3673, 3444, 10.07, 24.49, 56.58, 6
3666, 3445, 10.15, 24.54, 56.58, 7
3669, 3444, 10.28, 24.49, 56.58, 8
3664, 3438, 10.25, 24.44, 56.58, 9
3663, 3442, 10.32, 24.28, 56.58, 10
3679, 3449, 9.27, 26.41, 30.49, 1
3673, 3443, 9.40, 25.94, 55.63, 2
3678, 3445, 9.51, 25.65, 56.09, 3
3676, 3447, 9.61, 25.38, 56.46, 4
3680, 3455, 9.77, 25.21, 56.55, 5
3674, 3446, 9.81, 25.27, 56.58, 6
3674, 3451, 9.90, 25.04, 56.52, 7
3676, 3451, 10.01, 25.10, 56.52, 8
3671, 3449, 10.07, 24.80, 56.52, 9
3679, 3446, 10.15, 24.72, 56.49, 10
3677, 3452, 9.18, 26.39, 30.67, 1
3676, 3448, 9.18, 26.21, 55.63, 2
3679, 3451, 9.34, 25.93, 56.18, 3
3683, 3449, 9.46, 25.51, 56.46, 4
3680, 3455, 9.56, 25.41, 56.46, 5
3687, 3456, 9.74, 25.03, 56.55, 6
3684, 3448, 9.69, 24.95, 56.52, 7
3684, 3447, 9.80, 24.66, 56.46, 8
3685, 3453, 9.88, 24.21, 56.55, 9
3687, 3446, 9.91, 24.21, 56.46, 10
3683, 3457, 8.91, 26.32, 30.46, 1
3687, 3463, 8.99, 25.93, 55.54, 2
3687, 3457, 9.11, 25.45, 56.00, 3
3684, 3461, 9.29, 25.07, 56.27, 4
3685, 3456, 9.37, 24.81, 56.34, 5
3682, 3448, 9.43, 24.70, 56.40, 6
3685, 3457, 9.46, 24.63, 56.43, 7
3683, 3457, 9.54, 24.46, 56.52, 8
3685, 3461, 9.66, 24.24, 56.49, 9
3689, 3461, 9.72, 24.00, 56.55, 10
3697, 3466, 8.72, 26.19, 30.46, 1
3692, 3462, 8.76, 25.97, 55.54, 2
3687, 3468, 8.89, 25.42, 56.27, 3
3698, 3466, 8.99, 25.46, 56.34, 4
3694, 3464, 9.16, 25.21, 56.43, 5
3693, 3466, 9.16, 24.83, 56.27, 6
3693, 3460, 9.25, 24.92, 56.52, 7
3694, 3456, 9.40, 24.88, 56.27, 8
3693, 3463, 9.58, 24.80, 56.40, 9
3693, 3458, 9.63, 24.66, 56.46, 10
3705, 3472, 8.50, 26.26, 30.40, 1
3703, 3471, 8.54, 26.01, 55.63, 2
3697, 3468, 8.75, 25.50, 56.06, 3
3698, 3474, 8.79, 25.11, 56.18, 4
3697, 3461, 8.92, 24.93, 56.34, 5
3696, 3470, 8.96, 24.59, 56.43, 6
3698, 3471, 9.18, 24.44, 56.46, 7
3696, 3469, 9.21, 24.11, 56.40, 8
3695, 3463, 9.32, 24.06, 56.34, 9
3700, 3469, 9.34, 23.82, 56.34, 10
3702, 3471, 8.37, 26.08, 30.33, 1
3700, 3470, 8.30, 25.78, 55.48, 2
3709, 3471, 8.51, 25.33, 55.79, 3
3709, 3468, 8.72, 24.92, 56.06, 4
3707, 3467, 8.76, 24.75, 56.12, 5
3700, 3473, 8.81, 24.63, 56.12, 6
3708, 3473, 8.96, 24.41, 56.27, 7
3701, 3473, 9.01, 24.15, 56.27, 8
3709, 3477, 9.08, 24.27, 56.27, 9
3698, 3476, 9.18, 24.13, 56.27, 10
3707, 3479, 8.11, 26.09, 30.24, 1
3713, 3480, 8.13, 25.75, 55.45, 2
3710, 3483, 8.34, 25.36, 55.85, 3
3714, 3475, 8.40, 25.18, 56.00, 4
3717, 3484, 8.51, 24.99, 56.09, 5
3705, 3476, 8.54, 24.73, 56.18, 6
3709, 3483, 8.65, 24.72, 56.27, 7
3710, 3476, 8.71, 24.58, 56.21, 8
3705, 3478, 8.85, 24.63, 56.27, 9
3712, 3475, 8.95, 24.59, 56.18, 10
3716, 3479, 7.82, 26.09, 30.21, 1
3719, 3489, 7.85, 25.90, 55.30, 2
3718, 3482, 8.06, 25.84, 55.79, 3
3719, 3484, 8.21, 25.71, 55.97, 4
3719, 3487, 8.23, 25.53, 55.97, 5
3713, 3486, 8.39, 25.27, 56.09, 6
3712, 3485, 8.51, 24.98, 56.21, 7
3724, 3484, 8.47, 24.91, 56.12, 8
3720, 3485, 8.58, 24.66, 56.18, 9
3718, 3482, 8.69, 24.54, 56.18, 10
3727, 3489, 7.62, 26.20, 30.15, 1
3722, 3489, 7.69, 26.08, 55.39, 2
3729, 3496, 7.86, 25.66, 55.69, 3
3729, 3489, 7.94, 25.32, 56.00, 4
3719, 3492, 8.01, 25.13, 56.06, 5
3718, 3493, 8.18, 25.14, 56.18, 6
3725, 3496, 8.27, 24.74, 56.18, 7
3725, 3492, 8.30, 24.87, 56.09, 8
3728, 3494, 8.54, 24.83, 56.21, 9
3729, 3494, 8.40, 24.42, 56.12, 10
3731, 3497, 7.47, 26.07, 30.24, 1
3725, 3494, 7.55, 25.80, 55.39, 2
3729, 3493, 7.63, 25.56, 55.79, 3
3736, 3500, 7.85, 25.34, 56.06, 4
3733, 3499, 7.82, 25.19, 56.09, 5
3728, 3494, 7.93, 25.31, 56.09, 6
3736, 3490, 8.06, 25.21, 56.09, 7
3731, 3494, 8.03, 24.93, 56.18, 8
3725, 3499, 8.21, 24.87, 56.18, 9
3729, 3502, 8.17, 24.88, 56.09, 10
3744, 3505, 7.17, 26.16, 29.97, 1
3741, 3510, 7.29, 26.17, 55.21, 2
3741, 3506, 7.41, 26.14, 55.76, 3
3740, 3505, 7.52, 26.01, 55.79, 4
3736, 3502, 7.61, 25.88, 56.00, 5
3742, 3497, 7.73, 25.63, 56.12, 6
3737, 3504, 7.90, 25.68, 56.00, 7
3735, 3500, 7.89, 25.48, 56.12, 8
3733, 3500, 7.92, 25.33, 56.09, 9
3740, 3500, 8.01, 25.18, 56.18, 10
3744, 3506, 7.00, 26.16, 30.09, 1
3745, 3509, 7.03, 26.23, 55.15, 2
3741, 3515, 7.21, 26.20, 55.63, 3
3747, 3504, 7.31, 26.14, 55.94, 4
3744, 3519, 7.37, 26.15, 55.85, 5
3745, 3517, 7.47, 25.86, 56.09, 6
3741, 3504, 7.54, 25.87, 55.97, 7
3736, 3514, 7.66, 25.75, 56.09, 8
3745, 3508, 7.73, 25.58, 56.12, 9
3744, 3501, 7.89, 25.94, 56.00, 10
3754, 3512, 6.73, 26.12, 30.03, 1
3756, 3513, 6.84, 26.31, 55.15, 2
3746, 3517, 6.86, 26.57, 55.51, 3
3752, 3522, 7.12, 26.34, 55.76, 4
3751, 3520, 7.19, 26.26, 55.82, 5
3753, 3517, 7.22, 25.99, 55.97, 6
3757, 3511, 7.35, 26.02, 55.94, 7
3754, 3511, 7.44, 26.11, 55.94, 8
3754, 3520, 7.55, 26.09, 56.09, 9
3751, 3516, 7.52, 25.80, 55.85, 10
3752, 3514, 6.90, 26.34, 30.03, 1
3749, 3509, 6.93, 26.29, 55.02, 2
3748, 3516, 7.08, 26.11, 55.51, 3
3744, 3517, 7.25, 25.78, 55.76, 4
3753, 3519, 7.37, 25.67, 55.76, 5
3751, 3509, 7.47, 25.49, 55.76, 6
3742, 3504, 7.49, 25.26, 55.76, 7
3742, 3509, 7.61, 25.11, 55.79, 8
3740, 3516, 7.82, 24.92, 55.82, 9
3750, 3505, 7.78, 25.43, 55.79, 10
3742, 3506, 7.14, 26.32, 29.72, 1
3746, 3506, 7.27, 26.24, 54.87, 2
3739, 3508, 7.38, 25.83, 55.39, 3
3745, 3514, 7.49, 25.47, 55.54, 4
3748, 3509, 7.55, 25.17, 55.69, 5
3739, 3495, 7.79, 25.16, 55.63, 6
3740, 3497, 7.78, 24.88, 55.76, 7
3744, 3500, 7.97, 24.92, 55.79, 8
3735, 3496, 7.96, 24.92, 55.76, 9
3740, 3496, 8.09, 24.81, 55.76, 10
3729, 3493, 7.93, 26.37, 29.85, 1
3725, 3485, 7.99, 25.67, 54.66, 2
3733, 3491, 8.16, 25.19, 55.02, 3
3722, 3496, 8.31, 24.91, 55.24, 4
3728, 3492, 8.40, 24.56, 55.51, 5
3720, 3492, 8.57, 24.52, 55.51, 6
3726, 3483, 8.74, 24.54, 55.51, 7
3722, 3486, 8.78, 24.61, 55.51, 8
3720, 3491, 8.85, 24.31, 55.54, 9
3725, 3483, 8.92, 23.80, 55.48, 10
3706, 3475, 8.69, 26.20, 29.75, 1
3705, 3463, 8.65, 25.77, 54.47, 2
3706, 3473, 8.85, 25.43, 54.87, 3
3710, 3478, 8.99, 24.61, 55.15, 4
3709, 3470, 9.03, 24.29, 55.18, 5
3701, 3470, 9.09, 24.08, 55.33, 6
3703, 3476, 9.25, 23.71, 55.45, 7
3707, 3477, 9.30, 23.57, 55.45, 8
3712, 3474, 9.43, 23.54, 55.30, 9
3698, 3470, 9.44, 23.36, 55.21, 10
3717, 3479, 8.06, 25.98, 29.82, 1
3721, 3483, 8.16, 25.69, 54.32, 2
3725, 3484, 8.33, 25.61, 54.87, 3
3720, 3479, 8.45, 25.33, 55.15, 4
3718, 3485, 8.60, 25.18, 55.18, 5
3723, 3481, 8.64, 24.76, 55.24, 6
3714, 3482, 8.74, 24.55, 55.39, 7
3722, 3481, 8.85, 24.66, 55.30, 8
3725, 3489, 8.81, 24.66, 55.30, 9
3712, 3480, 8.95, 24.51, 55.30, 10
3721, 3481, 8.18, 26.07, 29.69, 1
3722, 3488, 8.29, 25.96, 54.23, 2
3725, 3479, 8.44, 25.76, 54.69, 3
3711, 3489, 8.45, 25.64, 55.02, 4
3724, 3484, 8.65, 25.25, 55.02, 5
3721, 3475, 8.74, 24.71, 55.21, 6
3712, 3477, 8.82, 24.35, 55.15, 7
3711, 3480, 8.96, 24.04, 55.15, 8
3713, 3479, 9.01, 24.06, 55.24, 9
3710, 3483, 9.11, 24.09, 55.18, 10
3707, 3471, 8.48, 25.94, 29.69, 1
3717, 3476, 8.68, 25.28, 54.23, 2
3707, 3481, 8.76, 24.83, 54.60, 3
3708, 3474, 8.88, 24.73, 55.15, 4
3716, 3482, 9.01, 24.06, 55.05, 5
3709, 3473, 9.11, 23.58, 55.05, 6
3707, 3478, 9.08, 23.44, 55.15, 7
3709, 3473, 9.19, 23.63, 55.02, 8
3704, 3482, 9.36, 23.43, 55.24, 9
3706, 3469, 9.30, 23.05, 55.02, 10
3705, 3471, 8.86, 25.77, 29.57, 1
3709, 3466, 8.95, 25.74, 53.96, 2
3709, 3472, 9.08, 25.60, 54.38, 3
3705, 3468, 9.08, 25.55, 54.60, 4
3700, 3465, 9.32, 25.18, 54.69, 5
3704, 3471, 9.40, 24.64, 54.81, 6
3707, 3466, 9.44, 24.29, 54.87, 7
3696, 3464, 9.51, 24.14, 54.87, 8
3705, 3471, 9.74, 24.08, 54.93, 9
3704, 3465, 9.80, 24.08, 55.02, 10
3696, 3450, 9.46, 25.88, 29.48, 1
3692, 3451, 9.54, 25.39, 53.83, 2
3691, 3461, 9.66, 24.63, 54.29, 3
3691, 3461, 9.73, 24.07, 54.47, 4
3696, 3455, 9.98, 23.63, 54.53, 5
3688, 3453, 10.04, 23.11, 54.53, 6
3685, 3456, 10.11, 23.01, 54.53, 7
3686, 3460, 10.11, 22.88, 54.66, 8
3695, 3447, 10.29, 22.78, 54.53, 9
3685, 3452, 10.22, 22.60, 54.66, 10
3679, 3442, 9.84, 25.72, 29.36, 1
3682, 3447, 9.94, 24.96, 53.68, 2
3672, 3446, 10.09, 24.44, 54.11, 3
3684, 3448, 10.28, 23.97, 54.23, 4
3681, 3449, 10.31, 23.83, 54.38, 5
3681, 3445, 10.48, 23.53, 54.38, 6
3675, 3446, 10.48, 23.32, 54.38, 7
3676, 3445, 10.55, 23.22, 54.38, 8
3679, 3442, 10.73, 23.53, 54.38, 9
3677, 3435, 10.79, 23.19, 54.38, 10
3666, 3426, 10.46, 25.62, 29.24, 1
3665, 3424, 10.59, 25.34, 53.47, 2
3658, 3426, 10.67, 24.63, 53.92, 3
3663, 3425, 10.84, 24.76, 54.14, 4
3659, 3427, 10.96, 25.04, 54.23, 5
3664, 3428, 11.10, 24.93, 54.23, 6
3664, 3433, 11.16, 24.91, 54.38, 7
3663, 3428, 11.27, 25.13, 54.38, 8
3657, 3434, 11.27, 24.66, 54.38, 9
3661, 3424, 11.45, 24.82, 54.47, 10
3652, 3415, 11.27, 25.88, 29.17, 1
3650, 3417, 11.23, 25.45, 53.22, 2
3648, 3415, 11.48, 24.65, 53.77, 3
3641, 3421, 11.57, 24.36, 53.96, 4
3655, 3411, 11.69, 24.04, 54.11, 5
3650, 3414, 11.81, 24.12, 54.02, 6
3649, 3412, 11.95, 23.77, 54.14, 7
3649, 3415, 12.00, 23.63, 54.14, 8
3647, 3409, 12.13, 23.52, 54.14, 9
3640, 3409, 12.19, 23.49, 54.20, 10
