2718, 2586, 21.08, 19.10, 133.88, 1
2715, 2583, 21.28, 19.02, 128.45, 2
2716, 2587, 21.41, 18.88, 129.97, 3
2714, 2577, 21.45, 18.66, 129.91, 4
2716, 2583, 21.52, 18.64, 130.25, 5
2716, 2577, 21.58, 18.52, 129.12, 6
2710, 2578, 21.71, 18.63, 130.58, 7
2711, 2577, 21.76, 18.33, 129.82, 8
2710, 2579, 21.73, 18.37, 129.91, 9
2710, 2577, 21.85, 18.32, 129.55, 10
2723, 2594, 20.56, 18.50, 125.55, 1
2726, 2589, 20.63, 18.74, 134.64, 2
2724, 2593, 20.79, 18.86, 131.96, 3
2722, 2589, 20.89, 18.72, 130.65, 4
2722, 2592, 20.96, 18.62, 131.23, 5
2724, 2587, 21.04, 18.51, 129.76, 6
2722, 2588, 21.04, 18.57, 132.42, 7
2720, 2582, 21.10, 18.48, 130.49, 8
2718, 2590, 21.14, 18.59, 129.91, 9
2716, 2585, 21.17, 18.34, 129.97, 10
2735, 2598, 20.12, 18.57, 125.55, 1
2735, 2600, 20.24, 18.72, 134.80, 2
2735, 2597, 20.33, 18.64, 132.23, 3
2735, 2598, 20.45, 18.47, 131.90, 4
2731, 2593, 20.56, 18.53, 131.16, 5
2731, 2598, 20.63, 18.46, 129.67, 6
2731, 2599, 20.67, 18.46, 129.67, 7
2732, 2596, 20.66, 18.27, 129.33, 8
2726, 2596, 20.70, 18.36, 130.34, 9
2729, 2596, 20.70, 18.29, 129.91, 10
2732, 2596, 20.43, 18.60, 125.70, 1
2734, 2597, 20.39, 18.87, 134.74, 2
2730, 2596, 20.63, 18.56, 130.83, 3
2730, 2595, 20.79, 18.51, 130.89, 4
2729, 2594, 20.86, 18.46, 129.00, 5
2723, 2592, 20.90, 18.50, 129.33, 6
2724, 2593, 20.90, 18.43, 130.25, 7
2726, 2596, 20.94, 18.42, 130.13, 8
2724, 2589, 21.07, 18.47, 130.13, 9
2722, 2590, 21.04, 18.25, 130.49, 10
2717, 2585, 21.04, 18.60, 125.70, 1
2713, 2580, 21.05, 18.67, 132.63, 2
2718, 2587, 21.25, 18.56, 132.14, 3
2714, 2581, 21.32, 18.61, 131.84, 4
2717, 2584, 21.40, 18.50, 129.76, 5
2715, 2580, 21.45, 18.41, 129.24, 6
2713, 2581, 21.55, 18.32, 129.15, 7
2713, 2580, 21.51, 18.32, 130.65, 8
2711, 2577, 21.59, 18.16, 129.67, 9
2707, 2572, 21.68, 18.10, 129.67, 10
2692, 2563, 21.99, 18.87, 127.87, 1
2695, 2560, 22.03, 18.41, 134.86, 2
2698, 2567, 22.10, 18.26, 131.96, 3
2696, 2563, 22.27, 17.98, 131.53, 4
2693, 2566, 22.36, 17.78, 129.55, 5
2690, 2559, 22.38, 17.89, 130.65, 6
2690, 2557, 22.41, 17.76, 131.04, 7
2691, 2562, 22.55, 17.69, 129.76, 8
2695, 2561, 22.55, 17.79, 129.76, 9
2687, 2559, 22.59, 17.90, 129.55, 10
2706, 2579, 21.37, 18.86, 125.64, 1
2704, 2572, 21.44, 18.07, 132.90, 2
2705, 2578, 21.56, 17.89, 133.51, 3
2706, 2575, 21.66, 17.65, 130.16, 4
2702, 2569, 21.68, 17.66, 129.82, 5
2706, 2572, 21.69, 17.41, 130.65, 6
2706, 2573, 21.73, 17.47, 129.46, 7
2704, 2570, 21.76, 17.56, 129.46, 8
2700, 2570, 21.79, 17.61, 129.55, 9
2704, 2571, 21.88, 17.47, 129.91, 10
2728, 2593, 20.43, 18.64, 125.49, 1
2732, 2594, 20.50, 18.76, 134.86, 2
2724, 2590, 20.70, 18.54, 132.05, 3
2723, 2592, 20.70, 18.33, 131.26, 4
2727, 2592, 20.80, 18.55, 129.33, 5
2726, 2590, 20.80, 18.29, 129.33, 6
2721, 2587, 20.90, 18.18, 130.43, 7
2717, 2592, 20.91, 18.21, 130.16, 8
2727, 2594, 20.94, 18.16, 130.49, 9
2722, 2585, 21.03, 18.27, 130.34, 10
2720, 2587, 20.97, 18.71, 125.89, 1
2715, 2587, 20.98, 18.18, 132.78, 2
2719, 2582, 21.10, 17.94, 131.16, 3
2718, 2585, 21.15, 17.71, 130.43, 4
2718, 2587, 21.23, 17.58, 129.67, 5
2715, 2585, 21.31, 17.54, 130.43, 6
2720, 2582, 21.38, 17.40, 129.33, 7
2711, 2580, 21.37, 17.27, 129.46, 8
2714, 2583, 21.51, 17.27, 129.46, 9
2712, 2579, 21.62, 17.18, 129.82, 10
2690, 2559, 22.27, 18.84, 125.18, 1
2690, 2561, 22.47, 17.82, 134.49, 2
2687, 2557, 22.54, 17.28, 134.98, 3
2691, 2559, 22.66, 17.11, 131.74, 4
2688, 2559, 22.74, 17.04, 128.85, 5
2682, 2552, 22.84, 16.89, 130.83, 6
2687, 2556, 22.89, 16.90, 129.91, 7
2685, 2558, 22.96, 16.66, 129.97, 8
2683, 2553, 23.03, 16.52, 130.43, 9
2683, 2547, 23.02, 16.39, 130.13, 10
2673, 2542, 22.93, 18.63, 128.02, 1
2673, 2538, 23.09, 17.66, 134.80, 2
2671, 2538, 23.30, 16.87, 132.08, 3
2672, 2544, 23.34, 16.58, 132.14, 4
2673, 2537, 23.29, 16.34, 130.16, 5
2670, 2540, 23.46, 16.38, 130.58, 6
2673, 2537, 23.53, 16.16, 129.33, 7
2665, 2536, 23.54, 15.84, 129.33, 8
2665, 2538, 23.54, 15.85, 129.12, 9
2665, 2533, 23.61, 15.66, 130.71, 10
2696, 2559, 21.76, 18.47, 125.49, 1
2696, 2561, 21.75, 17.85, 133.61, 2
2696, 2566, 21.90, 17.67, 131.84, 3
2699, 2569, 21.97, 17.44, 130.49, 4
2697, 2565, 22.03, 17.50, 129.82, 5
2698, 2563, 22.06, 17.45, 129.15, 6
2694, 2561, 22.07, 17.37, 130.58, 7
2696, 2565, 22.18, 17.25, 129.67, 8
2693, 2563, 22.09, 17.25, 129.46, 9
2693, 2563, 22.20, 17.10, 129.46, 10
2755, 2617, 19.22, 18.39, 125.18, 1
2749, 2618, 19.26, 18.76, 134.06, 2
2753, 2616, 19.37, 18.90, 134.06, 3
2756, 2619, 19.50, 19.08, 132.35, 4
2748, 2614, 19.42, 19.03, 130.25, 5
2753, 2624, 19.59, 19.19, 131.23, 6
2747, 2616, 19.60, 19.07, 129.33, 7
2750, 2615, 19.54, 19.13, 128.94, 8
2756, 2618, 19.56, 19.29, 128.75, 9
2756, 2616, 19.60, 19.29, 131.99, 10
2801, 2664, 17.13, 18.70, 125.18, 1
2799, 2660, 17.17, 19.28, 134.37, 2
2795, 2662, 17.33, 19.58, 134.74, 3
2800, 2662, 17.34, 19.70, 133.61, 4
2798, 2661, 17.38, 19.77, 130.55, 5
2796, 2652, 17.46, 19.91, 129.64, 6
2795, 2660, 17.46, 20.05, 129.97, 7
2792, 2657, 17.57, 20.09, 130.04, 8
2793, 2660, 17.54, 20.12, 130.25, 9
2798, 2660, 17.67, 20.12, 130.25, 10
2823, 2690, 15.78, 18.90, 125.40, 1
2826, 2691, 15.86, 19.59, 133.88, 2
2825, 2691, 16.10, 20.09, 131.90, 3
2827, 2690, 16.13, 20.43, 130.58, 4
2830, 2684, 16.19, 20.45, 130.58, 5
2823, 2685, 16.27, 20.54, 129.82, 6
2823, 2686, 16.27, 20.80, 130.16, 7
2820, 2689, 16.33, 20.82, 130.43, 8
2819, 2686, 16.30, 20.93, 130.43, 9
2821, 2683, 16.39, 21.01, 130.89, 10
2846, 2706, 15.09, 19.22, 125.31, 1
2844, 2704, 15.13, 19.86, 134.00, 2
2843, 2704, 15.33, 20.13, 134.25, 3
2842, 2707, 15.34, 20.20, 134.70, 4
2846, 2712, 15.45, 20.31, 133.42, 5
2841, 2704, 15.54, 20.40, 130.83, 6
2837, 2703, 15.64, 20.39, 130.43, 7
2840, 2700, 15.61, 20.46, 130.43, 8
2839, 2705, 15.69, 20.41, 130.58, 9
2840, 2697, 15.68, 20.36, 130.74, 10
2856, 2717, 14.56, 19.41, 125.92, 1
2858, 2712, 14.62, 20.01, 133.94, 2
2855, 2720, 14.84, 20.16, 133.88, 3
2850, 2716, 14.99, 20.39, 133.61, 4
2854, 2713, 14.99, 20.35, 134.49, 5
2848, 2715, 15.06, 20.38, 134.49, 6
2852, 2711, 15.11, 20.61, 133.88, 7
2848, 2711, 15.18, 20.73, 131.10, 8
2848, 2711, 15.18, 20.65, 130.25, 9
2846, 2713, 15.27, 20.56, 130.34, 10
2862, 2725, 13.98, 19.41, 125.18, 1
2868, 2729, 14.11, 19.78, 133.42, 2
2868, 2731, 14.28, 19.89, 134.22, 3
2869, 2726, 14.32, 20.18, 132.11, 4
2869, 2726, 14.46, 20.23, 133.58, 5
2862, 2727, 14.51, 20.27, 133.70, 6
2862, 2725, 14.53, 20.28, 133.70, 7
2860, 2726, 14.59, 20.39, 133.24, 8
2864, 2721, 14.58, 20.31, 130.65, 9
2859, 2725, 14.61, 20.33, 129.64, 10
2875, 2736, 13.55, 19.45, 128.42, 1
2876, 2742, 13.63, 19.98, 133.21, 2
2879, 2738, 13.73, 20.14, 134.16, 3
2874, 2737, 13.84, 20.27, 132.14, 4
2878, 2735, 13.86, 20.38, 133.03, 5
2876, 2730, 13.96, 20.52, 133.03, 6
2876, 2738, 14.00, 20.55, 133.15, 7
2873, 2736, 14.08, 20.60, 133.24, 8
2876, 2735, 14.15, 20.61, 129.67, 9
2873, 2728, 14.15, 20.76, 130.58, 10
2898, 2757, 12.73, 19.62, 127.35, 1
2895, 2753, 12.87, 20.26, 133.33, 2
2898, 2757, 12.88, 20.78, 133.09, 3
2893, 2758, 13.09, 21.07, 132.42, 4
2893, 2759, 13.08, 21.26, 131.90, 5
2892, 2757, 13.19, 21.30, 131.99, 6
2894, 2762, 13.17, 21.58, 131.99, 7
2888, 2754, 13.14, 21.51, 132.35, 8
2893, 2748, 13.23, 21.67, 131.99, 9
2886, 2750, 13.35, 21.73, 131.90, 10
2913, 2778, 11.87, 19.77, 125.92, 1
2912, 2776, 11.99, 20.87, 134.98, 2
2913, 2773, 12.08, 21.59, 133.88, 3
2914, 2774, 12.19, 22.04, 131.96, 4
2912, 2774, 12.19, 22.28, 131.04, 5
2912, 2774, 12.32, 22.39, 131.10, 6
2911, 2773, 12.39, 22.72, 131.53, 7
2909, 2775, 12.43, 22.80, 131.53, 8
2908, 2767, 12.37, 22.93, 131.59, 9
2910, 2773, 12.50, 22.99, 131.59, 10
2920, 2782, 11.66, 20.23, 126.74, 1
2914, 2782, 11.77, 21.60, 133.12, 2
2919, 2779, 11.87, 22.87, 133.21, 3
2917, 2782, 11.96, 23.39, 132.63, 4
2918, 2782, 11.98, 23.76, 130.89, 5
2920, 2774, 12.06, 24.13, 130.89, 6
2911, 2780, 12.08, 24.45, 130.89, 7
2914, 2775, 12.25, 24.63, 130.89, 8
2915, 2775, 12.31, 24.69, 131.04, 9
2917, 2771, 12.35, 24.91, 131.04, 10
2919, 2782, 11.76, 20.82, 126.37, 1
2924, 2777, 11.92, 22.63, 134.16, 2
2916, 2780, 11.96, 23.93, 133.51, 3
2914, 2778, 12.05, 24.41, 129.76, 4
2917, 2777, 12.14, 24.79, 131.90, 5
2915, 2780, 12.22, 25.18, 130.43, 6
2912, 2778, 12.24, 25.39, 130.49, 7
2913, 2777, 12.40, 25.76, 130.74, 8
2913, 2769, 12.36, 25.96, 130.74, 9
2914, 2774, 12.46, 26.29, 130.65, 10
2916, 2778, 11.87, 21.19, 127.53, 1
2911, 2774, 11.98, 22.90, 134.03, 2
2916, 2779, 12.02, 23.68, 133.51, 3
2916, 2771, 12.15, 23.93, 130.16, 4
2907, 2776, 12.16, 24.28, 130.74, 5
2915, 2770, 12.33, 24.31, 129.91, 6
2913, 2771, 12.43, 24.55, 130.55, 7
2911, 2771, 12.47, 24.56, 130.58, 8
2904, 2771, 12.53, 24.67, 130.55, 9
2908, 2769, 12.57, 24.88, 130.58, 10
2913, 2766, 12.02, 21.51, 127.62, 1
2910, 2777, 12.11, 22.53, 134.25, 2
2907, 2775, 12.31, 23.00, 134.49, 3
2906, 2773, 12.36, 23.23, 130.43, 4
2907, 2772, 12.42, 23.49, 131.10, 5
2909, 2768, 12.49, 23.56, 130.55, 6
2911, 2764, 12.50, 23.61, 130.04, 7
2906, 2767, 12.53, 23.67, 130.04, 8
2907, 2767, 12.67, 23.84, 130.04, 9
2906, 2762, 12.63, 23.83, 130.16, 10
2907, 2773, 12.08, 21.56, 127.47, 1
2908, 2775, 12.19, 22.57, 134.25, 2
2905, 2774, 12.21, 23.29, 133.70, 3
2911, 2770, 12.32, 23.41, 130.43, 4
2905, 2767, 12.44, 23.52, 131.10, 5
2905, 2772, 12.57, 23.88, 130.55, 6
2908, 2769, 12.62, 23.95, 129.64, 7
2908, 2765, 12.62, 24.14, 129.64, 8
2907, 2769, 12.67, 24.23, 129.58, 9
2902, 2765, 12.71, 24.37, 131.04, 10
2918, 2777, 11.96, 21.58, 127.56, 1
2916, 2775, 11.99, 23.10, 134.03, 2
2914, 2773, 12.14, 24.01, 133.64, 3
2915, 2774, 12.14, 24.30, 132.51, 4
2914, 2773, 12.35, 24.61, 131.23, 5
2910, 2774, 12.35, 24.92, 130.43, 6
2909, 2770, 12.42, 25.11, 130.55, 7
2909, 2767, 12.42, 25.27, 129.73, 8
2910, 2767, 12.43, 25.28, 129.39, 9
2907, 2771, 12.50, 25.36, 131.10, 10
2922, 2784, 11.40, 21.87, 127.35, 1
2925, 2789, 11.49, 23.38, 134.06, 2
2924, 2784, 11.68, 24.43, 133.61, 3
2924, 2782, 11.78, 24.98, 130.25, 4
2919, 2784, 11.76, 25.33, 130.74, 5
2923, 2779, 11.89, 25.67, 130.04, 6
2920, 2782, 11.89, 25.81, 130.34, 7
2915, 2780, 11.96, 26.00, 130.49, 8
2916, 2778, 12.08, 26.15, 129.58, 9
2918, 2784, 12.06, 26.31, 129.33, 10
2939, 2803, 10.75, 22.14, 127.41, 1
2940, 2798, 10.75, 24.01, 134.22, 2
2938, 2797, 10.86, 25.12, 133.88, 3
2938, 2799, 10.98, 25.70, 131.59, 4
2935, 2801, 10.95, 26.15, 130.04, 5
2939, 2797, 11.11, 26.47, 130.46, 6
2937, 2803, 11.15, 26.90, 130.55, 7
2933, 2798, 11.19, 26.93, 129.33, 8
2937, 2795, 11.25, 27.46, 129.39, 9
2933, 2797, 11.29, 27.55, 129.67, 10
2956, 2815, 9.93, 22.57, 126.95, 1
2951, 2818, 10.14, 24.52, 134.16, 2
2954, 2821, 10.23, 26.30, 133.33, 3
2955, 2814, 10.24, 26.84, 130.65, 4
2950, 2816, 10.29, 27.38, 130.16, 5
2954, 2812, 10.37, 27.79, 129.49, 6
2954, 2818, 10.41, 28.10, 129.58, 7
2951, 2810, 10.48, 28.48, 130.34, 8
2949, 2809, 10.57, 28.75, 130.46, 9
2950, 2815, 10.58, 29.02, 129.18, 10
2968, 2835, 9.37, 22.94, 128.17, 1
2968, 2828, 9.48, 25.16, 133.61, 2
2969, 2831, 9.63, 27.25, 131.23, 3
2966, 2832, 9.71, 28.12, 130.55, 4
2966, 2829, 9.79, 28.53, 129.67, 5
2966, 2820, 9.81, 29.34, 130.34, 6
2966, 2828, 9.84, 29.65, 130.34, 7
2962, 2827, 9.90, 30.11, 129.24, 8
2961, 2824, 10.02, 30.49, 129.58, 9
2961, 2826, 9.96, 30.89, 129.58, 10
2977, 2840, 9.12, 23.62, 128.30, 1
2973, 2842, 9.20, 26.14, 133.88, 2
2978, 2837, 9.33, 28.07, 131.62, 3
2977, 2835, 9.42, 29.07, 131.10, 4
2976, 2837, 9.55, 29.73, 130.46, 5
2973, 2837, 9.50, 30.30, 130.55, 6
2967, 2838, 9.51, 30.93, 129.46, 7
2970, 2835, 9.59, 31.33, 129.46, 8
2970, 2833, 9.61, 31.76, 129.46, 9
2966, 2833, 9.72, 32.14, 129.46, 10
2973, 2837, 9.34, 24.18, 128.08, 1
2970, 2832, 9.40, 27.00, 133.94, 2
2970, 2830, 9.54, 28.91, 131.68, 3
2973, 2830, 9.62, 29.93, 131.23, 4
2969, 2826, 9.78, 30.56, 130.55, 5
2965, 2827, 9.84, 31.22, 130.55, 6
2965, 2824, 9.82, 31.78, 129.55, 7
2968, 2831, 9.84, 32.40, 129.46, 8
2963, 2828, 9.96, 32.57, 129.67, 9
2963, 2829, 9.89, 32.88, 129.91, 10
2979, 2839, 9.00, 24.75, 127.87, 1
2973, 2839, 9.10, 27.51, 134.00, 2
2973, 2840, 9.31, 29.74, 131.84, 3
2970, 2845, 9.37, 30.49, 131.23, 4
2976, 2832, 9.48, 31.27, 130.55, 5
2973, 2832, 9.57, 32.00, 129.33, 6
2972, 2835, 9.52, 32.61, 129.55, 7
2965, 2837, 9.51, 33.01, 129.76, 8
2972, 2837, 9.65, 33.38, 129.67, 9
2967, 2830, 9.63, 33.63, 130.13, 10
2990, 2849, 8.52, 25.22, 127.59, 1
2984, 2851, 8.68, 27.96, 133.94, 2
2986, 2851, 8.76, 30.25, 131.50, 3
2986, 2845, 8.79, 31.44, 130.71, 4
2981, 2850, 8.92, 32.38, 129.76, 5
2980, 2845, 8.94, 32.92, 130.46, 6
2983, 2849, 8.96, 33.52, 129.33, 7
2984, 2847, 9.10, 34.10, 129.33, 8
2979, 2845, 9.13, 34.43, 129.55, 9
2983, 2842, 9.19, 34.82, 129.67, 10
2995, 2856, 8.28, 25.72, 127.35, 1
2995, 2851, 8.35, 28.68, 133.33, 2
2987, 2859, 8.49, 30.88, 133.88, 3
2989, 2859, 8.69, 31.99, 131.59, 4
2994, 2852, 8.75, 32.71, 129.64, 5
2987, 2857, 8.76, 33.48, 129.64, 6
2987, 2851, 8.75, 33.92, 130.34, 7
2991, 2848, 8.76, 34.36, 130.98, 8
2990, 2851, 8.90, 34.86, 129.76, 9
2985, 2851, 8.89, 35.24, 129.33, 10
2994, 2855, 8.31, 26.20, 127.20, 1
2990, 2854, 8.37, 29.22, 133.51, 2
2991, 2856, 8.59, 31.61, 131.53, 3
2990, 2852, 8.62, 32.61, 130.71, 4
2988, 2854, 8.72, 33.25, 129.73, 5
2988, 2851, 8.85, 33.99, 130.43, 6
2986, 2850, 8.86, 34.51, 130.98, 7
2986, 2854, 8.82, 34.95, 129.64, 8
2985, 2851, 8.96, 35.43, 129.33, 9
2987, 2853, 8.99, 35.85, 129.64, 10
2990, 2851, 8.28, 26.83, 127.35, 1
2989, 2859, 8.35, 29.59, 133.58, 2
2992, 2848, 8.52, 31.78, 131.56, 3
2984, 2858, 8.64, 32.79, 130.89, 4
2986, 2856, 8.68, 33.71, 129.73, 5
2991, 2851, 8.82, 34.20, 130.49, 6
2988, 2851, 8.87, 34.82, 129.18, 7
2992, 2848, 8.83, 35.15, 129.33, 8
2985, 2855, 8.98, 35.53, 131.23, 9
2984, 2847, 9.03, 35.95, 129.73, 10
3000, 2858, 8.04, 27.08, 127.72, 1
2992, 2860, 8.16, 30.16, 133.21, 2
2999, 2863, 8.23, 32.69, 134.95, 3
2998, 2857, 8.37, 33.87, 131.38, 4
2998, 2858, 8.38, 34.76, 129.49, 5
2996, 2858, 8.45, 35.16, 130.25, 6
2993, 2855, 8.54, 35.85, 130.16, 7
2994, 2857, 8.55, 36.42, 130.34, 8
2993, 2856, 8.44, 36.96, 129.18, 9
2991, 2857, 8.73, 37.42, 129.18, 10
2996, 2867, 8.08, 27.57, 127.72, 1
2997, 2859, 8.21, 31.08, 133.76, 2
2999, 2864, 8.35, 33.87, 131.23, 3
2994, 2860, 8.26, 35.20, 130.58, 4
2994, 2861, 8.51, 36.17, 129.73, 5
2993, 2859, 8.58, 37.06, 130.49, 6
2992, 2857, 8.56, 37.81, 129.12, 7
2994, 2853, 8.61, 38.34, 130.58, 8
2991, 2856, 8.66, 38.84, 130.89, 9
2989, 2853, 8.66, 39.46, 129.67, 10
2976, 2842, 9.13, 28.37, 127.56, 1
2977, 2842, 9.30, 31.75, 134.74, 2
2975, 2840, 9.33, 33.94, 134.28, 3
2974, 2839, 9.50, 35.03, 131.84, 4
2975, 2840, 9.65, 35.83, 130.25, 5
2969, 2836, 9.72, 36.46, 130.65, 6
2970, 2831, 9.79, 37.10, 130.98, 7
2964, 2835, 9.89, 37.44, 129.76, 8
2964, 2832, 9.92, 37.81, 129.76, 9
2964, 2829, 9.96, 38.25, 129.67, 10
2897, 2759, 13.00, 28.54, 127.04, 1
2896, 2757, 13.17, 30.43, 132.97, 2
2892, 2758, 13.29, 31.07, 134.74, 3
2888, 2757, 13.38, 31.34, 131.81, 4
2887, 2755, 13.53, 31.51, 131.10, 5
2886, 2753, 13.65, 31.70, 128.57, 6
2886, 2748, 13.66, 31.82, 128.75, 7
2880, 2753, 13.88, 32.04, 128.75, 8
2882, 2746, 13.90, 32.00, 129.12, 9
2879, 2747, 13.88, 32.11, 132.23, 10
2826, 2689, 16.03, 27.86, 126.59, 1
2823, 2690, 16.20, 28.48, 134.95, 2
2822, 2687, 16.21, 28.55, 131.74, 3
2823, 2686, 16.31, 28.47, 132.35, 4
2823, 2686, 16.45, 28.54, 129.06, 5
2820, 2687, 16.52, 28.41, 129.67, 6
2818, 2686, 16.67, 28.35, 130.04, 7
2820, 2681, 16.64, 28.46, 130.16, 8
2817, 2680, 16.64, 28.33, 130.46, 9
2812, 2683, 16.68, 28.32, 130.16, 10
2810, 2674, 16.81, 26.79, 126.92, 1
2807, 2675, 16.89, 27.21, 134.95, 2
2808, 2677, 16.93, 27.23, 131.59, 3
2807, 2673, 16.98, 27.17, 132.05, 4
2807, 2671, 17.09, 27.29, 129.27, 5
2802, 2669, 17.25, 27.15, 129.97, 6
2802, 2671, 17.22, 27.04, 130.34, 7
2802, 2666, 17.29, 27.21, 129.18, 8
2798, 2667, 17.34, 27.02, 129.39, 9
2802, 2664, 17.43, 27.04, 130.58, 10
2791, 2655, 17.41, 26.05, 126.43, 1
2790, 2656, 17.63, 26.28, 133.70, 2
2788, 2660, 17.80, 26.44, 131.74, 3
2789, 2653, 17.84, 26.44, 133.61, 4
2790, 2657, 17.96, 26.42, 130.04, 5
2788, 2654, 18.05, 26.20, 130.65, 6
2787, 2654, 18.11, 26.31, 129.76, 7
2783, 2655, 18.09, 26.21, 131.10, 8
2786, 2651, 18.17, 26.07, 129.97, 9
2782, 2656, 18.25, 26.11, 130.34, 10
2770, 2637, 18.30, 25.55, 127.04, 1
2770, 2641, 18.47, 26.16, 133.33, 2
2772, 2637, 18.59, 26.45, 134.37, 3
2770, 2639, 18.78, 26.50, 132.35, 4
2767, 2641, 18.75, 26.45, 131.04, 5
2765, 2644, 18.81, 26.64, 130.49, 6
2767, 2635, 18.97, 26.67, 130.58, 7
2761, 2636, 18.98, 26.65, 129.76, 8
2765, 2635, 19.01, 26.49, 129.55, 9
2762, 2631, 19.14, 26.66, 130.74, 10
2772, 2640, 18.43, 25.26, 126.50, 1
2773, 2641, 18.47, 26.53, 133.54, 2
2767, 2640, 18.61, 27.00, 130.65, 3
2770, 2635, 18.68, 27.11, 130.58, 4
2770, 2632, 18.77, 27.24, 131.04, 5
2768, 2639, 18.95, 27.52, 130.49, 6
2764, 2634, 18.94, 27.69, 129.33, 7
2764, 2638, 18.99, 27.71, 130.65, 8
2763, 2631, 19.09, 27.88, 129.67, 9
2762, 2633, 19.12, 27.76, 129.55, 10
2760, 2636, 18.78, 25.33, 127.14, 1
2758, 2630, 18.95, 26.58, 133.33, 2
2764, 2632, 19.08, 27.04, 129.97, 3
2758, 2630, 19.21, 27.43, 133.09, 4
2761, 2629, 19.25, 27.46, 131.38, 5
2762, 2629, 19.30, 27.60, 130.74, 6
2754, 2628, 19.29, 27.71, 129.76, 7
2758, 2628, 19.40, 27.64, 129.67, 8
2758, 2627, 19.37, 27.85, 129.97, 9
2758, 2625, 19.40, 27.88, 130.13, 10
2766, 2636, 18.43, 25.30, 126.74, 1
2766, 2637, 18.50, 26.26, 133.21, 2
2769, 2638, 18.63, 26.74, 130.58, 3
2766, 2639, 18.72, 26.91, 130.58, 4
2770, 2637, 18.68, 27.03, 131.16, 5
2763, 2635, 18.84, 27.20, 130.58, 6
2769, 2638, 18.84, 27.13, 130.58, 7
2765, 2637, 18.99, 27.01, 130.74, 8
2765, 2632, 18.97, 27.02, 129.91, 9
2762, 2630, 18.97, 27.02, 129.76, 10
2787, 2652, 17.84, 25.11, 126.65, 1
2780, 2654, 17.89, 26.37, 134.25, 2
2781, 2650, 17.96, 27.00, 130.13, 3
2783, 2650, 18.19, 27.12, 132.69, 4
2782, 2651, 18.12, 27.40, 131.10, 5
2781, 2648, 18.30, 27.62, 130.13, 6
2777, 2649, 18.23, 27.74, 130.25, 7
2774, 2646, 18.33, 27.78, 130.25, 8
2773, 2646, 18.39, 27.95, 130.58, 9
2774, 2646, 18.37, 28.15, 129.33, 10
2775, 2643, 18.32, 25.24, 126.83, 1
2774, 2641, 18.56, 26.28, 133.27, 2
2771, 2638, 18.60, 26.56, 129.97, 3
2773, 2642, 18.66, 26.61, 133.33, 4
2772, 2639, 18.78, 26.72, 130.25, 5
2772, 2637, 18.80, 26.79, 130.74, 6
2764, 2635, 18.88, 26.81, 130.89, 7
2769, 2636, 18.95, 26.69, 129.76, 8
2765, 2634, 18.99, 26.57, 129.76, 9
2769, 2632, 19.02, 26.41, 129.46, 10
2740, 2614, 19.94, 25.03, 126.83, 1
2742, 2616, 19.98, 24.61, 134.16, 2
2745, 2611, 20.11, 24.14, 131.68, 3
2744, 2607, 20.19, 24.12, 131.59, 4
2741, 2609, 20.28, 23.82, 130.65, 5
2742, 2612, 20.36, 23.90, 130.16, 6
2735, 2607, 20.39, 23.83, 130.43, 7
2733, 2606, 20.52, 23.75, 128.02, 8
2734, 2601, 20.52, 23.71, 130.49, 9
2733, 2606, 20.56, 23.63, 130.49, 10
2718, 2588, 20.94, 24.52, 126.59, 1
2715, 2592, 21.07, 23.82, 134.25, 2
2719, 2589, 21.23, 23.05, 130.43, 3
2720, 2585, 21.28, 22.79, 132.05, 4
2716, 2586, 21.41, 22.53, 131.23, 5
2714, 2585, 21.35, 22.29, 130.74, 6
2711, 2585, 21.45, 22.24, 131.41, 7
2709, 2583, 21.58, 21.98, 131.41, 8
2716, 2584, 21.62, 22.01, 129.12, 9
2713, 2579, 21.59, 21.53, 128.57, 10
2710, 2579, 21.41, 24.03, 126.83, 1
2709, 2579, 21.59, 23.03, 133.33, 2
2711, 2583, 21.68, 22.69, 132.05, 3
2709, 2581, 21.83, 22.38, 132.05, 4
2702, 2583, 21.88, 22.28, 131.41, 5
2705, 2577, 22.00, 21.89, 130.65, 6
2706, 2578, 21.95, 21.92, 131.26, 7
2703, 2569, 21.99, 21.89, 131.41, 8
2700, 2574, 22.09, 21.84, 129.24, 9
2702, 2572, 22.01, 21.60, 128.57, 10
2699, 2566, 22.04, 23.84, 126.31, 1
2697, 2566, 22.13, 22.81, 134.03, 2
2692, 2567, 22.25, 22.32, 131.68, 3
2692, 2568, 22.36, 22.13, 131.84, 4
2694, 2564, 22.47, 21.79, 131.04, 5
2692, 2567, 22.55, 21.78, 130.58, 6
2693, 2566, 22.58, 21.50, 130.58, 7
2688, 2560, 22.55, 21.26, 131.04, 8
2689, 2562, 22.71, 20.99, 131.16, 9
2686, 2559, 22.72, 20.80, 131.41, 10
2685, 2560, 22.54, 23.61, 126.74, 1
2680, 2555, 22.59, 22.40, 133.94, 2
2687, 2559, 22.84, 21.78, 131.68, 3
2684, 2557, 22.85, 21.50, 131.96, 4
2685, 2554, 22.89, 21.37, 130.25, 5
2683, 2553, 23.01, 21.29, 130.74, 6
2678, 2550, 23.02, 21.14, 131.41, 7
2677, 2557, 23.13, 20.91, 131.26, 8
2681, 2553, 23.05, 20.95, 129.24, 9
2675, 2550, 23.17, 20.83, 128.57, 10
2682, 2550, 22.72, 23.18, 126.86, 1
2680, 2551, 22.88, 22.19, 133.54, 2
2684, 2551, 22.95, 21.68, 133.15, 3
2677, 2551, 22.99, 21.36, 132.23, 4
2676, 2551, 23.13, 21.40, 130.43, 5
2674, 2552, 23.19, 21.14, 130.98, 6
2677, 2547, 23.20, 21.22, 131.59, 7
2678, 2547, 23.36, 21.09, 129.46, 8
2673, 2543, 23.37, 20.91, 131.96, 9
2671, 2542, 23.36, 20.83, 129.58, 10
2687, 2560, 22.38, 23.10, 127.14, 1
2687, 2557, 22.48, 22.02, 133.94, 2
2690, 2562, 22.59, 21.66, 130.04, 3
2684, 2553, 22.65, 21.49, 131.96, 4
2687, 2559, 22.78, 21.19, 131.16, 5
2687, 2559, 22.78, 21.13, 130.55, 6
2681, 2557, 22.95, 20.90, 128.14, 7
2684, 2557, 22.79, 20.77, 130.89, 8
2682, 2552, 23.01, 20.74, 131.59, 9
2680, 2555, 22.96, 20.48, 129.33, 10
2678, 2552, 22.72, 22.95, 125.70, 1
2681, 2552, 22.79, 21.64, 133.88, 2
2678, 2553, 23.02, 21.20, 130.58, 3
2676, 2553, 23.09, 20.92, 132.14, 4
2677, 2550, 23.13, 20.76, 131.44, 5
2680, 2549, 23.19, 20.40, 130.71, 6
2679, 2546, 23.30, 20.46, 131.59, 7
2673, 2547, 23.22, 20.39, 129.33, 8
2673, 2550, 23.31, 20.32, 131.74, 9
2671, 2541, 23.41, 20.04, 129.67, 10
2697, 2579, 21.73, 22.78, 127.20, 1
2698, 2576, 21.69, 22.85, 133.58, 2
2701, 2571, 21.85, 22.82, 130.04, 3
2700, 2575, 21.95, 22.84, 131.84, 4
2701, 2571, 21.96, 22.96, 131.10, 5
2697, 2569, 22.13, 23.00, 130.55, 6
2699, 2572, 22.14, 22.81, 128.36, 7
2694, 2569, 22.16, 22.87, 130.65, 8
2698, 2567, 22.18, 22.80, 128.36, 9
2698, 2564, 22.25, 22.88, 130.74, 10
2729, 2594, 20.53, 22.89, 127.84, 1
2721, 2597, 20.60, 23.49, 133.15, 2
2730, 2597, 20.69, 23.89, 130.16, 3
2727, 2599, 20.83, 23.99, 131.04, 4
2724, 2590, 20.89, 23.91, 130.25, 5
2723, 2595, 20.94, 24.03, 131.41, 6
2720, 2593, 20.89, 23.98, 130.34, 7
2721, 2586, 20.93, 24.07, 127.84, 8
2719, 2593, 21.00, 24.15, 130.43, 9
2720, 2592, 21.07, 24.27, 127.87, 10
2757, 2623, 18.88, 23.16, 126.16, 1
2761, 2627, 19.05, 24.43, 134.16, 2
2758, 2627, 19.02, 25.17, 133.54, 3
2756, 2626, 19.26, 25.44, 132.42, 4
2760, 2624, 19.39, 25.72, 131.16, 5
2756, 2625, 19.43, 25.98, 130.46, 6
2756, 2630, 19.39, 25.98, 129.18, 7
2759, 2623, 19.42, 26.12, 129.18, 8
2754, 2620, 19.48, 26.25, 129.76, 9
2755, 2621, 19.48, 26.50, 130.13, 10
2789, 2660, 17.41, 23.61, 127.62, 1
2789, 2656, 17.48, 25.70, 134.37, 2
2788, 2653, 17.67, 26.92, 134.55, 3
2793, 2655, 17.74, 27.40, 132.48, 4
2790, 2658, 17.81, 27.89, 131.50, 5
2793, 2655, 17.89, 28.28, 130.65, 6
2791, 2655, 17.89, 28.41, 131.10, 7
2787, 2655, 17.96, 28.77, 129.73, 8
2784, 2656, 17.94, 28.77, 130.13, 9
2785, 2650, 17.94, 29.09, 130.13, 10
2821, 2686, 16.07, 24.28, 127.20, 1
2819, 2685, 16.19, 26.86, 134.95, 2
2818, 2684, 16.34, 28.38, 131.23, 3
2813, 2686, 16.41, 29.25, 132.23, 4
2814, 2684, 16.52, 29.67, 130.83, 5
2818, 2687, 16.52, 30.11, 129.49, 6
2816, 2683, 16.50, 30.60, 130.04, 7
2818, 2685, 16.58, 30.85, 130.16, 8
2810, 2684, 16.67, 31.22, 130.04, 9
2810, 2678, 16.68, 31.33, 130.16, 10
2851, 2710, 14.87, 24.91, 127.87, 1
2847, 2713, 15.01, 27.86, 134.00, 2
2844, 2706, 15.11, 29.74, 134.25, 3
2846, 2710, 15.18, 30.70, 131.84, 4
2847, 2711, 15.27, 31.09, 129.97, 5
2845, 2710, 15.31, 31.55, 130.58, 6
2847, 2712, 15.41, 31.99, 131.10, 7
2844, 2708, 15.52, 32.43, 129.82, 8
2842, 2707, 15.33, 32.79, 129.97, 9
2839, 2706, 15.44, 33.12, 129.97, 10
2870, 2739, 13.50, 25.60, 127.93, 1
2874, 2734, 13.60, 29.18, 134.25, 2
2875, 2738, 13.65, 31.49, 134.61, 3
2872, 2739, 13.83, 32.50, 131.62, 4
2871, 2735, 13.91, 33.34, 131.23, 5
2873, 2736, 13.96, 33.93, 129.55, 6
2868, 2733, 13.96, 34.41, 129.15, 7
2877, 2736, 14.13, 34.87, 129.91, 8
2870, 2734, 14.01, 35.38, 129.76, 9
2872, 2736, 14.05, 35.77, 129.24, 10
2909, 2769, 12.24, 26.63, 127.20, 1
2901, 2769, 12.26, 30.53, 134.95, 2
2904, 2767, 12.43, 33.54, 131.10, 3
2906, 2767, 12.54, 34.76, 131.10, 4
2901, 2765, 12.54, 35.83, 131.38, 5
2904, 2766, 12.54, 36.46, 130.65, 6
2901, 2765, 12.70, 37.08, 131.23, 7
2902, 2764, 12.73, 37.72, 131.38, 8
2897, 2762, 12.74, 38.32, 131.56, 9
2898, 2765, 12.79, 38.83, 131.53, 10
2926, 2788, 11.29, 27.82, 127.87, 1
2932, 2792, 11.39, 31.66, 134.46, 2
2924, 2790, 11.47, 34.54, 134.95, 3
2921, 2784, 11.58, 36.03, 131.84, 4
2924, 2786, 11.64, 36.77, 130.89, 5
2923, 2786, 11.80, 37.71, 130.25, 6
2923, 2788, 11.84, 38.26, 130.58, 7
2920, 2785, 11.81, 38.83, 131.23, 8
2917, 2784, 11.96, 39.44, 131.38, 9
2917, 2785, 11.91, 39.92, 131.44, 10
2937, 2800, 10.86, 28.65, 127.20, 1
2935, 2800, 10.92, 32.76, 134.55, 2
2935, 2794, 11.11, 35.50, 134.00, 3
2931, 2801, 11.18, 36.96, 130.71, 4
2930, 2796, 11.23, 38.04, 130.71, 5
2933, 2796, 11.31, 38.80, 131.23, 6
2927, 2793, 11.46, 39.48, 130.25, 7
2927, 2788, 11.46, 40.19, 130.25, 8
2925, 2792, 11.49, 40.72, 127.84, 9
2926, 2788, 11.47, 41.32, 130.34, 10
2942, 2803, 10.70, 29.47, 126.95, 1
2941, 2804, 10.75, 33.14, 134.06, 2
2937, 2803, 10.91, 36.07, 133.76, 3
2938, 2803, 11.01, 37.20, 130.71, 4
2937, 2802, 10.98, 38.18, 131.44, 5
2935, 2799, 11.05, 39.00, 129.64, 6
2931, 2803, 11.13, 39.75, 129.73, 7
2936, 2797, 11.19, 40.26, 130.04, 8
2932, 2798, 11.27, 40.85, 130.04, 9
2931, 2798, 11.31, 41.13, 130.46, 10
2946, 2807, 10.51, 30.18, 128.60, 1
2940, 2803, 10.60, 33.57, 134.37, 2
2942, 2806, 10.79, 36.21, 134.00, 3
2941, 2808, 10.86, 37.37, 130.98, 4
2940, 2803, 10.96, 38.34, 130.46, 5
2938, 2806, 11.06, 38.99, 130.89, 6
2934, 2799, 11.11, 39.53, 129.91, 7
2935, 2799, 11.06, 40.05, 130.25, 8
2934, 2797, 11.13, 40.52, 130.25, 9
2937, 2797, 11.16, 40.94, 130.34, 10
2942, 2806, 10.48, 30.48, 128.42, 1
2943, 2807, 10.57, 34.00, 134.03, 2
2939, 2809, 10.70, 36.65, 133.70, 3
2939, 2806, 10.74, 37.99, 130.89, 4
2945, 2809, 10.82, 38.69, 130.34, 5
2941, 2806, 10.95, 39.49, 130.98, 6
2938, 2804, 10.85, 40.05, 129.97, 7
2935, 2801, 11.05, 40.74, 130.13, 8
2937, 2802, 11.09, 41.14, 130.34, 9
2937, 2803, 11.16, 41.50, 130.25, 10
2945, 2807, 10.32, 30.87, 128.42, 1
2947, 2808, 10.54, 34.61, 134.37, 2
2947, 2806, 10.50, 37.23, 134.00, 3
2942, 2810, 10.70, 38.54, 131.50, 4
2945, 2810, 10.72, 39.50, 130.55, 5
2944, 2806, 10.71, 40.24, 129.76, 6
2942, 2809, 10.88, 40.95, 129.82, 7
2941, 2802, 10.98, 41.52, 129.82, 8
2941, 2809, 10.99, 42.01, 130.25, 9
2941, 2802, 11.01, 42.45, 130.34, 10
2954, 2817, 10.10, 31.51, 128.17, 1
2948, 2810, 10.26, 35.05, 134.61, 2
2948, 2813, 10.37, 37.71, 133.70, 3
2947, 2813, 10.55, 39.04, 130.83, 4
2945, 2811, 10.61, 39.90, 130.46, 5
2945, 2814, 10.70, 40.65, 130.98, 6
2949, 2809, 10.70, 41.27, 129.82, 7
2943, 2807, 10.74, 41.97, 130.25, 8
2946, 2807, 10.75, 42.36, 130.34, 9
2945, 2806, 10.81, 42.87, 130.34, 10
2955, 2820, 10.06, 32.02, 127.84, 1
2955, 2820, 10.19, 35.30, 133.82, 2
2953, 2822, 10.29, 37.79, 134.80, 3
2953, 2811, 10.44, 38.96, 131.04, 4
2950, 2815, 10.41, 39.80, 131.41, 5
2947, 2817, 10.50, 40.62, 129.39, 6
2947, 2813, 10.50, 41.13, 129.73, 7
2947, 2812, 10.65, 41.75, 129.55, 8
2946, 2811, 10.71, 42.06, 130.04, 9
2944, 2813, 10.74, 42.57, 130.16, 10
2956, 2815, 9.89, 32.22, 127.41, 1
2954, 2821, 10.02, 35.68, 134.03, 2
2954, 2820, 10.10, 38.29, 134.55, 3
2955, 2821, 10.26, 39.80, 130.43, 4
2953, 2818, 10.27, 40.65, 131.16, 5
2949, 2815, 10.27, 41.42, 130.43, 6
2950, 2822, 10.43, 42.06, 129.33, 7
2949, 2818, 10.43, 42.75, 129.49, 8
2950, 2815, 10.44, 43.12, 131.10, 9
2952, 2813, 10.47, 43.59, 129.91, 10
2962, 2825, 9.68, 32.81, 127.32, 1
2957, 2821, 9.82, 36.20, 134.95, 2
2956, 2826, 9.93, 39.06, 134.64, 3
2954, 2822, 10.09, 40.29, 130.58, 4
2957, 2825, 10.16, 41.33, 131.16, 5
2952, 2825, 10.17, 42.24, 130.16, 6
2952, 2818, 10.26, 42.78, 130.58, 7
2954, 2814, 10.26, 43.38, 131.04, 8
2953, 2818, 10.32, 43.92, 129.73, 9
2948, 2814, 10.41, 44.30, 129.82, 10
2963, 2825, 9.86, 33.26, 127.35, 1
2953, 2821, 9.98, 36.76, 134.16, 2
2952, 2819, 10.19, 39.90, 134.95, 3
2949, 2820, 10.24, 41.29, 130.58, 4
2953, 2822, 10.27, 42.26, 131.16, 5
2951, 2815, 10.26, 43.01, 130.58, 6
2952, 2817, 10.36, 43.77, 130.89, 7
2950, 2816, 10.45, 44.35, 129.73, 8
2947, 2816, 10.48, 44.89, 129.82, 9
2949, 2818, 10.63, 45.15, 129.97, 10
2950, 2813, 10.19, 33.74, 127.59, 1
2945, 2812, 10.26, 37.37, 134.46, 2
2948, 2813, 10.43, 40.31, 133.88, 3
2945, 2812, 10.57, 41.67, 130.89, 4
2946, 2810, 10.54, 42.64, 131.90, 5
2946, 2805, 10.76, 43.33, 129.58, 6
2945, 2813, 10.64, 44.19, 130.04, 7
2940, 2812, 10.71, 44.73, 130.46, 8
2943, 2809, 10.78, 45.23, 127.93, 9
2937, 2810, 10.90, 45.62, 130.46, 10
2945, 2805, 10.45, 34.23, 127.59, 1
2941, 2810, 10.51, 37.66, 134.86, 2
2942, 2813, 10.68, 40.69, 134.06, 3
2945, 2810, 10.72, 42.01, 129.91, 4
2942, 2807, 10.92, 43.00, 130.58, 5
2939, 2805, 10.92, 43.80, 131.23, 6
2939, 2804, 10.98, 44.43, 130.34, 7
2940, 2806, 10.91, 44.93, 130.55, 8
2938, 2813, 11.05, 45.38, 131.10, 9
2939, 2803, 11.13, 45.89, 130.98, 10
2940, 2809, 10.64, 34.48, 127.35, 1
2941, 2807, 10.65, 38.07, 134.28, 2
2937, 2802, 10.82, 40.97, 132.35, 3
2936, 2803, 11.03, 42.31, 130.55, 4
2933, 2805, 10.99, 43.13, 130.89, 5
2933, 2803, 11.11, 44.06, 130.13, 6
2935, 2801, 11.15, 44.49, 130.46, 7
2932, 2795, 11.22, 45.18, 127.93, 8
2934, 2799, 11.22, 45.60, 130.55, 9
2933, 2796, 11.31, 46.00, 128.02, 10
2934, 2796, 10.85, 34.67, 127.20, 1
2933, 2800, 10.96, 38.41, 134.64, 2
2929, 2797, 11.16, 41.05, 132.51, 3
2931, 2793, 11.20, 42.53, 130.55, 4
2928, 2799, 11.29, 43.34, 130.89, 5
2929, 2795, 11.37, 44.00, 130.58, 6
2926, 2794, 11.39, 44.64, 128.17, 7
2923, 2796, 11.41, 45.04, 130.65, 8
2926, 2791, 11.44, 45.70, 128.17, 9
2920, 2792, 11.54, 46.07, 130.71, 10
2931, 2797, 11.02, 35.11, 127.41, 1
2930, 2797, 11.19, 38.48, 134.06, 2
2924, 2794, 11.23, 41.21, 133.33, 3
2925, 2789, 11.39, 42.49, 131.16, 4
2928, 2799, 11.46, 43.29, 131.44, 5
2924, 2790, 11.46, 43.95, 130.46, 6
2925, 2791, 11.58, 44.59, 128.17, 7
2922, 2791, 11.64, 45.12, 130.65, 8
2923, 2788, 11.67, 45.51, 131.41, 9
2921, 2784, 11.63, 45.85, 131.62, 10
2929, 2792, 11.22, 35.15, 127.53, 1
2924, 2791, 11.29, 38.55, 134.25, 2
2925, 2792, 11.40, 41.22, 133.58, 3
2922, 2788, 11.47, 42.39, 131.10, 4
2925, 2785, 11.66, 43.16, 130.49, 5
2923, 2790, 11.74, 43.94, 130.74, 6
2923, 2791, 11.77, 44.44, 131.44, 7
2918, 2788, 11.77, 44.99, 131.56, 8
2919, 2783, 11.85, 45.32, 129.15, 9
2916, 2788, 11.88, 45.86, 128.66, 10
2930, 2792, 11.34, 35.37, 127.35, 1
2921, 2792, 11.34, 38.88, 133.03, 2
2923, 2793, 11.50, 41.29, 131.59, 3
2921, 2788, 11.49, 42.46, 131.44, 4
2921, 2787, 11.68, 43.32, 130.58, 5
2923, 2785, 11.77, 44.06, 128.42, 6
2921, 2787, 11.87, 44.53, 131.16, 7
2919, 2783, 11.85, 45.07, 129.15, 8
2915, 2786, 11.94, 45.47, 128.94, 9
2916, 2786, 11.94, 45.98, 129.06, 10
2922, 2787, 11.30, 35.54, 127.56, 1
2922, 2786, 11.34, 38.90, 134.16, 2
2923, 2790, 11.47, 41.61, 131.26, 3
2922, 2784, 11.67, 42.66, 131.23, 4
2920, 2788, 11.66, 43.50, 130.25, 5
2919, 2783, 11.78, 44.33, 130.98, 6
2918, 2786, 11.81, 44.75, 129.33, 7
2914, 2783, 11.94, 45.23, 128.85, 8
2913, 2787, 11.89, 45.82, 129.06, 9
2919, 2782, 11.94, 46.16, 132.14, 10
2921, 2788, 11.41, 35.79, 125.89, 1
2921, 2783, 11.53, 39.20, 134.46, 2
2920, 2784, 11.60, 41.74, 131.44, 3
2919, 2787, 11.76, 42.65, 131.90, 4
2920, 2784, 11.82, 43.51, 131.04, 5
2914, 2779, 11.98, 44.10, 128.75, 6
2916, 2786, 11.96, 44.64, 128.75, 7
2917, 2784, 12.08, 45.20, 132.08, 8
2914, 2778, 11.99, 45.49, 129.58, 9
2912, 2774, 12.12, 45.83, 129.67, 10
2921, 2787, 11.68, 35.93, 127.62, 1
2915, 2781, 11.70, 39.08, 134.70, 2
2918, 2783, 11.78, 41.48, 131.74, 3
2917, 2783, 11.95, 42.60, 131.90, 4
2917, 2777, 12.04, 43.36, 130.65, 5
2915, 2777, 12.05, 43.95, 129.18, 6
2914, 2781, 12.09, 44.43, 131.90, 7
2912, 2778, 12.14, 44.88, 129.49, 8
2910, 2780, 12.24, 45.28, 131.90, 9
2903, 2779, 12.33, 45.71, 129.73, 10
2912, 2774, 11.96, 35.92, 127.35, 1
2913, 2776, 12.06, 39.15, 134.70, 2
2913, 2776, 12.28, 41.53, 131.90, 3
2908, 2774, 12.32, 42.64, 131.99, 4
2906, 2772, 12.37, 43.33, 131.23, 5
2906, 2769, 12.42, 43.94, 129.64, 6
2906, 2770, 12.40, 44.43, 129.12, 7
2904, 2774, 12.52, 44.80, 129.73, 8
2904, 2768, 12.60, 45.21, 129.82, 9
2902, 2772, 12.66, 45.53, 132.23, 10
2896, 2766, 12.50, 36.08, 127.14, 1
2902, 2769, 12.53, 39.24, 134.95, 2
2898, 2764, 12.59, 41.40, 131.90, 3
2900, 2764, 12.74, 42.38, 131.99, 4
2900, 2764, 12.81, 43.12, 131.10, 5
2899, 2759, 12.88, 43.54, 131.99, 6
2896, 2766, 12.94, 44.12, 129.58, 7
2893, 2758, 13.02, 44.45, 129.67, 8
2894, 2757, 13.01, 44.88, 129.82, 9
2890, 2759, 13.09, 45.16, 132.14, 10
2892, 2762, 12.86, 35.96, 127.14, 1
2884, 2757, 12.90, 39.34, 133.94, 2
2888, 2757, 13.01, 41.44, 131.41, 3
2890, 2762, 13.14, 42.29, 130.83, 4
2887, 2757, 13.22, 42.93, 131.23, 5
2892, 2749, 13.26, 43.38, 129.82, 6
2887, 2751, 13.29, 43.76, 129.73, 7
2889, 2752, 13.45, 44.13, 129.82, 8
2886, 2752, 13.43, 44.28, 129.97, 9
2888, 2750, 13.46, 44.64, 130.04, 10
2873, 2736, 13.66, 36.06, 127.20, 1
2874, 2739, 13.70, 38.92, 134.70, 2
2869, 2741, 13.91, 40.56, 131.62, 3
2875, 2737, 14.00, 41.42, 132.69, 4
2871, 2739, 14.13, 41.98, 129.55, 5
2872, 2734, 14.07, 42.44, 130.34, 6
2872, 2736, 14.17, 42.84, 130.46, 7
2869, 2732, 14.28, 43.10, 130.65, 8
2863, 2736, 14.34, 43.40, 129.91, 9
2865, 2737, 14.32, 43.55, 129.73, 10
2856, 2720, 14.65, 35.88, 125.79, 1
2853, 2717, 14.78, 38.34, 133.09, 2
2853, 2720, 14.86, 39.77, 131.99, 3
2849, 2721, 15.06, 40.42, 132.84, 4
2848, 2715, 15.04, 40.76, 131.04, 5
2849, 2716, 15.23, 41.31, 129.76, 6
2847, 2716, 15.11, 41.62, 130.13, 7
2849, 2714, 15.30, 41.84, 130.55, 8
2847, 2715, 15.24, 41.90, 129.27, 9
2843, 2712, 15.37, 42.22, 129.15, 10
2830, 2699, 15.54, 35.35, 125.49, 1
2828, 2696, 15.72, 37.84, 134.86, 2
2832, 2701, 15.81, 38.98, 132.51, 3
2834, 2698, 15.89, 39.59, 132.08, 4
2832, 2701, 16.04, 39.78, 130.16, 5
2828, 2698, 15.93, 40.03, 129.46, 6
2829, 2692, 16.10, 40.48, 129.58, 7
2828, 2693, 16.16, 40.52, 129.67, 8
2822, 2693, 16.27, 40.62, 129.91, 9
2824, 2688, 16.27, 40.92, 131.16, 10
2811, 2682, 16.57, 35.02, 125.55, 1
2811, 2676, 16.71, 37.07, 134.49, 2
2805, 2677, 16.78, 37.85, 132.87, 3
2808, 2677, 16.90, 38.26, 131.74, 4
2809, 2678, 17.01, 38.52, 130.83, 5
2803, 2679, 17.03, 38.67, 131.44, 6
2804, 2673, 17.23, 39.05, 129.97, 7
2804, 2673, 17.15, 39.21, 130.13, 8
2800, 2670, 17.29, 39.16, 130.25, 9
2802, 2676, 17.38, 39.30, 130.43, 10
2798, 2667, 16.86, 34.63, 125.76, 1
2800, 2673, 16.99, 36.63, 133.24, 2
2801, 2673, 17.10, 37.57, 133.24, 3
2803, 2677, 17.23, 38.03, 132.57, 4
2803, 2671, 17.34, 38.18, 130.98, 5
2800, 2666, 17.36, 38.48, 130.25, 6
2796, 2664, 17.38, 38.70, 130.34, 7
2793, 2665, 17.40, 38.73, 130.25, 8
2796, 2664, 17.54, 38.97, 129.18, 9
2793, 2668, 17.47, 39.18, 130.55, 10
2796, 2664, 17.19, 34.43, 125.49, 1
2790, 2664, 17.38, 36.53, 133.51, 2
2792, 2661, 17.50, 37.70, 132.35, 3
2792, 2664, 17.67, 38.06, 132.69, 4
2794, 2663, 17.74, 38.48, 130.71, 5
2793, 2657, 17.75, 38.62, 129.82, 6
2785, 2654, 17.81, 38.93, 130.25, 7
2787, 2658, 17.92, 38.96, 130.34, 8
2788, 2657, 17.99, 39.20, 130.04, 9
2782, 2657, 18.02, 39.37, 130.46, 10
2768, 2639, 18.50, 34.14, 125.61, 1
2772, 2640, 18.56, 36.26, 134.80, 2
2766, 2638, 18.86, 37.21, 134.16, 3
2766, 2636, 18.75, 37.64, 132.42, 4
2767, 2638, 19.01, 37.82, 130.58, 5
2765, 2636, 19.14, 38.12, 130.25, 6
2762, 2634, 19.09, 38.28, 130.34, 7
2762, 2637, 19.19, 38.64, 130.34, 8
2761, 2632, 19.30, 38.56, 129.33, 9
2761, 2634, 19.39, 38.72, 130.34, 10
2739, 2608, 19.81, 34.02, 125.61, 1
2741, 2609, 19.91, 36.00, 134.03, 2
2741, 2613, 20.10, 36.86, 133.82, 3
2741, 2612, 20.11, 37.13, 132.69, 4
2740, 2608, 20.29, 37.44, 130.83, 5
2735, 2608, 20.31, 37.50, 129.97, 6
2736, 2610, 20.31, 37.65, 130.25, 7
2732, 2611, 20.28, 37.92, 130.16, 8
2729, 2603, 20.48, 38.01, 130.16, 9
2732, 2603, 20.43, 37.93, 129.46, 10
2734, 2606, 20.14, 33.85, 125.55, 1
2735, 2609, 20.25, 36.05, 133.58, 2
2733, 2602, 20.36, 36.81, 134.49, 3
2736, 2604, 20.46, 37.24, 132.42, 4
2734, 2602, 20.60, 37.45, 130.58, 5
2730, 2601, 20.65, 37.66, 130.34, 6
2727, 2600, 20.72, 37.92, 130.34, 7
2723, 2599, 20.80, 38.30, 130.34, 8
2727, 2596, 20.73, 38.20, 130.49, 9
2727, 2598, 20.82, 38.25, 129.33, 10
2734, 2604, 20.22, 33.65, 125.89, 1
2732, 2605, 20.24, 35.95, 134.80, 2
2732, 2603, 20.46, 37.04, 133.03, 3
2730, 2604, 20.52, 37.27, 132.57, 4
2731, 2603, 20.70, 37.58, 129.46, 5
2730, 2607, 20.66, 37.86, 130.13, 6
2727, 2598, 20.76, 38.08, 130.16, 7
2728, 2596, 20.80, 38.22, 130.34, 8
2726, 2597, 20.80, 38.16, 130.49, 9
2726, 2594, 20.86, 38.41, 129.55, 10
2737, 2608, 20.04, 33.58, 125.95, 1
2740, 2612, 20.17, 36.04, 133.21, 2
2734, 2605, 20.24, 37.06, 133.58, 3
2737, 2606, 20.35, 37.53, 132.78, 4
2734, 2605, 20.43, 37.71, 130.89, 5
2735, 2605, 20.49, 38.07, 130.25, 6
2730, 2604, 20.59, 38.40, 130.25, 7
2732, 2601, 20.59, 38.62, 130.34, 8
2732, 2603, 20.55, 38.74, 130.49, 9
2731, 2599, 20.72, 38.89, 130.34, 10
2746, 2613, 19.69, 33.68, 126.16, 1
2742, 2613, 19.78, 36.26, 133.70, 2
2746, 2616, 19.94, 37.43, 131.99, 3
2740, 2612, 19.95, 38.00, 132.87, 4
2740, 2612, 20.04, 38.30, 129.91, 5
2743, 2613, 20.15, 38.72, 130.49, 6
2741, 2613, 20.18, 38.99, 130.49, 7
2741, 2612, 20.22, 39.25, 130.65, 8
2736, 2602, 20.31, 39.49, 129.76, 9
2739, 2609, 20.29, 39.49, 129.58, 10
2755, 2628, 19.35, 33.81, 126.04, 1
2751, 2624, 19.22, 36.65, 134.28, 2
2751, 2625, 19.43, 38.09, 131.81, 3
2754, 2627, 19.49, 38.69, 132.78, 4
2750, 2626, 19.67, 39.27, 130.34, 5
2751, 2624, 19.73, 39.59, 130.25, 6
2749, 2621, 19.69, 39.85, 130.25, 7
2745, 2621, 19.77, 40.21, 129.33, 8
2749, 2616, 19.78, 40.31, 130.34, 9
2748, 2616, 19.84, 40.49, 130.58, 10
2739, 2611, 19.94, 34.04, 125.89, 1
2737, 2612, 19.98, 36.55, 134.95, 2
2736, 2608, 20.15, 37.63, 132.11, 3
2738, 2608, 20.22, 38.08, 132.57, 4
2735, 2605, 20.33, 38.55, 130.49, 5
2738, 2605, 20.43, 38.85, 129.97, 6
2736, 2607, 20.48, 39.03, 130.16, 7
2732, 2610, 20.52, 39.13, 130.13, 8
2732, 2604, 20.53, 39.39, 130.25, 9
2731, 2602, 20.58, 39.53, 130.25, 10
2736, 2610, 20.02, 34.09, 125.79, 1
2738, 2607, 20.08, 36.98, 134.74, 2
2734, 2608, 20.25, 38.49, 133.12, 3
2730, 2607, 20.32, 39.11, 132.35, 4
2731, 2604, 20.29, 39.76, 130.43, 5
2736, 2604, 20.42, 40.08, 129.91, 6
2733, 2607, 20.40, 40.35, 129.97, 7
2734, 2599, 20.49, 40.45, 129.97, 8
2733, 2604, 20.55, 40.77, 130.13, 9
2727, 2600, 20.62, 40.94, 130.13, 10
2755, 2627, 19.12, 34.37, 125.70, 1
2753, 2621, 19.23, 38.22, 134.00, 2
2751, 2623, 19.43, 40.13, 132.63, 3
2750, 2625, 19.46, 41.12, 132.23, 4
2750, 2622, 19.57, 41.56, 130.43, 5
2750, 2619, 19.67, 41.97, 129.76, 6
2749, 2621, 19.59, 42.48, 130.16, 7
2748, 2617, 19.64, 42.87, 130.34, 8
2752, 2619, 19.78, 43.16, 130.25, 9
2743, 2617, 19.69, 43.48, 129.24, 10
2767, 2636, 18.56, 34.78, 125.06, 1
2767, 2634, 18.59, 39.10, 134.00, 2
2768, 2634, 18.71, 41.32, 132.51, 3
2759, 2638, 18.84, 42.44, 132.51, 4
2762, 2634, 18.88, 43.05, 130.34, 5
2764, 2632, 18.95, 43.55, 130.74, 6
2761, 2632, 18.98, 44.08, 129.97, 7
2757, 2635, 19.06, 44.54, 130.13, 8
2758, 2632, 19.11, 44.99, 130.13, 9
2759, 2629, 19.14, 45.18, 130.13, 10
2783, 2653, 17.74, 35.52, 126.04, 1
2783, 2652, 17.82, 40.20, 134.03, 2
2781, 2648, 17.98, 42.85, 132.08, 3
2781, 2654, 18.06, 44.03, 132.14, 4
2778, 2651, 18.16, 45.03, 129.18, 5
2779, 2652, 18.15, 45.70, 129.97, 6
2778, 2651, 18.35, 46.40, 130.25, 7
2774, 2650, 18.20, 47.01, 130.34, 8
2773, 2648, 18.33, 47.38, 130.13, 9
2774, 2648, 18.35, 47.70, 130.13, 10
2797, 2661, 17.20, 36.29, 125.40, 1
2788, 2662, 17.25, 41.56, 134.95, 2
2789, 2662, 17.53, 44.82, 131.74, 3
2795, 2661, 17.53, 46.16, 131.74, 4
2783, 2668, 17.61, 47.05, 129.64, 5
2789, 2659, 17.68, 47.89, 130.34, 6
2785, 2660, 17.67, 48.37, 130.55, 7
2785, 2660, 17.80, 48.89, 129.91, 8
2784, 2656, 17.70, 49.43, 129.49, 9
2786, 2656, 17.80, 49.76, 129.64, 10
2802, 2674, 16.61, 37.40, 125.55, 1
2804, 2675, 16.71, 42.41, 134.25, 2
2804, 2671, 16.88, 45.52, 133.33, 3
2802, 2679, 16.90, 46.81, 132.05, 4
2800, 2674, 17.02, 47.85, 129.97, 5
2801, 2674, 17.13, 48.90, 130.43, 6
2799, 2675, 17.19, 49.45, 130.58, 7
2800, 2665, 17.19, 50.13, 129.64, 8
2801, 2666, 17.15, 50.67, 129.58, 9
2800, 2668, 17.34, 51.14, 129.58, 10
2822, 2687, 16.06, 38.26, 126.92, 1
2812, 2691, 16.17, 43.34, 133.58, 2
2820, 2690, 16.23, 46.50, 132.57, 3
2817, 2685, 16.25, 48.06, 131.81, 4
2816, 2686, 16.41, 49.18, 129.67, 5
2816, 2689, 16.48, 50.18, 129.97, 6
2813, 2682, 16.50, 51.03, 129.27, 7
2811, 2684, 16.61, 51.58, 130.43, 8
2809, 2683, 16.52, 52.10, 130.71, 9
2811, 2683, 16.69, 52.61, 129.73, 10
2832, 2700, 15.52, 38.98, 126.56, 1
2826, 2696, 15.70, 44.33, 133.88, 2
2825, 2696, 15.79, 47.48, 132.63, 3
2821, 2698, 15.92, 49.13, 131.53, 4
2824, 2698, 15.97, 50.30, 131.68, 5
2823, 2697, 16.07, 51.38, 130.16, 6
2823, 2694, 16.12, 52.16, 130.16, 7
2818, 2691, 16.12, 52.82, 130.58, 8
2822, 2692, 16.16, 53.32, 129.15, 9
2810, 2698, 16.23, 53.93, 130.55, 10
2840, 2702, 15.27, 39.84, 126.56, 1
2833, 2706, 15.33, 45.07, 134.46, 2
2827, 2706, 15.34, 48.66, 133.33, 3
2830, 2704, 15.59, 50.39, 132.63, 4
2830, 2703, 15.64, 51.59, 129.67, 5
2825, 2704, 15.70, 52.61, 129.76, 6
2826, 2699, 15.81, 53.28, 130.34, 7
2824, 2698, 15.76, 53.97, 130.58, 8
2828, 2695, 15.81, 54.58, 129.24, 9
2821, 2698, 15.88, 55.18, 130.43, 10
2843, 2712, 14.93, 40.90, 126.65, 1
2834, 2710, 15.04, 46.03, 132.97, 2
2836, 2709, 15.27, 49.55, 132.87, 3
2837, 2709, 15.34, 51.23, 131.68, 4
2837, 2704, 15.34, 52.46, 129.73, 5
2833, 2710, 15.38, 53.39, 130.16, 6
2830, 2707, 15.52, 54.24, 130.43, 7
2829, 2706, 15.44, 55.03, 129.27, 8
2826, 2707, 15.55, 55.62, 130.43, 9
2833, 2702, 15.55, 56.09, 130.55, 10
2849, 2714, 14.66, 41.73, 126.65, 1
2843, 2715, 14.84, 46.70, 134.74, 2
2843, 2713, 14.94, 50.41, 133.42, 3
2839, 2710, 15.07, 52.18, 131.56, 4
2836, 2713, 15.04, 53.31, 129.24, 5
2838, 2717, 15.21, 54.27, 129.55, 6
2833, 2711, 15.17, 55.23, 130.43, 7
2832, 2713, 15.31, 55.98, 130.58, 8
2831, 2715, 15.31, 56.50, 130.58, 9
2831, 2709, 15.38, 57.06, 130.58, 10
2852, 2717, 14.43, 42.67, 126.31, 1
2842, 2722, 14.56, 47.19, 134.95, 2
2841, 2723, 14.79, 50.98, 131.23, 3
2844, 2717, 14.78, 52.45, 132.32, 4
2844, 2717, 14.82, 53.60, 129.55, 5
2839, 2714, 14.90, 54.65, 129.67, 6
2838, 2715, 14.99, 55.33, 130.25, 7
2836, 2717, 14.99, 56.02, 130.25, 8
2837, 2711, 15.17, 56.70, 129.33, 9
2838, 2710, 15.17, 57.26, 130.58, 10
2859, 2721, 14.28, 43.11, 126.16, 1
2847, 2722, 14.28, 47.70, 134.86, 2
2851, 2720, 14.56, 51.42, 132.23, 3
2846, 2723, 14.62, 52.83, 132.23, 4
2847, 2725, 14.63, 53.96, 130.89, 5
2846, 2724, 14.72, 54.88, 129.82, 6
2847, 2719, 14.73, 55.81, 129.46, 7
2842, 2721, 14.76, 56.45, 129.91, 8
2842, 2723, 14.90, 57.11, 129.91, 9
2844, 2715, 14.86, 57.61, 130.34, 10
2862, 2726, 14.17, 43.71, 125.79, 1
2853, 2733, 14.13, 48.24, 134.03, 2
2852, 2733, 14.25, 51.72, 131.56, 3
2853, 2725, 14.36, 53.21, 131.81, 4
2849, 2727, 14.48, 54.39, 130.89, 5
2845, 2723, 14.56, 55.49, 129.15, 6
2846, 2725, 14.56, 56.30, 129.12, 7
2846, 2726, 14.65, 56.99, 129.46, 8
2847, 2720, 14.65, 57.55, 129.64, 9
2843, 2721, 14.76, 58.19, 129.33, 10
2864, 2731, 14.01, 44.18, 126.22, 1
2858, 2734, 14.08, 48.60, 133.88, 2
2852, 2733, 14.20, 52.06, 133.88, 3
2851, 2728, 14.34, 53.68, 132.51, 4
2851, 2726, 14.41, 54.73, 131.56, 5
2851, 2728, 14.51, 55.76, 128.94, 6
2848, 2726, 14.58, 56.72, 129.00, 7
2847, 2725, 14.66, 57.28, 129.00, 8
2845, 2726, 14.62, 57.84, 129.15, 9
2844, 2724, 14.65, 58.36, 129.24, 10
2866, 2730, 13.96, 44.56, 126.10, 1
2856, 2732, 14.08, 49.20, 133.03, 2
2852, 2733, 14.11, 52.46, 132.78, 3
2853, 2731, 14.27, 54.20, 131.44, 4
2852, 2732, 14.31, 55.25, 131.56, 5
2852, 2729, 14.41, 56.24, 128.94, 6
2849, 2730, 14.45, 57.07, 129.00, 7
2846, 2726, 14.48, 57.87, 129.15, 8
2849, 2731, 14.56, 58.41, 129.00, 9
2845, 2724, 14.62, 59.03, 129.15, 10
2864, 2728, 13.93, 45.21, 125.92, 1
2856, 2730, 13.96, 49.68, 134.37, 2
2855, 2727, 14.22, 52.93, 133.09, 3
2853, 2734, 14.31, 54.58, 131.56, 4
2853, 2728, 14.31, 55.79, 131.44, 5
2847, 2730, 14.36, 56.82, 130.89, 6
2852, 2727, 14.43, 57.54, 129.24, 7
2849, 2731, 14.53, 58.31, 128.75, 8
2845, 2728, 14.51, 58.95, 129.00, 9
2846, 2726, 14.58, 59.42, 129.12, 10
2866, 2734, 13.76, 45.68, 125.76, 1
2862, 2737, 13.94, 50.05, 134.37, 2
2855, 2729, 14.05, 53.22, 133.03, 3
2853, 2737, 14.18, 54.73, 131.44, 4
2856, 2727, 14.29, 56.00, 131.23, 5
2854, 2729, 14.34, 56.87, 130.55, 6
2850, 2731, 14.32, 57.69, 131.23, 7
2847, 2732, 14.35, 58.49, 131.23, 8
2852, 2732, 14.42, 59.03, 129.33, 9
2847, 2728, 14.45, 59.58, 128.75, 10
2868, 2738, 13.67, 46.08, 125.55, 1
2858, 2736, 13.83, 50.53, 134.37, 2
2860, 2735, 13.90, 53.69, 134.80, 3
2854, 2732, 13.83, 55.15, 131.44, 4
2860, 2734, 14.14, 56.43, 131.10, 5
2858, 2733, 14.20, 57.49, 130.58, 6
2852, 2734, 14.17, 58.31, 128.57, 7
2853, 2734, 14.22, 59.01, 130.71, 8
2852, 2730, 14.34, 59.64, 128.63, 9
2851, 2732, 14.41, 60.15, 128.57, 10
2869, 2737, 13.70, 46.64, 125.55, 1
2860, 2737, 13.72, 50.80, 133.24, 2
2857, 2737, 13.98, 53.96, 134.61, 3
2856, 2737, 14.03, 55.57, 132.14, 4
2854, 2736, 14.01, 56.76, 131.23, 5
2853, 2733, 14.07, 57.67, 130.46, 6
2854, 2731, 14.20, 58.52, 130.65, 7
2851, 2732, 14.32, 59.32, 130.89, 8
2852, 2731, 14.28, 59.83, 130.89, 9
2851, 2731, 14.28, 60.29, 130.98, 10
2871, 2735, 13.70, 46.96, 125.49, 1
2861, 2738, 13.73, 51.09, 133.33, 2
2864, 2739, 13.94, 54.22, 132.78, 3
2855, 2738, 13.98, 55.78, 131.04, 4
2858, 2736, 14.07, 57.09, 130.89, 5
2860, 2730, 14.14, 58.04, 130.34, 6
2857, 2730, 14.22, 58.78, 130.34, 7
2852, 2735, 14.20, 59.45, 130.55, 8
2857, 2734, 14.20, 60.02, 130.71, 9
2853, 2730, 14.27, 60.55, 130.71, 10
2867, 2741, 13.62, 47.32, 125.31, 1
2857, 2740, 13.81, 51.56, 133.51, 2
2859, 2735, 13.87, 54.65, 132.69, 3
2855, 2739, 14.08, 56.30, 131.90, 4
2859, 2734, 14.11, 57.57, 130.65, 5
2856, 2736, 14.14, 58.48, 129.91, 6
2853, 2734, 14.18, 59.28, 130.34, 7
2856, 2732, 14.21, 59.83, 130.34, 8
2851, 2732, 14.24, 60.37, 130.55, 9
2846, 2731, 14.38, 60.94, 130.25, 10
2865, 2733, 13.66, 47.61, 125.15, 1
2856, 2737, 13.81, 51.83, 134.49, 2
2859, 2736, 13.90, 54.87, 134.25, 3
2858, 2737, 14.03, 56.38, 130.74, 4
2859, 2729, 14.05, 57.67, 130.46, 5
2852, 2735, 14.17, 58.57, 130.71, 6
2854, 2733, 14.29, 59.38, 129.97, 7
2849, 2732, 14.34, 59.99, 130.13, 8
2851, 2733, 14.34, 60.45, 130.34, 9
2847, 2733, 14.45, 60.96, 130.34, 10
2870, 2731, 13.80, 47.99, 125.76, 1
2859, 2735, 13.78, 52.17, 134.49, 2
2858, 2736, 13.87, 55.16, 134.37, 3
2854, 2737, 14.07, 56.69, 131.44, 4
2855, 2737, 14.15, 57.91, 130.46, 5
2853, 2735, 14.21, 58.95, 130.65, 6
2854, 2732, 14.31, 59.68, 129.91, 7
2855, 2735, 14.38, 60.24, 129.97, 8
2847, 2731, 14.49, 60.76, 130.25, 9
2852, 2732, 14.35, 61.37, 130.34, 10
2868, 2734, 13.72, 48.40, 128.02, 1
2861, 2739, 13.81, 52.42, 134.95, 2
2860, 2737, 13.97, 55.43, 134.70, 3
2857, 2731, 14.10, 56.87, 131.38, 4
2858, 2731, 14.17, 58.09, 131.04, 5
2853, 2731, 14.17, 59.04, 130.65, 6
2851, 2732, 14.24, 59.68, 129.73, 7
2850, 2729, 14.28, 60.42, 129.97, 8
2854, 2731, 14.27, 60.86, 130.71, 9
2847, 2731, 14.32, 61.41, 130.16, 10
2865, 2737, 13.74, 48.72, 125.64, 1
2861, 2737, 13.78, 52.59, 133.51, 2
2855, 2733, 13.98, 55.61, 134.16, 3
2856, 2729, 13.97, 57.17, 131.38, 4
2856, 2736, 14.11, 58.36, 130.25, 5
2851, 2733, 14.17, 59.28, 130.46, 6
2854, 2730, 14.27, 60.02, 130.55, 7
2853, 2734, 14.29, 60.67, 129.73, 8
2852, 2733, 14.25, 61.11, 129.91, 9
2852, 2729, 14.36, 61.72, 130.16, 10
2866, 2737, 13.73, 48.99, 125.55, 1
2860, 2733, 13.86, 52.94, 133.58, 2
2857, 2734, 14.03, 55.92, 134.16, 3
2854, 2736, 14.05, 57.38, 131.38, 4
2856, 2734, 14.15, 58.59, 131.23, 5
2855, 2732, 14.17, 59.42, 130.34, 6
2849, 2730, 14.25, 60.22, 129.64, 7
2846, 2732, 14.34, 60.79, 129.55, 8
2848, 2733, 14.38, 61.45, 129.64, 9
2848, 2728, 14.39, 61.92, 129.97, 10
2864, 2735, 13.77, 49.40, 125.46, 1
2858, 2728, 13.84, 53.15, 133.58, 2
2857, 2731, 14.03, 56.10, 134.00, 3
2853, 2732, 14.11, 57.64, 131.23, 4
2855, 2729, 14.28, 58.84, 130.71, 5
2851, 2730, 14.38, 59.74, 130.13, 6
2852, 2732, 14.38, 60.42, 130.25, 7
2847, 2729, 14.36, 61.05, 129.67, 8
2852, 2730, 14.39, 61.54, 129.55, 9
2842, 2726, 14.56, 62.05, 129.39, 10
2866, 2736, 13.86, 49.56, 125.37, 1
2863, 2734, 13.94, 53.31, 133.88, 2
2855, 2734, 14.15, 55.80, 134.00, 3
2854, 2732, 14.25, 57.00, 131.10, 4
2854, 2731, 14.28, 58.19, 130.65, 5
2851, 2733, 14.35, 58.93, 129.97, 6
2849, 2728, 14.39, 59.64, 130.34, 7
2846, 2728, 14.48, 60.23, 130.49, 8
2844, 2725, 14.49, 60.64, 129.67, 9
2853, 2720, 14.58, 61.00, 129.67, 10
2864, 2739, 13.72, 49.61, 125.46, 1
2864, 2734, 13.90, 52.43, 133.82, 2
2864, 2738, 13.98, 54.29, 134.25, 3
2861, 2734, 13.98, 55.05, 131.26, 4
2862, 2734, 14.08, 55.73, 130.89, 5
2862, 2735, 14.17, 56.28, 130.34, 6
2861, 2732, 14.29, 56.72, 130.55, 7
2856, 2731, 14.28, 57.06, 129.55, 8
2854, 2732, 14.39, 57.28, 129.76, 9
2858, 2726, 14.45, 57.47, 129.97, 10
2875, 2741, 13.46, 48.85, 125.70, 1
2865, 2739, 13.59, 51.51, 133.82, 2
2867, 2739, 13.73, 53.27, 134.06, 3
2866, 2743, 13.80, 54.10, 131.26, 4
2863, 2743, 13.88, 54.64, 130.34, 5
2865, 2739, 14.01, 54.93, 130.65, 6
2863, 2739, 14.03, 55.21, 129.91, 7
2863, 2735, 14.01, 55.50, 129.91, 8
2860, 2735, 14.10, 55.88, 129.97, 9
2861, 2734, 14.11, 55.96, 130.13, 10
2876, 2742, 13.35, 48.09, 125.55, 1
2874, 2748, 13.48, 50.50, 134.98, 2
2875, 2743, 13.50, 52.01, 132.57, 3
2874, 2741, 13.70, 52.73, 131.59, 4
2870, 2745, 13.81, 53.15, 131.26, 5
2872, 2742, 13.83, 53.61, 130.58, 6
2865, 2745, 13.84, 54.06, 129.97, 7
2867, 2739, 13.96, 54.51, 130.25, 8
2862, 2735, 14.01, 54.75, 130.34, 9
2862, 2738, 14.07, 54.97, 130.34, 10
2875, 2742, 13.63, 47.70, 125.06, 1
2873, 2742, 13.63, 50.01, 133.54, 2
2870, 2737, 13.76, 51.51, 134.61, 3
2870, 2735, 13.83, 52.08, 131.59, 4
2869, 2737, 13.96, 52.69, 130.58, 5
2864, 2737, 14.04, 52.94, 129.76, 6
2861, 2740, 14.10, 53.30, 129.76, 7
2867, 2734, 14.08, 53.53, 130.13, 8
2861, 2733, 14.17, 53.57, 130.13, 9
2863, 2734, 14.24, 53.59, 130.13, 10
2862, 2728, 14.04, 47.12, 125.55, 1
2861, 2734, 14.10, 48.85, 133.82, 2
2862, 2730, 14.31, 50.04, 134.37, 3
2860, 2730, 14.36, 50.15, 131.56, 4
2858, 2728, 14.42, 50.07, 130.49, 5
2856, 2725, 14.48, 50.16, 130.58, 6
2859, 2729, 14.58, 50.22, 129.91, 7
2858, 2724, 14.61, 50.22, 129.91, 8
2856, 2722, 14.62, 50.14, 129.97, 9
2855, 2719, 14.61, 50.15, 129.97, 10
2842, 2711, 15.18, 45.94, 128.08, 1
2839, 2711, 15.39, 47.04, 134.80, 2
2839, 2709, 15.51, 47.05, 134.46, 3
2836, 2705, 15.62, 46.99, 131.53, 4
2835, 2709, 15.62, 46.73, 130.89, 5
2832, 2700, 15.76, 46.92, 130.43, 6
2834, 2705, 15.82, 46.73, 130.43, 7
2833, 2703, 15.83, 46.73, 130.58, 8
2827, 2701, 15.99, 46.75, 130.58, 9
2826, 2695, 16.06, 46.64, 129.67, 10
2780, 2653, 17.84, 44.92, 125.06, 1
2779, 2655, 18.05, 44.65, 134.06, 2
2782, 2651, 18.23, 43.71, 134.25, 3
2781, 2652, 18.28, 43.24, 131.90, 4
2780, 2649, 18.43, 42.83, 130.13, 5
2777, 2646, 18.40, 42.64, 130.34, 6
2777, 2648, 18.60, 42.41, 130.25, 7
2776, 2641, 18.68, 41.99, 129.49, 8
2776, 2639, 18.70, 41.78, 130.58, 9
2772, 2640, 18.71, 41.63, 129.97, 10
