2960, 2809, 11.74, 48.53, 6.29, 0
3068, 2915, 13.67, 47.83, 70.22, 0
3067, 2892, 16.48, 45.04, 70.62, 0
3038, 2901, 18.67, 43.34, 70.92, 0
2950, 2894, 20.24, 42.27, 71.17, 0
3038, 2883, 21.24, 41.60, 71.23, 0
3026, 2876, 22.04, 41.19, 71.35, 0
2909, 2866, 22.75, 40.90, 71.56, 0
3011, 2857, 23.36, 40.49, 71.66, 0
2995, 2800, 23.84, 40.21, 71.75, 0
2979, 2836, 24.20, 39.94, 71.78, 0
2937, 2823, 24.73, 39.59, 72.08, 0
2958, 2775, 25.17, 39.43, 72.11, 0
2948, 2791, 25.53, 39.04, 72.42, 0
2942, 2739, 25.81, 38.70, 72.36, 0
2929, 2696, 26.21, 38.35, 72.57, 0
2921, 2739, 26.51, 37.90, 72.51, 0
2860, 2768, 26.82, 37.58, 72.57, 0
2871, 2697, 27.09, 37.23, 72.88, 0
2760, 2751, 27.35, 36.85, 72.72, 0
2873, 2618, 27.66, 36.51, 72.91, 0
2876, 2622, 27.85, 36.09, 73.00, 0
2871, 2690, 28.14, 35.63, 72.97, 0
2860, 2720, 28.41, 35.41, 73.15, 0
2741, 2705, 28.77, 35.21, 73.06, 0
2719, 2705, 28.89, 34.81, 73.21, 0
2785, 2624, 29.23, 34.60, 73.21, 0
2838, 2639, 29.43, 34.11, 73.46, 0
2829, 2594, 29.74, 33.89, 73.36, 0
2804, 2683, 29.91, 33.49, 73.46, 0
2681, 2667, 30.16, 32.99, 73.46, 0
2810, 2661, 30.36, 32.74, 73.46, 0
2795, 2545, 30.67, 32.47, 73.52, 0
2804, 2617, 30.86, 32.15, 73.52, 0
2763, 2648, 31.05, 31.68, 73.52, 0
2661, 2643, 31.24, 31.45, 73.79, 0
2783, 2564, 31.36, 31.27, 73.64, 0
2645, 2632, 31.49, 30.68, 73.58, 0
2770, 2628, 31.61, 30.46, 73.64, 0
2645, 2623, 31.86, 30.13, 73.58, 0
2754, 2509, 32.10, 30.01, 73.46, 0
2704, 2496, 32.28, 29.77, 73.70, 0
2705, 2489, 32.45, 29.51, 73.73, 0
2744, 2501, 32.52, 29.31, 73.76, 0
2622, 2599, 32.72, 29.03, 73.73, 0
2731, 2490, 32.93, 28.86, 73.58, 0
2735, 2596, 33.08, 28.40, 73.97, 0
2707, 2470, 33.23, 28.18, 73.79, 0
2723, 2581, 33.40, 28.09, 73.79, 0
2721, 2527, 33.47, 27.85, 73.64, 0
2717, 2474, 33.68, 27.50, 73.82, 0
2607, 2571, 33.74, 27.38, 74.01, 0
2599, 2567, 33.84, 27.16, 73.76, 0
2645, 2448, 34.06, 26.95, 74.01, 0
2695, 2456, 34.13, 26.76, 73.79, 0
2577, 2564, 34.23, 26.48, 74.28, 0
2678, 2442, 34.29, 26.31, 74.16, 0
2699, 2549, 34.42, 26.20, 74.10, 0
2642, 2562, 34.67, 25.85, 74.28, 0
2694, 2512, 34.70, 25.73, 74.07, 0
2688, 2526, 34.84, 25.53, 74.07, 0
2595, 2425, 35.04, 25.49, 74.16, 0
2567, 2545, 35.17, 25.38, 74.28, 0
2676, 2534, 35.18, 25.19, 74.31, 0
2546, 2540, 35.34, 24.97, 74.31, 0
2574, 2449, 35.57, 24.67, 74.16, 0
2644, 2415, 35.60, 24.70, 74.28, 0
2668, 2509, 35.69, 24.45, 74.40, 0
2539, 2526, 35.72, 24.17, 74.10, 0
2660, 2526, 35.87, 24.21, 74.28, 0
2546, 2524, 35.89, 24.05, 74.16, 0
2548, 2518, 35.94, 23.85, 74.37, 0
2661, 2456, 36.07, 23.72, 74.40, 0
2653, 2492, 36.21, 23.50, 74.55, 0
2653, 2516, 36.20, 23.35, 74.46, 0
2544, 2482, 36.31, 23.30, 74.52, 0
2537, 2504, 36.32, 23.16, 74.52, 0
2515, 2510, 36.44, 23.04, 74.46, 0
2645, 2410, 36.44, 22.74, 74.46, 0
2531, 2504, 36.57, 22.73, 74.28, 0
2535, 2464, 36.57, 22.56, 74.28, 0
2638, 2505, 36.69, 22.48, 74.52, 0
2642, 2499, 36.74, 22.28, 74.52, 0
2507, 2495, 36.83, 22.24, 74.28, 0
2525, 2495, 36.89, 22.12, 74.31, 0
2634, 2478, 36.96, 21.99, 74.40, 0
2629, 2411, 37.06, 22.10, 74.40, 0
2629, 2437, 37.09, 21.68, 74.52, 0
2519, 2480, 37.14, 21.71, 74.40, 0
2630, 2448, 37.23, 21.68, 74.40, 0
2501, 2486, 37.32, 21.54, 74.40, 0
2496, 2489, 37.44, 21.39, 74.40, 0
2618, 2488, 37.43, 21.31, 74.31, 0
2611, 2385, 37.56, 21.15, 74.31, 0
2613, 2478, 37.63, 21.08, 74.28, 0
2514, 2426, 37.60, 21.00, 74.04, 0
2532, 2361, 37.74, 20.89, 74.16, 0
2519, 2376, 37.74, 20.75, 74.37, 0
2610, 2476, 37.75, 20.73, 74.28, 0
2607, 2470, 37.88, 20.68, 74.16, 0
2598, 2368, 38.02, 20.54, 74.31, 0
2602, 2373, 37.99, 20.38, 74.28, 0
2593, 2361, 38.09, 20.42, 74.55, 0
2546, 2356, 38.11, 20.34, 74.40, 0
2602, 2380, 38.11, 20.22, 74.07, 0
2519, 2352, 38.11, 20.08, 74.31, 0
2599, 2407, 38.16, 20.02, 74.55, 0
2478, 2468, 38.22, 19.93, 74.55, 0
2583, 2359, 38.30, 19.60, 74.37, 0
2596, 2462, 38.22, 19.69, 74.52, 0
2560, 2344, 38.35, 19.65, 74.55, 0
2474, 2462, 38.36, 19.60, 74.55, 0
2474, 2458, 38.36, 19.44, 74.55, 0
2592, 2461, 38.37, 19.40, 74.55, 0
2486, 2451, 38.50, 19.34, 74.52, 0
2585, 2454, 38.45, 19.35, 74.62, 0
2592, 2430, 38.62, 19.30, 74.62, 0
2473, 2459, 38.69, 19.22, 74.46, 0
2487, 2437, 38.59, 19.10, 74.62, 0
2570, 2453, 38.78, 19.08, 74.52, 0
2585, 2414, 38.85, 18.97, 74.52, 0
2586, 2437, 38.83, 18.88, 74.65, 0
2584, 2352, 38.75, 18.66, 74.52, 0
2579, 2450, 38.80, 18.84, 74.40, 0
2524, 2447, 38.80, 18.80, 74.52, 0
2581, 2440, 38.80, 18.64, 74.58, 0
2578, 2435, 38.87, 18.43, 74.71, 0
2576, 2344, 38.90, 18.62, 74.58, 0
2580, 2359, 38.94, 18.54, 74.31, 0
2512, 2338, 38.91, 18.37, 74.62, 0
2557, 2337, 39.02, 18.35, 74.65, 0
2531, 2446, 38.84, 18.25, 74.58, 0
2575, 2343, 38.81, 18.34, 74.62, 0
2560, 2330, 38.88, 18.27, 74.62, 0
2453, 2450, 38.85, 18.28, 74.37, 0
2576, 2444, 38.84, 18.16, 74.58, 0
2572, 2343, 38.90, 18.07, 74.58, 0
2456, 2440, 38.91, 18.16, 74.71, 0
2576, 2359, 38.97, 17.98, 74.52, 0
2560, 2332, 39.04, 17.98, 74.71, 0
2467, 2443, 38.96, 17.96, 74.37, 0
2450, 2442, 39.15, 17.73, 74.65, 0
2465, 2451, 39.12, 17.94, 74.71, 0
2555, 2329, 39.19, 17.84, 74.86, 0
2472, 2440, 39.28, 17.87, 74.40, 0
2573, 2334, 39.21, 17.87, 74.40, 0
2449, 2442, 39.37, 17.60, 74.71, 0
2483, 2432, 39.44, 17.51, 74.77, 0
2453, 2436, 39.37, 17.60, 74.77, 0
2447, 2440, 39.45, 17.50, 74.65, 0
2460, 2439, 39.44, 17.51, 74.83, 0
2570, 2443, 39.39, 17.48, 74.62, 0
2462, 2435, 39.51, 17.42, 74.98, 0
2505, 2361, 39.56, 17.35, 74.71, 0
2525, 2434, 39.62, 17.36, 74.86, 0
2494, 2418, 39.58, 17.19, 74.55, 0
2564, 2433, 39.70, 17.20, 74.77, 0
2561, 2431, 39.56, 17.24, 74.86, 0
2441, 2431, 39.76, 17.20, 74.71, 0
2559, 2431, 39.63, 17.03, 74.86, 0
2566, 2398, 39.65, 17.12, 74.77, 0
2439, 2430, 39.66, 17.01, 74.98, 0
2563, 2433, 39.63, 17.00, 74.83, 0
2563, 2339, 39.73, 16.92, 74.95, 0
2462, 2428, 39.83, 16.88, 74.95, 0
2530, 2329, 39.67, 16.91, 74.71, 0
2562, 2418, 39.82, 16.84, 74.95, 0
2438, 2431, 39.75, 16.97, 74.95, 0
2558, 2414, 39.72, 16.74, 74.71, 0
2560, 2429, 39.77, 16.74, 74.71, 0
2556, 2320, 39.67, 16.83, 74.71, 0
2477, 2424, 39.87, 16.65, 74.71, 0
2554, 2316, 39.82, 16.79, 74.83, 0
2560, 2361, 39.79, 16.57, 74.83, 0
2433, 2424, 39.89, 16.75, 74.77, 0
2452, 2426, 39.80, 16.53, 74.95, 0
2559, 2336, 39.80, 16.62, 74.95, 0
2561, 2382, 39.94, 16.66, 74.83, 0
2528, 2364, 39.92, 16.53, 74.95, 0
2557, 2324, 39.97, 16.55, 74.95, 0
2556, 2428, 39.96, 16.52, 74.62, 0
2561, 2369, 39.94, 16.53, 74.83, 0
2556, 2316, 40.00, 16.43, 74.83, 0
2440, 2432, 39.94, 16.42, 74.83, 0
2558, 2319, 39.89, 16.50, 74.71, 0
2441, 2418, 40.02, 16.46, 74.71, 0
2554, 2327, 39.97, 16.35, 74.95, 0
2440, 2423, 39.99, 16.24, 74.83, 0
2442, 2417, 40.14, 16.19, 74.71, 0
2517, 2419, 40.04, 16.28, 74.62, 0
2541, 2421, 40.10, 16.19, 74.71, 0
2484, 2420, 40.13, 16.08, 74.83, 0
2550, 2426, 40.31, 16.22, 74.83, 0
2435, 2422, 40.21, 16.13, 74.83, 0
2551, 2318, 40.25, 16.13, 74.71, 0
2551, 2330, 40.30, 15.98, 74.86, 0
2519, 2415, 40.38, 16.14, 74.86, 0
2428, 2419, 40.31, 15.99, 74.95, 0
2548, 2311, 40.34, 15.87, 74.86, 0
2537, 2377, 40.38, 15.83, 74.86, 0
2543, 2306, 40.35, 15.95, 74.71, 0
2548, 2412, 40.34, 15.78, 74.98, 0
2424, 2417, 40.38, 15.94, 74.86, 0
2458, 2415, 40.40, 15.69, 74.83, 0
2548, 2415, 40.38, 15.81, 74.86, 0
2529, 2414, 40.50, 15.83, 74.95, 0
2453, 2420, 40.50, 15.80, 74.65, 0
2547, 2307, 40.42, 15.74, 74.71, 0
2543, 2412, 40.41, 15.71, 74.65, 0
2424, 2414, 40.54, 15.82, 74.95, 0
2550, 2314, 40.54, 15.77, 74.98, 0
2482, 2412, 40.59, 15.61, 74.95, 0
2544, 2406, 40.55, 15.62, 74.95, 0
2542, 2410, 40.65, 15.53, 74.83, 0
2465, 2409, 40.65, 15.50, 74.83, 0
2539, 2408, 40.69, 15.47, 74.98, 0
2451, 2406, 40.69, 15.46, 74.95, 0
2537, 2406, 40.62, 15.58, 74.86, 0
2535, 2355, 40.66, 15.50, 74.83, 0
2446, 2413, 40.59, 15.56, 74.86, 0
2537, 2369, 40.62, 15.48, 74.83, 0
2465, 2412, 40.45, 15.46, 74.83, 0
2484, 2406, 40.51, 15.37, 74.98, 0
2538, 2416, 40.52, 15.40, 74.77, 0
2540, 2391, 40.47, 15.28, 74.83, 0
2542, 2303, 40.55, 15.31, 75.04, 0
2448, 2409, 40.54, 15.39, 74.83, 0
2536, 2406, 40.52, 15.50, 74.71, 0
2516, 2410, 40.48, 15.26, 75.07, 0
2453, 2410, 40.54, 15.39, 74.86, 0
2442, 2411, 40.59, 15.33, 74.83, 0
2540, 2409, 40.52, 15.22, 74.98, 0
2454, 2409, 40.52, 15.33, 74.86, 0
2463, 2409, 40.58, 15.39, 75.04, 0
2542, 2385, 40.62, 15.19, 74.86, 0
2540, 2364, 40.69, 15.19, 74.95, 0
2420, 2407, 40.66, 15.13, 74.83, 0
2537, 2408, 40.70, 15.19, 74.83, 0
2537, 2405, 40.78, 15.15, 74.83, 0
2536, 2400, 40.78, 15.12, 74.98, 0
2423, 2412, 40.54, 14.99, 74.95, 0
2439, 2408, 40.59, 15.04, 74.83, 0
2512, 2404, 40.65, 15.01, 75.04, 0
2538, 2406, 40.65, 14.95, 74.98, 0
2524, 2413, 40.58, 15.11, 74.83, 0
2535, 2410, 40.79, 15.04, 74.98, 0
2533, 2399, 40.70, 15.06, 74.83, 0
2536, 2379, 40.77, 14.87, 75.04, 0
2429, 2410, 40.88, 15.05, 74.86, 0
2532, 2400, 40.84, 14.95, 74.83, 0
2532, 2396, 40.88, 14.91, 74.98, 0
2532, 2373, 40.95, 14.94, 74.98, 0
2532, 2363, 40.97, 14.77, 74.95, 0
2507, 2402, 40.92, 14.68, 74.83, 0
2533, 2395, 40.88, 14.81, 74.86, 0
2530, 2402, 40.85, 14.80, 74.86, 0
2530, 2294, 40.82, 14.72, 74.86, 0
2463, 2402, 40.93, 14.77, 74.86, 0
2421, 2400, 40.93, 14.79, 74.86, 0
2533, 2400, 40.85, 14.65, 74.98, 0
2527, 2405, 40.95, 14.71, 74.95, 0
2536, 2400, 40.95, 14.77, 74.83, 0
2533, 2402, 40.95, 14.67, 74.98, 0
2417, 2406, 40.99, 14.53, 74.83, 0
2529, 2294, 41.07, 14.73, 75.07, 0
2531, 2406, 41.19, 14.61, 75.04, 0
2436, 2401, 41.14, 14.71, 74.95, 0
2446, 2405, 41.12, 14.59, 74.98, 0
2477, 2402, 41.19, 14.63, 75.07, 0
2528, 2405, 41.30, 14.60, 74.86, 0
2416, 2403, 41.17, 14.55, 75.04, 0
2488, 2401, 41.26, 14.65, 74.98, 0
2526, 2403, 41.36, 14.49, 74.95, 0
2480, 2399, 41.36, 14.59, 75.04, 0
2530, 2396, 41.32, 14.36, 75.07, 0
2417, 2403, 41.36, 14.51, 75.07, 0
2417, 2403, 41.40, 14.45, 74.98, 0
2526, 2307, 41.37, 14.37, 75.20, 0
2525, 2403, 41.36, 14.42, 75.20, 0
2530, 2401, 41.47, 14.42, 74.98, 0
2521, 2397, 41.51, 14.39, 75.04, 0
2524, 2401, 41.58, 14.21, 75.20, 0
2422, 2393, 41.60, 14.40, 75.20, 0
2524, 2297, 41.67, 14.31, 75.38, 0
2524, 2391, 41.72, 14.29, 75.41, 0
2516, 2346, 41.80, 14.27, 74.86, 0
2517, 2394, 41.77, 14.22, 75.07, 0
2517, 2388, 41.82, 14.20, 75.38, 0
2517, 2395, 41.88, 14.21, 75.20, 0
2514, 2340, 41.84, 14.13, 75.23, 0
2517, 2320, 41.89, 14.16, 74.95, 0
2470, 2390, 41.94, 14.09, 75.20, 0
2518, 2298, 42.01, 14.01, 75.20, 0
2503, 2388, 42.08, 14.15, 75.20, 0
2516, 2382, 42.02, 13.93, 75.20, 0
2513, 2349, 42.03, 13.98, 75.32, 0
2511, 2386, 41.91, 14.16, 75.20, 0
2511, 2389, 41.98, 13.95, 75.04, 0
2509, 2386, 41.98, 13.99, 75.16, 0
2513, 2374, 41.91, 13.78, 75.16, 0
2512, 2377, 41.96, 13.90, 75.32, 0
2438, 2386, 41.92, 13.79, 75.20, 0
2513, 2285, 41.84, 13.79, 75.20, 0
2513, 2380, 41.89, 13.93, 75.23, 0
2511, 2384, 41.99, 13.92, 75.16, 0
2517, 2383, 41.98, 13.93, 75.23, 0
2504, 2383, 41.96, 13.75, 75.20, 0
2508, 2347, 42.08, 13.86, 75.04, 0
2513, 2382, 42.14, 13.89, 75.20, 0
2506, 2376, 42.26, 13.68, 75.32, 0
2510, 2279, 42.20, 13.74, 75.20, 0
2505, 2383, 42.23, 13.63, 74.98, 0
2510, 2382, 42.35, 13.60, 75.20, 0
2503, 2360, 42.29, 13.70, 75.04, 0
2500, 2383, 42.23, 13.71, 75.04, 0
2399, 2384, 42.23, 13.62, 75.16, 0
2506, 2382, 42.25, 13.56, 75.04, 0
2509, 2383, 42.35, 13.60, 74.98, 0
2504, 2277, 42.45, 13.67, 75.47, 0
2402, 2381, 42.43, 13.59, 75.20, 0
2468, 2380, 42.50, 13.53, 75.04, 0
2509, 2379, 42.50, 13.63, 74.98, 0
2400, 2383, 42.58, 13.43, 75.20, 0
2491, 2382, 42.66, 13.45, 75.20, 0
2506, 2374, 42.60, 13.46, 75.20, 0
2499, 2371, 42.70, 13.53, 75.32, 0
2500, 2357, 42.63, 13.31, 75.56, 0
2502, 2369, 42.66, 13.34, 75.38, 0
2502, 2371, 42.67, 13.26, 75.47, 0
2390, 2378, 42.80, 13.44, 75.38, 0
2499, 2315, 42.71, 13.34, 75.56, 0
2496, 2273, 42.76, 13.27, 75.47, 0
2499, 2367, 42.80, 13.30, 75.20, 0
2496, 2371, 42.95, 13.26, 75.74, 0
2494, 2376, 42.87, 13.38, 75.62, 0
2503, 2365, 42.98, 13.32, 74.98, 0
2498, 2367, 43.06, 13.19, 75.29, 0
2493, 2367, 43.01, 13.14, 75.56, 0
2500, 2367, 43.05, 13.15, 75.47, 0
2422, 2368, 43.02, 13.01, 75.84, 0
2493, 2363, 43.09, 13.14, 75.32, 0
2489, 2267, 43.15, 13.04, 75.47, 0
2492, 2367, 43.15, 13.16, 75.74, 0
2485, 2359, 43.19, 12.99, 75.20, 0
2387, 2368, 43.11, 13.02, 75.90, 0
2491, 2365, 43.12, 13.05, 75.56, 0
2489, 2363, 43.08, 13.09, 75.56, 0
2492, 2363, 43.18, 13.01, 75.74, 0
2489, 2363, 43.19, 12.84, 75.32, 0
2384, 2362, 43.15, 12.86, 75.74, 0
2486, 2362, 43.16, 13.01, 75.87, 0
2385, 2364, 43.22, 13.04, 75.87, 0
2381, 2368, 43.19, 12.99, 75.90, 0
2482, 2361, 43.18, 13.13, 75.84, 0
2483, 2359, 43.21, 12.91, 75.62, 0
2484, 2268, 43.12, 12.92, 75.56, 0
2489, 2360, 43.19, 12.85, 76.17, 0
2485, 2363, 43.11, 12.91, 75.84, 0
2487, 2359, 43.09, 12.92, 76.17, 0
2478, 2365, 43.15, 12.97, 76.02, 0
2485, 2361, 43.18, 12.76, 75.56, 0
2394, 2363, 43.21, 12.93, 75.90, 0
2482, 2362, 43.18, 12.85, 75.99, 0
2481, 2361, 43.35, 12.76, 75.90, 0
2485, 2356, 43.42, 12.71, 76.17, 0
2484, 2356, 43.31, 12.85, 76.42, 0
2485, 2356, 43.45, 12.75, 76.48, 0
2481, 2356, 43.48, 12.77, 75.87, 0
2482, 2357, 43.48, 12.65, 75.84, 0
2421, 2360, 43.48, 12.69, 75.90, 0
2486, 2355, 43.49, 12.75, 76.39, 0
2483, 2356, 43.50, 12.83, 76.54, 0
2481, 2356, 43.48, 12.45, 76.39, 0
2482, 2355, 43.55, 12.65, 76.39, 0
2479, 2345, 43.53, 12.74, 75.71, 0
2482, 2360, 43.46, 12.78, 76.17, 0
2477, 2355, 43.55, 12.66, 75.71, 0
2480, 2356, 43.59, 12.62, 75.87, 0
2428, 2359, 43.55, 12.62, 75.99, 0
2474, 2360, 43.59, 12.53, 75.90, 0
2479, 2353, 43.66, 12.58, 76.72, 0
2477, 2352, 43.57, 12.53, 76.72, 0
2477, 2312, 43.70, 12.64, 75.74, 0
2423, 2355, 43.79, 12.51, 76.14, 0
2400, 2355, 43.76, 12.44, 76.17, 0
2474, 2356, 43.82, 12.46, 76.78, 0
2377, 2358, 43.90, 12.53, 75.99, 0
2371, 2355, 43.86, 12.51, 76.17, 0
2473, 2348, 43.90, 12.42, 75.99, 0
2476, 2333, 44.03, 12.46, 76.02, 0
2472, 2348, 44.00, 12.41, 76.29, 0
2473, 2333, 43.91, 12.45, 76.14, 0
2474, 2255, 44.00, 12.44, 75.84, 0
2472, 2344, 44.06, 12.35, 75.84, 0
2461, 2349, 44.07, 12.41, 76.02, 0
2380, 2348, 44.04, 12.44, 76.02, 0
2471, 2262, 44.10, 12.23, 75.96, 0
2467, 2341, 44.00, 12.27, 75.96, 0
2470, 2345, 43.89, 12.36, 76.87, 0
2469, 2342, 44.01, 12.30, 76.78, 0
2468, 2346, 44.00, 12.20, 76.78, 0
2466, 2345, 44.01, 12.39, 76.81, 0
2468, 2342, 43.87, 12.23, 76.72, 0
2471, 2343, 43.87, 12.26, 76.72, 0
2470, 2339, 43.93, 12.17, 76.81, 0
2471, 2246, 43.77, 12.20, 75.74, 0
2470, 2345, 43.86, 12.16, 76.81, 0
2469, 2276, 43.82, 12.40, 75.74, 0
2469, 2343, 43.82, 12.23, 76.69, 0
2471, 2343, 43.91, 12.31, 76.81, 0
2473, 2347, 43.87, 12.19, 76.81, 0
2473, 2345, 43.90, 12.25, 76.78, 0
2470, 2344, 44.00, 12.30, 76.78, 0
2466, 2264, 44.04, 12.30, 75.74, 0
2471, 2341, 44.00, 12.12, 75.87, 0
2473, 2346, 43.98, 12.05, 75.90, 0
2464, 2342, 43.89, 12.11, 76.81, 0
2467, 2260, 43.90, 12.17, 75.90, 0
2473, 2344, 43.84, 12.23, 76.81, 0
2469, 2339, 43.91, 12.14, 75.90, 0
2366, 2348, 43.80, 12.22, 75.84, 0
2470, 2325, 43.83, 12.13, 75.84, 0
2453, 2346, 43.80, 12.14, 75.90, 0
2470, 2347, 44.01, 12.09, 75.96, 0
2468, 2319, 43.89, 12.05, 75.90, 0
2468, 2350, 43.93, 12.02, 75.74, 0
2473, 2344, 44.04, 12.15, 75.71, 0
2471, 2345, 44.01, 12.09, 76.78, 0
2472, 2254, 43.87, 11.83, 75.90, 0
2471, 2345, 43.97, 12.01, 76.72, 0
2371, 2345, 44.07, 11.94, 75.84, 0
2468, 2341, 44.08, 12.04, 76.81, 0
2469, 2340, 44.07, 12.14, 76.87, 0
2469, 2249, 44.03, 11.93, 75.71, 0
2467, 2341, 43.97, 12.02, 76.81, 0
2463, 2343, 44.01, 11.89, 75.84, 0
2468, 2336, 44.04, 11.95, 75.74, 0
2470, 2339, 44.03, 11.95, 76.69, 0
2466, 2346, 43.96, 11.89, 75.84, 0
2402, 2348, 43.84, 11.87, 75.87, 0
2468, 2343, 43.87, 12.02, 75.74, 0
2374, 2344, 43.94, 11.81, 75.96, 0
2469, 2286, 43.93, 12.00, 75.87, 0
2467, 2345, 44.00, 12.13, 75.87, 0
2439, 2349, 43.97, 11.95, 75.84, 0
2468, 2344, 43.98, 11.92, 75.90, 0
2463, 2343, 43.90, 11.90, 75.87, 0
2467, 2347, 43.96, 12.02, 75.87, 0
2469, 2349, 43.94, 11.90, 76.08, 0
2469, 2353, 43.91, 11.90, 75.74, 0
2466, 2321, 43.79, 11.77, 75.56, 0
2426, 2345, 43.80, 11.86, 75.84, 0
2463, 2346, 43.70, 11.82, 76.02, 0
2467, 2346, 43.60, 11.92, 75.74, 0
2471, 2342, 43.60, 11.92, 76.45, 0
2472, 2349, 43.59, 12.02, 75.71, 0
2469, 2329, 43.53, 11.79, 75.38, 0
2474, 2350, 43.60, 11.86, 76.17, 0
2467, 2349, 43.46, 12.05, 75.71, 0
2470, 2287, 43.49, 11.98, 75.56, 0
2475, 2349, 43.55, 12.07, 76.14, 0
2451, 2353, 43.56, 11.92, 75.84, 0
2473, 2329, 43.60, 11.96, 75.84, 0
2471, 2351, 43.77, 12.02, 75.56, 0
2469, 2350, 43.73, 12.05, 75.96, 0
2380, 2351, 43.79, 11.92, 76.02, 0
2473, 2355, 43.82, 11.88, 76.02, 0
2472, 2260, 43.87, 11.97, 75.41, 0
2448, 2348, 43.93, 11.93, 75.96, 0
2472, 2318, 43.97, 11.89, 75.84, 0
2375, 2349, 43.94, 11.96, 76.02, 0
2418, 2349, 43.91, 11.93, 75.84, 0
2470, 2345, 43.98, 11.84, 75.96, 0
2375, 2349, 43.98, 11.81, 75.96, 0
2405, 2359, 43.94, 11.89, 75.96, 0
2469, 2344, 43.98, 11.87, 75.99, 0
2420, 2352, 43.93, 11.84, 75.96, 0
2470, 2337, 44.00, 11.83, 75.74, 0
2376, 2353, 43.97, 11.69, 75.90, 0
2471, 2342, 44.07, 11.89, 76.81, 0
2469, 2260, 44.14, 11.80, 75.74, 0
2468, 2343, 44.17, 11.70, 76.81, 0
2464, 2343, 44.14, 11.74, 76.78, 0
2464, 2344, 44.38, 11.78, 76.81, 0
2469, 2346, 44.25, 11.70, 76.78, 0
2470, 2346, 44.33, 11.76, 76.81, 0
2464, 2342, 44.41, 11.78, 76.81, 0
2463, 2340, 44.51, 11.66, 76.72, 0
2467, 2343, 44.42, 11.72, 76.81, 0
2361, 2346, 44.46, 11.84, 75.47, 0
2463, 2259, 44.46, 11.72, 75.29, 0
2468, 2342, 44.35, 11.75, 74.77, 0
2466, 2317, 44.21, 11.87, 74.83, 0
2468, 2325, 44.08, 11.78, 74.83, 0
2464, 2343, 44.08, 11.86, 74.98, 0
2382, 2345, 43.91, 12.13, 74.95, 0
2470, 2346, 43.75, 11.85, 74.65, 0
2468, 2342, 43.56, 11.93, 74.77, 0
2462, 2345, 43.50, 11.98, 74.65, 0
2461, 2345, 43.36, 11.92, 74.58, 0
2472, 2239, 43.25, 12.07, 74.83, 0
2356, 2351, 43.12, 12.17, 74.58, 0
2362, 2350, 42.97, 12.10, 74.65, 0
2377, 2355, 42.82, 11.96, 74.40, 0
2377, 2353, 42.57, 12.34, 74.65, 0
2483, 2353, 42.37, 12.13, 74.46, 0
2486, 2358, 42.16, 12.15, 74.31, 0
2489, 2360, 41.95, 12.25, 73.97, 0
2370, 2365, 41.68, 12.29, 73.79, 0
2392, 2268, 41.57, 12.61, 70.86, 0
2395, 2269, 41.09, 12.38, 70.92, 0
2392, 2269, 40.74, 12.73, 70.92, 0
2395, 2274, 40.35, 12.78, 70.92, 0
2402, 2273, 40.02, 12.85, 70.89, 0
2404, 2278, 39.76, 12.99, 70.98, 0
2406, 2285, 39.49, 13.11, 70.98, 0
2403, 2280, 39.24, 13.36, 70.86, 0
2414, 2283, 38.97, 13.35, 70.86, 0
2413, 2287, 38.71, 13.63, 70.92, 0
2415, 2293, 38.54, 13.46, 70.89, 0
2421, 2294, 38.33, 13.59, 70.86, 0
2421, 2296, 38.04, 13.64, 70.92, 0
2424, 2299, 37.74, 13.78, 70.74, 0
2429, 2308, 37.51, 14.00, 70.86, 0
2436, 2310, 37.24, 13.96, 70.71, 0
2437, 2312, 36.93, 14.13, 70.74, 0
2442, 2317, 36.68, 14.25, 70.83, 0
2445, 2319, 36.47, 14.39, 70.83, 0
2448, 2323, 36.27, 14.50, 70.92, 0
2453, 2324, 36.06, 14.74, 70.80, 0
2457, 2331, 35.75, 14.83, 70.68, 0
2461, 2336, 35.59, 14.91, 70.71, 0
2468, 2336, 35.35, 15.05, 70.53, 0
2466, 2344, 35.07, 15.16, 70.71, 0
2472, 2355, 34.80, 15.21, 70.53, 0
2472, 2347, 34.60, 15.41, 70.68, 0
2475, 2348, 34.42, 15.57, 70.56, 0
2480, 2350, 34.15, 15.66, 70.71, 0
2483, 2357, 33.92, 15.90, 70.62, 0
2492, 2366, 33.58, 15.90, 70.56, 0
2497, 2367, 33.40, 16.09, 70.53, 0
2496, 2363, 33.17, 16.17, 70.53, 0
2505, 2373, 32.92, 16.40, 70.47, 0
2503, 2371, 32.78, 16.55, 70.47, 0
2508, 2380, 32.50, 16.69, 70.31, 0
2517, 2385, 32.35, 16.78, 70.47, 0
2522, 2389, 32.04, 16.95, 70.47, 0
2520, 2394, 31.86, 16.94, 70.53, 0
2525, 2399, 31.70, 17.13, 70.31, 0
2528, 2396, 31.36, 17.28, 70.31, 0
2535, 2403, 31.25, 17.59, 70.22, 0
2544, 2405, 31.01, 17.64, 70.31, 0
2538, 2409, 30.80, 17.77, 70.19, 0
2547, 2416, 30.53, 17.98, 70.22, 0
2550, 2422, 30.42, 18.23, 70.22, 0
2552, 2422, 30.12, 18.29, 70.31, 0
2558, 2422, 29.97, 18.40, 70.37, 0
2562, 2425, 29.80, 18.68, 70.47, 0
2564, 2426, 29.64, 18.83, 70.47, 0
2566, 2433, 29.50, 18.95, 70.47, 0
2573, 2436, 29.16, 19.04, 70.47, 0
2575, 2438, 29.01, 19.15, 70.28, 0
2579, 2442, 28.91, 19.40, 70.53, 0
2582, 2448, 28.58, 19.44, 70.40, 0
2583, 2449, 28.40, 19.91, 70.40, 0
2588, 2456, 28.19, 19.84, 70.28, 0
2594, 2454, 28.10, 19.95, 70.22, 0
2598, 2461, 27.82, 20.12, 70.22, 0
2599, 2466, 27.62, 20.43, 70.34, 0
2602, 2467, 27.52, 20.41, 70.19, 0
2608, 2471, 27.31, 20.64, 70.22, 0
2607, 2474, 27.26, 20.95, 70.22, 0
2613, 2482, 27.04, 21.16, 70.19, 0
2618, 2482, 26.85, 21.10, 70.04, 0
2616, 2485, 26.72, 21.35, 70.19, 0
2626, 2484, 26.52, 21.59, 70.04, 0
2631, 2490, 26.36, 21.76, 70.01, 0
2629, 2489, 26.11, 21.82, 69.95, 0
2635, 2494, 26.03, 22.01, 69.92, 0
2635, 2497, 25.76, 22.32, 70.01, 0
2637, 2507, 25.57, 22.37, 69.79, 0
2644, 2504, 25.36, 22.56, 69.82, 0
2643, 2510, 25.21, 22.83, 69.92, 0
2652, 2509, 25.11, 22.89, 69.79, 0
2656, 2514, 24.95, 23.13, 69.79, 0
2656, 2513, 24.70, 23.40, 69.58, 0
2659, 2517, 24.60, 23.68, 69.64, 0
2657, 2521, 24.43, 23.63, 69.58, 0
2666, 2525, 24.26, 23.95, 69.61, 0
2668, 2525, 24.20, 24.11, 69.64, 0
2672, 2530, 24.08, 24.35, 69.61, 0
2676, 2533, 23.95, 24.39, 69.79, 0
2680, 2539, 23.82, 24.45, 69.58, 0
2679, 2537, 23.65, 24.75, 69.37, 0
2684, 2547, 23.53, 24.83, 69.49, 0
2688, 2544, 23.36, 25.08, 69.49, 0
2687, 2551, 23.22, 25.13, 69.34, 0
2690, 2551, 23.13, 25.33, 69.43, 0
2697, 2556, 23.09, 25.33, 69.27, 0
2695, 2554, 23.01, 25.64, 69.27, 0
2697, 2552, 22.74, 25.80, 69.34, 0
2700, 2561, 22.76, 25.83, 69.34, 0
2701, 2562, 22.69, 26.24, 69.43, 0
2708, 2565, 22.51, 26.25, 69.34, 0
2709, 2565, 22.44, 26.40, 69.37, 0
2712, 2569, 22.27, 26.62, 69.37, 0
2712, 2568, 22.13, 26.85, 69.49, 0
2716, 2570, 22.09, 26.76, 69.27, 0
2714, 2574, 21.90, 26.94, 69.43, 0
2722, 2581, 21.83, 27.18, 69.31, 0
2724, 2583, 21.58, 27.52, 69.27, 0
2724, 2582, 21.44, 27.85, 69.15, 0
2728, 2584, 21.34, 28.12, 69.21, 0
2728, 2583, 21.17, 28.36, 68.97, 0
2734, 2591, 21.04, 28.56, 69.15, 0
2732, 2591, 20.93, 28.89, 68.97, 0
2737, 2594, 20.70, 29.20, 69.03, 0
2739, 2598, 20.59, 29.51, 68.94, 0
2744, 2600, 20.48, 29.73, 68.97, 0
2745, 2602, 20.40, 30.07, 68.88, 0
2744, 2602, 20.32, 30.05, 68.88, 0
2752, 2606, 20.17, 30.01, 68.97, 0
2752, 2605, 20.05, 30.12, 68.85, 0
2755, 2612, 19.95, 30.28, 68.88, 0
2757, 2613, 19.88, 30.47, 68.70, 0
2756, 2615, 19.80, 30.49, 68.73, 0
2760, 2615, 19.74, 30.50, 68.66, 0
2764, 2620, 19.67, 30.70, 68.73, 0
2768, 2621, 19.60, 30.78, 68.66, 0
2768, 2627, 19.40, 30.86, 68.70, 0
2773, 2627, 19.29, 31.04, 68.63, 0
2771, 2630, 19.23, 31.22, 68.63, 0
2773, 2633, 19.19, 31.29, 68.63, 0
2778, 2632, 19.08, 31.29, 68.70, 0
2776, 2635, 18.94, 31.52, 68.60, 0
2778, 2635, 18.95, 31.73, 68.60, 0
2784, 2639, 18.80, 31.78, 68.54, 0
2781, 2636, 18.77, 31.92, 68.42, 0
2786, 2636, 18.71, 32.10, 68.45, 0
2785, 2636, 18.63, 32.28, 68.54, 0
2789, 2645, 18.53, 32.39, 68.45, 0
2792, 2646, 18.41, 32.54, 68.60, 0
2793, 2650, 18.56, 32.72, 68.54, 0
2793, 2645, 18.37, 32.91, 68.51, 0
2798, 2647, 18.39, 33.12, 68.51, 0
2801, 2648, 18.32, 33.16, 68.45, 0
2799, 2653, 18.20, 33.28, 68.36, 0
2799, 2655, 18.08, 33.38, 68.30, 0
2803, 2657, 18.09, 33.52, 68.21, 0
2801, 2653, 18.03, 33.65, 68.39, 0
2804, 2661, 17.95, 33.85, 68.21, 0
2805, 2652, 17.89, 34.02, 68.21, 0
2808, 2661, 17.75, 33.95, 68.30, 0
2807, 2658, 17.80, 34.14, 68.36, 0
2810, 2665, 17.78, 34.35, 68.30, 0
2811, 2662, 17.61, 34.35, 68.27, 0
2809, 2662, 17.55, 34.51, 68.27, 0
2816, 2667, 17.53, 34.68, 68.27, 0
2810, 2665, 17.41, 34.81, 68.42, 0
2812, 2666, 16.51, 34.77, 132.32, 1
2814, 2670, 16.43, 36.16, 127.53, 2
2815, 2667, 16.60, 38.67, 132.63, 3
2818, 2671, 16.58, 40.18, 129.82, 4
2816, 2670, 16.54, 40.98, 130.25, 5
2818, 2671, 16.58, 41.40, 130.55, 6
2819, 2674, 16.58, 41.73, 128.17, 7
2818, 2673, 16.61, 42.21, 130.65, 8
2822, 2673, 16.57, 42.25, 128.17, 9
2819, 2675, 16.71, 42.27, 131.23, 10
2898, 2744, 12.97, 31.44, 125.79, 1
2894, 2741, 13.04, 37.75, 134.64, 2
2898, 2745, 13.22, 41.78, 130.83, 3
2899, 2742, 13.22, 43.30, 132.42, 4
2898, 2743, 13.22, 44.25, 130.71, 5
2890, 2740, 13.34, 45.34, 130.49, 6
2894, 2743, 13.42, 46.06, 131.26, 7
2891, 2739, 13.35, 46.67, 129.64, 8
2895, 2739, 13.35, 47.14, 130.25, 9
2895, 2740, 13.48, 47.68, 130.25, 10
2938, 2784, 11.31, 34.68, 127.08, 1
2934, 2781, 11.22, 40.94, 133.76, 2
2938, 2782, 11.50, 45.39, 131.44, 3
2934, 2781, 11.54, 47.15, 131.62, 4
2934, 2781, 11.68, 48.64, 129.91, 5
2934, 2780, 11.67, 49.66, 131.38, 6
2932, 2778, 11.73, 50.56, 129.97, 7
2932, 2779, 11.74, 51.27, 130.34, 8
2930, 2775, 11.74, 51.87, 130.65, 9
2929, 2778, 11.77, 52.51, 130.65, 10
2952, 2795, 10.64, 37.98, 128.17, 1
2949, 2797, 10.67, 43.81, 134.00, 2
2947, 2798, 10.85, 48.28, 134.06, 3
2947, 2799, 10.91, 50.49, 134.64, 4
2946, 2794, 11.05, 51.80, 129.76, 5
2944, 2793, 10.99, 52.72, 130.55, 6
2943, 2793, 11.03, 53.77, 129.46, 7
2940, 2790, 11.08, 54.56, 129.55, 8
2941, 2791, 11.16, 55.27, 129.91, 9
2939, 2790, 11.23, 55.79, 129.91, 10
2967, 2803, 10.13, 41.03, 127.47, 1
2955, 2808, 10.27, 46.36, 134.86, 2
2955, 2808, 10.27, 50.81, 133.33, 3
2955, 2810, 10.41, 52.75, 133.42, 4
2950, 2806, 10.50, 54.18, 129.73, 5
2955, 2805, 10.53, 55.22, 130.55, 6
2952, 2802, 10.64, 56.34, 130.89, 7
2947, 2800, 10.68, 57.11, 129.73, 8
2951, 2805, 10.72, 57.77, 129.97, 9
2948, 2800, 10.74, 58.53, 130.04, 10
2958, 2807, 10.07, 43.79, 127.87, 1
2955, 2808, 10.14, 48.46, 134.00, 2
2959, 2809, 10.26, 52.58, 133.33, 3
2954, 2806, 10.40, 54.65, 134.98, 4
2953, 2809, 10.48, 56.07, 132.69, 5
2954, 2806, 10.47, 57.16, 129.91, 6
2950, 2806, 10.51, 58.11, 129.64, 7
2950, 2804, 10.60, 58.89, 129.64, 8
2946, 2801, 10.58, 59.57, 130.16, 9
2947, 2802, 10.67, 60.10, 130.34, 10
2969, 2814, 9.86, 45.99, 128.51, 1
2960, 2810, 9.93, 50.24, 134.25, 2
2957, 2810, 10.12, 54.12, 134.74, 3
2961, 2811, 10.12, 55.93, 133.70, 4
2958, 2810, 10.33, 57.28, 134.46, 5
2957, 2807, 10.30, 58.43, 134.61, 6
2956, 2807, 10.41, 59.28, 133.12, 7
2954, 2808, 10.51, 60.02, 130.65, 8
2957, 2805, 10.51, 60.69, 129.67, 9
2954, 2807, 10.54, 61.12, 129.58, 10
2968, 2821, 9.69, 47.82, 127.87, 1
2964, 2819, 9.74, 51.87, 134.00, 2
2964, 2821, 9.95, 55.75, 131.10, 3
2963, 2814, 9.96, 57.71, 133.12, 4
2959, 2817, 10.13, 59.00, 133.76, 5
2959, 2810, 10.21, 60.09, 133.76, 6
2956, 2811, 10.17, 60.99, 133.82, 7
2960, 2811, 10.30, 61.67, 132.23, 8
2956, 2810, 10.26, 62.31, 129.76, 9
2955, 2808, 10.43, 62.81, 129.82, 10
2970, 2813, 9.81, 49.81, 127.87, 1
2958, 2816, 9.81, 53.31, 134.28, 2
2959, 2815, 9.93, 57.06, 133.42, 3
2961, 2817, 10.00, 58.94, 132.63, 4
2961, 2821, 10.06, 60.07, 133.24, 5
2955, 2811, 10.19, 61.22, 133.12, 6
2957, 2809, 10.13, 62.08, 133.33, 7
2955, 2810, 10.16, 62.91, 133.42, 8
2957, 2813, 10.32, 63.59, 129.39, 9
2952, 2808, 10.36, 64.03, 130.16, 10
2971, 2817, 9.66, 51.46, 127.72, 1
2965, 2817, 9.72, 54.60, 134.55, 2
2959, 2817, 9.88, 57.82, 133.64, 3
2961, 2817, 9.98, 59.50, 132.14, 4
2957, 2814, 10.10, 60.53, 132.78, 5
2958, 2813, 10.10, 61.36, 132.78, 6
2958, 2809, 10.14, 62.23, 132.78, 7
2960, 2813, 10.19, 62.91, 132.87, 8
2958, 2810, 10.27, 63.40, 132.78, 9
2956, 2812, 10.34, 63.93, 130.16, 10
2971, 2822, 9.45, 52.47, 128.94, 1
2965, 2810, 9.61, 55.40, 134.61, 2
2965, 2823, 9.61, 58.45, 131.59, 3
2968, 2817, 9.82, 59.94, 131.23, 4
2965, 2820, 9.89, 60.99, 132.11, 5
2962, 2816, 9.90, 61.84, 132.23, 6
2968, 2821, 10.02, 62.71, 132.11, 7
2961, 2816, 10.03, 63.28, 132.48, 8
2960, 2816, 10.14, 63.89, 132.48, 9
2962, 2820, 10.10, 64.48, 132.63, 10
2983, 2823, 9.34, 53.51, 128.85, 1
2971, 2823, 9.34, 56.31, 134.95, 2
2973, 2828, 9.41, 59.18, 131.62, 3
2971, 2826, 9.54, 60.63, 130.89, 4
2966, 2822, 9.62, 61.86, 131.59, 5
2970, 2822, 9.74, 62.76, 131.84, 6
2967, 2822, 9.85, 63.40, 131.90, 7
2967, 2814, 9.88, 64.04, 131.84, 8
2961, 2819, 9.89, 64.53, 132.05, 9
2960, 2820, 9.90, 65.10, 131.90, 10
2980, 2831, 9.09, 54.41, 127.14, 1
2974, 2831, 9.14, 57.06, 134.00, 2
2973, 2827, 9.20, 59.66, 131.84, 3
2975, 2829, 9.35, 61.06, 131.23, 4
2975, 2830, 9.35, 61.97, 131.41, 5
2974, 2825, 9.54, 62.77, 131.26, 6
2974, 2825, 9.45, 63.43, 131.41, 7
2972, 2825, 9.52, 63.86, 131.50, 8
2971, 2824, 9.58, 64.43, 131.50, 9
2970, 2827, 9.65, 64.86, 131.59, 10
2984, 2830, 8.94, 55.03, 128.60, 1
2979, 2829, 9.13, 57.74, 134.37, 2
2976, 2834, 9.31, 60.36, 131.84, 3
2975, 2830, 9.35, 61.99, 131.44, 4
2974, 2827, 9.40, 62.97, 130.58, 5
2976, 2832, 9.45, 63.92, 130.89, 6
2970, 2830, 9.57, 64.52, 131.10, 7
2970, 2824, 9.59, 65.05, 130.98, 8
2967, 2825, 9.58, 65.57, 131.10, 9
2968, 2826, 9.68, 66.07, 131.23, 10
2968, 2827, 9.62, 55.91, 125.76, 1
2964, 2823, 9.68, 58.55, 134.80, 2
2960, 2819, 9.79, 61.38, 132.11, 3
2966, 2822, 9.96, 62.89, 131.41, 4
2958, 2816, 9.99, 63.83, 130.34, 5
2963, 2818, 10.10, 64.63, 130.71, 6
2957, 2817, 10.21, 65.40, 130.46, 7
2958, 2816, 10.23, 65.85, 130.74, 8
2955, 2814, 10.27, 66.33, 130.74, 9
2956, 2817, 10.41, 66.83, 130.89, 10
2939, 2792, 10.91, 56.43, 126.37, 1
2941, 2792, 11.05, 59.05, 134.25, 2
2931, 2792, 11.25, 61.05, 131.99, 3
2931, 2791, 11.30, 62.05, 131.16, 4
2934, 2789, 11.43, 62.82, 130.55, 5
2931, 2785, 11.53, 63.31, 130.83, 6
2934, 2790, 11.50, 63.72, 131.16, 7
2930, 2781, 11.56, 64.23, 131.23, 8
2929, 2788, 11.63, 64.61, 131.16, 9
2926, 2785, 11.68, 64.81, 131.10, 10
2926, 2787, 11.30, 56.27, 125.49, 1
2931, 2779, 11.49, 57.94, 134.64, 2
2930, 2782, 11.58, 58.86, 133.12, 3
2930, 2781, 11.67, 59.07, 131.23, 4
2930, 2780, 11.71, 59.22, 130.34, 5
2924, 2779, 11.89, 59.51, 130.98, 6
2928, 2775, 11.84, 59.73, 131.23, 7
2926, 2775, 11.98, 59.91, 131.23, 8
2923, 2775, 12.01, 59.91, 131.23, 9
2924, 2779, 12.08, 59.77, 131.38, 10
2915, 2770, 11.92, 55.09, 125.40, 1
2919, 2769, 12.09, 55.77, 134.16, 2
2918, 2771, 12.28, 55.63, 132.39, 3
2914, 2769, 12.33, 55.42, 130.74, 4
2917, 2768, 12.47, 55.30, 130.89, 5
2914, 2764, 12.53, 55.33, 130.83, 6
2911, 2763, 12.56, 55.08, 130.89, 7
2914, 2763, 12.57, 55.08, 130.89, 8
2912, 2759, 12.71, 54.92, 131.16, 9
2911, 2759, 12.68, 54.75, 131.10, 10
2893, 2748, 13.19, 53.50, 125.55, 1
2895, 2745, 13.22, 53.01, 134.49, 2
2895, 2745, 13.41, 51.53, 132.97, 3
2894, 2751, 13.49, 50.70, 131.90, 4
2893, 2740, 13.49, 50.08, 130.65, 5
2895, 2743, 13.63, 49.55, 130.65, 6
2894, 2740, 13.63, 49.04, 130.65, 7
2889, 2740, 13.72, 48.55, 130.71, 8
2889, 2739, 13.80, 48.05, 130.71, 9
2890, 2733, 13.83, 47.38, 130.98, 10
2867, 2721, 14.38, 51.72, 126.10, 1
2875, 2720, 14.49, 49.17, 132.84, 2
2870, 2718, 14.65, 46.39, 133.12, 3
2869, 2717, 14.76, 45.20, 131.90, 4
2867, 2715, 14.84, 44.24, 131.53, 5
2870, 2715, 14.97, 43.58, 130.71, 6
2868, 2714, 14.93, 43.03, 131.04, 7
2864, 2713, 15.04, 42.46, 131.23, 8
2865, 2716, 15.15, 41.92, 131.23, 9
2864, 2708, 15.18, 41.48, 131.53, 10
2848, 2692, 15.68, 49.52, 128.08, 1
2843, 2695, 15.73, 45.39, 134.80, 2
2843, 2694, 15.90, 42.34, 134.06, 3
2844, 2692, 15.97, 40.67, 131.23, 4
2841, 2692, 16.03, 39.80, 131.23, 5
2844, 2697, 16.14, 38.95, 130.65, 6
2839, 2692, 16.09, 38.18, 130.74, 7
2838, 2688, 16.31, 37.72, 130.74, 8
2837, 2689, 16.21, 37.18, 130.89, 9
2838, 2684, 16.33, 36.89, 130.65, 10
2820, 2672, 16.57, 47.48, 125.40, 1
2823, 2675, 16.72, 42.51, 134.95, 2
2821, 2673, 16.96, 39.10, 133.33, 3
2819, 2671, 16.95, 37.92, 131.90, 4
2820, 2672, 17.06, 36.81, 130.89, 5
2822, 2669, 17.13, 36.02, 130.98, 6
2819, 2672, 17.19, 35.30, 131.38, 7
2815, 2665, 17.23, 34.60, 130.83, 8
2811, 2664, 17.29, 34.09, 130.98, 9
2811, 2666, 17.23, 33.63, 131.10, 10
2805, 2654, 17.53, 45.90, 127.53, 1
2801, 2654, 17.64, 39.84, 133.03, 2
2800, 2652, 17.74, 36.64, 133.61, 3
2798, 2655, 17.89, 35.20, 131.90, 4
2798, 2651, 18.02, 34.21, 131.44, 5
2799, 2651, 18.20, 33.34, 130.89, 6
2797, 2651, 18.11, 32.40, 130.89, 7
2796, 2645, 18.16, 31.88, 130.83, 8
2794, 2649, 18.22, 31.09, 131.38, 9
2794, 2649, 18.15, 30.46, 131.23, 10
2779, 2635, 18.46, 44.36, 125.09, 1
2783, 2631, 18.57, 37.63, 134.98, 2
2784, 2637, 18.72, 34.18, 133.64, 3
2785, 2637, 18.83, 32.56, 132.11, 4
2780, 2635, 18.94, 31.25, 130.74, 5
2778, 2635, 19.06, 30.44, 131.04, 6
2775, 2632, 19.01, 29.53, 131.10, 7
2774, 2627, 19.11, 28.89, 131.10, 8
2775, 2631, 19.16, 28.43, 131.23, 9
2775, 2626, 19.25, 28.10, 131.23, 10
2767, 2623, 19.08, 43.13, 125.37, 1
2772, 2623, 19.18, 36.22, 134.95, 2
2766, 2619, 19.30, 33.18, 133.76, 3
2772, 2616, 19.46, 31.84, 132.08, 4
2772, 2623, 19.54, 30.51, 131.04, 5
2768, 2620, 19.62, 29.62, 131.16, 6
2765, 2616, 19.64, 29.09, 131.16, 7
2762, 2617, 19.76, 28.48, 131.53, 8
2762, 2615, 19.76, 27.98, 131.10, 9
2760, 2616, 19.90, 27.54, 131.23, 10
2755, 2615, 19.72, 42.05, 128.14, 1
2753, 2609, 19.85, 35.25, 133.51, 2
2752, 2610, 19.83, 32.63, 133.24, 3
2756, 2611, 20.17, 31.11, 131.68, 4
2751, 2612, 20.08, 30.13, 131.23, 5
2756, 2606, 20.21, 29.27, 131.41, 6
2753, 2608, 20.18, 28.25, 131.53, 7
2755, 2608, 20.28, 27.93, 131.53, 8
2748, 2608, 20.28, 27.45, 131.53, 9
2747, 2603, 20.40, 27.26, 131.41, 10
2743, 2603, 20.21, 41.26, 126.65, 1
2745, 2602, 20.24, 34.30, 133.21, 2
2745, 2603, 20.43, 31.33, 133.42, 3
2743, 2598, 20.50, 30.33, 131.56, 4
2748, 2600, 20.59, 29.37, 130.65, 5
2745, 2599, 20.67, 28.27, 130.89, 6
2742, 2596, 20.73, 27.69, 131.26, 7
2742, 2599, 20.79, 27.10, 131.04, 8
2740, 2599, 20.73, 26.65, 131.41, 9
2742, 2597, 20.91, 26.25, 131.26, 10
2727, 2589, 21.03, 40.56, 125.49, 1
2730, 2587, 21.10, 32.39, 133.12, 2
2728, 2585, 21.23, 29.07, 133.51, 3
2726, 2583, 21.35, 27.38, 131.84, 4
2732, 2584, 21.41, 26.36, 131.10, 5
2725, 2584, 21.38, 25.55, 130.98, 6
2724, 2582, 21.51, 24.88, 131.10, 7
2725, 2580, 21.61, 24.28, 131.23, 8
2724, 2581, 21.58, 24.08, 131.16, 9
2721, 2578, 21.65, 23.55, 131.16, 10
2730, 2581, 21.07, 39.39, 125.55, 1
2730, 2579, 21.30, 31.45, 132.90, 2
2729, 2582, 21.34, 28.64, 133.70, 3
2725, 2580, 21.49, 27.14, 132.11, 4
2725, 2583, 21.56, 26.13, 131.26, 5
2723, 2577, 21.59, 25.29, 131.04, 6
2720, 2579, 21.58, 24.55, 131.04, 7
2723, 2578, 21.66, 23.94, 131.04, 8
2721, 2575, 21.69, 23.57, 131.50, 9
2722, 2576, 21.85, 23.17, 131.50, 10
2719, 2574, 21.44, 38.59, 127.47, 1
2726, 2579, 21.51, 30.51, 134.28, 2
2717, 2576, 21.62, 27.29, 132.39, 3
2721, 2582, 21.65, 25.76, 132.84, 4
2717, 2575, 21.82, 24.70, 131.16, 5
2716, 2576, 21.85, 23.93, 131.10, 6
2718, 2577, 21.92, 23.25, 131.16, 7
2717, 2575, 21.95, 22.96, 131.16, 8
2715, 2571, 21.97, 22.57, 131.16, 9
2712, 2571, 22.09, 21.91, 131.16, 10
2716, 2571, 21.63, 37.94, 125.64, 1
2722, 2580, 21.69, 29.65, 134.64, 2
2717, 2574, 21.86, 26.21, 134.86, 3
2713, 2574, 21.90, 24.95, 132.48, 4
2714, 2575, 22.03, 23.97, 130.74, 5
2710, 2570, 22.00, 23.15, 130.65, 6
2714, 2569, 22.09, 22.72, 130.74, 7
2714, 2573, 22.13, 21.86, 130.74, 8
2711, 2571, 22.21, 21.17, 130.65, 9
2710, 2568, 22.23, 21.01, 130.74, 10
2711, 2570, 21.78, 37.20, 125.79, 1
2716, 2571, 21.88, 28.95, 134.22, 2
2713, 2569, 22.03, 25.78, 134.74, 3
2711, 2569, 22.17, 24.60, 132.48, 4
2710, 2569, 22.13, 23.69, 130.74, 5
2711, 2569, 22.25, 22.80, 130.58, 6
2707, 2565, 22.40, 22.08, 130.43, 7
2708, 2571, 22.28, 21.35, 130.49, 8
2704, 2564, 22.36, 20.82, 130.43, 9
2708, 2561, 22.45, 20.52, 130.65, 10
2709, 2567, 21.97, 36.53, 125.79, 1
2707, 2567, 22.10, 28.17, 133.15, 2
2713, 2566, 22.21, 25.22, 134.49, 3
2709, 2568, 22.25, 24.04, 133.15, 4
2707, 2568, 22.31, 23.05, 130.65, 5
2705, 2567, 22.40, 22.33, 129.97, 6
2706, 2560, 22.58, 21.47, 130.43, 7
2705, 2564, 22.54, 21.04, 130.49, 8
2700, 2562, 22.62, 20.49, 130.25, 9
2704, 2558, 22.64, 19.99, 130.43, 10
2709, 2564, 22.00, 35.98, 125.92, 1
2708, 2566, 22.18, 27.77, 134.95, 2
2711, 2565, 22.31, 25.06, 134.22, 3
2704, 2565, 22.36, 23.73, 131.90, 4
2707, 2564, 22.40, 22.77, 130.89, 5
2704, 2563, 22.45, 21.79, 130.25, 6
2705, 2561, 22.64, 21.21, 130.71, 7
2703, 2560, 22.58, 20.70, 129.91, 8
2701, 2571, 22.55, 20.27, 130.43, 9
2702, 2559, 22.69, 19.90, 130.43, 10
2706, 2570, 21.92, 35.28, 126.74, 1
2707, 2563, 22.16, 27.46, 134.37, 2
2707, 2567, 22.33, 24.79, 134.37, 3
2708, 2565, 22.40, 23.45, 132.48, 4
2708, 2568, 22.51, 22.54, 129.76, 5
2706, 2561, 22.43, 21.67, 130.43, 6
2702, 2562, 22.61, 21.13, 130.49, 7
2708, 2557, 22.57, 20.56, 129.76, 8
2698, 2561, 22.54, 20.07, 129.97, 9
2702, 2556, 22.74, 19.76, 130.34, 10
2710, 2569, 21.83, 35.08, 126.31, 1
2711, 2568, 21.95, 27.64, 134.64, 2
2704, 2570, 22.09, 25.17, 134.37, 3
2713, 2568, 22.11, 23.92, 132.39, 4
2713, 2568, 22.20, 22.86, 130.43, 5
2709, 2570, 22.25, 22.00, 130.65, 6
2710, 2568, 22.31, 21.62, 129.97, 7
2707, 2563, 22.44, 21.08, 129.91, 8
2705, 2565, 22.44, 20.59, 130.16, 9
2704, 2562, 22.41, 20.15, 129.97, 10
2717, 2578, 21.45, 34.66, 126.65, 1
2718, 2577, 21.46, 27.59, 134.86, 2
2719, 2573, 21.58, 25.29, 133.24, 3
2718, 2580, 21.61, 24.23, 132.90, 4
2718, 2577, 21.79, 23.47, 130.83, 5
2717, 2580, 21.83, 22.63, 130.34, 6
2715, 2574, 21.92, 22.12, 130.55, 7
2720, 2576, 21.93, 21.62, 129.97, 8
2715, 2575, 21.96, 21.11, 130.16, 9
2711, 2573, 22.09, 20.93, 130.25, 10
2735, 2591, 20.76, 34.46, 126.98, 1
2732, 2594, 20.80, 27.87, 131.90, 2
2737, 2594, 20.87, 25.65, 132.11, 3
2736, 2589, 21.05, 24.35, 132.90, 4
2731, 2587, 21.05, 23.58, 130.89, 5
2734, 2592, 21.17, 22.89, 130.43, 6
2730, 2586, 21.23, 22.20, 130.58, 7
2730, 2587, 21.20, 21.87, 129.55, 8
2730, 2587, 21.24, 21.55, 129.55, 9
2731, 2585, 21.24, 21.08, 129.67, 10
2757, 2613, 19.67, 34.01, 127.35, 1
2757, 2611, 19.74, 28.03, 134.37, 2
2759, 2611, 19.90, 25.86, 133.70, 3
2755, 2607, 20.02, 24.80, 130.65, 4
2755, 2612, 20.05, 23.97, 131.16, 5
2752, 2611, 20.10, 23.50, 130.25, 6
2754, 2607, 20.10, 22.94, 130.58, 7
2755, 2610, 20.07, 22.60, 130.83, 8
2752, 2605, 20.14, 22.15, 129.76, 9
2752, 2609, 20.17, 21.93, 130.89, 10
2781, 2638, 18.43, 33.78, 127.32, 1
2784, 2638, 18.47, 28.87, 134.95, 2
2783, 2641, 18.60, 26.94, 131.99, 3
2788, 2635, 18.64, 26.09, 132.51, 4
2781, 2637, 18.77, 25.51, 130.58, 5
2780, 2637, 18.74, 24.90, 129.76, 6
2779, 2635, 18.88, 24.42, 130.25, 7
2785, 2635, 18.84, 24.21, 130.25, 8
2779, 2635, 18.87, 23.87, 130.25, 9
2777, 2634, 18.88, 23.67, 129.15, 10
2801, 2656, 17.27, 33.77, 127.14, 1
2806, 2660, 17.43, 29.93, 134.37, 2
2806, 2663, 17.57, 28.31, 132.35, 3
2802, 2657, 17.64, 27.70, 131.44, 4
2806, 2657, 17.73, 27.00, 130.46, 5
2806, 2660, 17.70, 26.66, 130.46, 6
2804, 2655, 17.81, 26.38, 129.55, 7
2805, 2655, 17.84, 25.99, 129.27, 8
2803, 2654, 17.88, 25.65, 129.39, 9
2808, 2655, 17.85, 25.49, 129.39, 10
2826, 2679, 16.35, 33.92, 127.20, 1
2832, 2680, 16.51, 30.45, 134.61, 2
2830, 2683, 16.65, 28.89, 131.41, 3
2831, 2681, 16.64, 28.15, 131.50, 4
2828, 2680, 16.81, 27.75, 130.25, 5
2830, 2675, 16.76, 27.28, 130.58, 6
2825, 2675, 16.81, 26.85, 129.27, 7
2826, 2677, 16.93, 26.64, 129.39, 8
2824, 2669, 16.93, 26.29, 131.16, 9
2824, 2673, 16.95, 26.10, 129.97, 10
2842, 2695, 15.58, 34.04, 126.74, 1
2842, 2692, 15.78, 30.62, 133.94, 2
2841, 2691, 15.85, 28.99, 131.90, 3
2839, 2693, 15.92, 28.25, 131.16, 4
2845, 2692, 16.04, 27.74, 129.06, 5
2842, 2693, 16.04, 27.47, 129.76, 6
2843, 2690, 16.24, 27.17, 130.16, 7
2843, 2690, 16.09, 26.81, 130.55, 8
2842, 2687, 16.23, 26.39, 130.25, 9
2839, 2688, 16.16, 26.27, 130.83, 10
2859, 2703, 15.13, 34.10, 126.98, 1
2857, 2705, 15.17, 30.97, 134.28, 2
2854, 2701, 15.44, 29.41, 132.23, 3
2857, 2706, 15.37, 28.66, 131.53, 4
2853, 2702, 15.51, 28.18, 129.97, 5
2851, 2706, 15.52, 27.89, 130.34, 6
2854, 2707, 15.64, 27.54, 130.43, 7
2854, 2704, 15.64, 27.37, 129.24, 8
2849, 2701, 15.73, 27.17, 129.27, 9
2845, 2702, 15.75, 26.89, 129.46, 10
2867, 2717, 14.66, 34.02, 127.84, 1
2872, 2718, 14.69, 31.26, 134.25, 2
2870, 2714, 14.76, 29.99, 131.10, 3
2867, 2720, 14.91, 29.45, 131.23, 4
2867, 2715, 14.87, 28.93, 131.16, 5
2868, 2716, 14.99, 28.68, 130.34, 6
2864, 2712, 15.01, 28.25, 130.25, 7
2860, 2714, 15.09, 27.86, 129.15, 8
2865, 2710, 15.23, 27.83, 130.49, 9
2862, 2713, 15.17, 27.53, 131.10, 10
2876, 2725, 14.15, 34.03, 127.32, 1
2885, 2726, 14.10, 31.82, 133.88, 2
2880, 2736, 14.31, 30.59, 134.49, 3
2878, 2728, 14.42, 30.13, 131.74, 4
2878, 2724, 14.49, 29.83, 128.57, 5
2880, 2726, 14.55, 29.35, 130.65, 6
2874, 2727, 14.68, 29.24, 129.46, 7
2875, 2721, 14.59, 29.00, 129.55, 8
2876, 2721, 14.66, 28.58, 129.91, 9
2871, 2727, 14.72, 28.66, 129.91, 10
2893, 2740, 13.59, 34.14, 127.08, 1
2892, 2735, 13.69, 32.62, 133.42, 2
2889, 2743, 13.84, 31.46, 134.37, 3
2893, 2738, 13.83, 30.94, 131.44, 4
2887, 2735, 13.94, 30.67, 129.33, 5
2887, 2735, 14.10, 30.44, 130.34, 6
2885, 2736, 14.04, 30.14, 130.46, 7
2887, 2733, 14.07, 29.98, 129.24, 8
2885, 2731, 14.21, 29.87, 130.58, 9
2886, 2734, 14.24, 29.77, 130.89, 10
2895, 2746, 13.23, 34.37, 127.84, 1
2893, 2744, 13.30, 33.14, 134.25, 2
2897, 2743, 13.57, 32.29, 133.58, 3
2897, 2741, 13.65, 32.05, 132.57, 4
2896, 2742, 13.72, 31.73, 129.64, 5
2895, 2738, 13.66, 31.40, 130.13, 6
2892, 2740, 13.83, 31.24, 130.25, 7
2890, 2743, 13.81, 31.15, 130.25, 8
2896, 2741, 13.93, 30.94, 129.18, 9
2891, 2739, 13.93, 31.00, 130.46, 10
2905, 2746, 12.98, 34.76, 127.32, 1
2901, 2754, 13.05, 33.74, 134.86, 2
2902, 2752, 13.19, 33.12, 131.99, 3
2901, 2749, 13.42, 32.98, 131.10, 4
2902, 2741, 13.43, 32.83, 129.00, 5
2899, 2744, 13.50, 32.64, 129.06, 6
2899, 2747, 13.48, 32.52, 129.39, 7
2893, 2743, 13.57, 32.48, 129.97, 8
2894, 2749, 13.70, 32.30, 130.13, 9
2898, 2745, 13.57, 32.29, 130.34, 10
2912, 2761, 12.76, 35.00, 127.20, 1
2908, 2757, 12.76, 34.36, 134.86, 2
2910, 2758, 12.77, 34.03, 131.90, 3
2908, 2759, 12.90, 33.76, 130.83, 4
2909, 2755, 13.07, 33.57, 131.41, 5
2906, 2755, 13.08, 33.54, 129.73, 6
2903, 2754, 13.21, 33.34, 129.82, 7
2908, 2754, 13.26, 33.36, 132.11, 8
2906, 2752, 13.17, 33.25, 130.16, 9
2906, 2749, 13.29, 33.06, 129.97, 10
2918, 2765, 12.42, 35.30, 127.04, 1
2918, 2767, 12.40, 34.81, 134.70, 2
2916, 2765, 12.64, 34.61, 131.90, 3
2913, 2766, 12.76, 34.36, 131.99, 4
2918, 2764, 12.79, 34.35, 128.51, 5
2917, 2763, 12.80, 34.24, 128.85, 6
2912, 2763, 12.86, 34.20, 129.15, 7
2911, 2758, 12.90, 33.97, 129.15, 8
2911, 2761, 12.98, 33.99, 129.67, 9
2906, 2760, 13.05, 33.92, 129.27, 10
2920, 2764, 12.26, 35.61, 126.92, 1
2917, 2770, 12.44, 35.37, 134.74, 2
2918, 2766, 12.49, 35.09, 131.68, 3
2916, 2766, 12.64, 34.91, 131.90, 4
2920, 2765, 12.67, 34.82, 128.57, 5
2923, 2762, 12.73, 34.75, 129.06, 6
2917, 2767, 12.74, 34.73, 129.12, 7
2915, 2759, 12.84, 34.70, 129.15, 8
2916, 2761, 12.83, 34.61, 129.82, 9
2912, 2755, 12.86, 34.65, 129.82, 10
2916, 2771, 12.19, 35.93, 126.92, 1
2918, 2769, 12.36, 35.88, 133.54, 2
2921, 2767, 12.44, 35.50, 131.16, 3
2918, 2768, 12.59, 35.38, 130.89, 4
2919, 2765, 12.64, 35.45, 130.89, 5
2913, 2768, 12.62, 35.35, 131.90, 6
2917, 2763, 12.80, 35.31, 129.49, 7
2917, 2765, 12.68, 35.15, 129.67, 8
2915, 2757, 12.73, 35.16, 132.08, 9
2919, 2761, 12.88, 35.26, 129.82, 10
2918, 2768, 12.16, 36.15, 126.68, 1
2919, 2766, 12.21, 36.15, 133.61, 2
2922, 2766, 12.40, 36.08, 131.23, 3
2916, 2765, 12.52, 35.96, 132.23, 4
2919, 2763, 12.53, 35.91, 131.23, 5
2920, 2767, 12.63, 35.80, 129.39, 6
2918, 2765, 12.63, 35.58, 128.85, 7
2914, 2762, 12.70, 35.68, 129.06, 8
2916, 2758, 12.74, 35.65, 129.64, 9
2913, 2761, 12.81, 35.69, 129.27, 10
2912, 2765, 12.22, 36.49, 128.20, 1
2919, 2767, 12.31, 36.31, 134.74, 2
2915, 2767, 12.39, 36.15, 131.81, 3
2916, 2772, 12.57, 35.97, 131.90, 4
2917, 2768, 12.62, 35.83, 130.89, 5
2918, 2769, 12.57, 35.90, 128.94, 6
2916, 2764, 12.77, 35.73, 131.90, 7
2917, 2762, 12.79, 35.67, 129.67, 8
2912, 2766, 12.83, 35.65, 129.64, 9
2913, 2757, 12.81, 35.61, 131.99, 10
2916, 2770, 12.40, 36.64, 126.50, 1
2914, 2763, 12.54, 36.11, 133.70, 2
2915, 2765, 12.67, 35.79, 131.04, 3
2915, 2763, 12.86, 35.56, 130.65, 4
2916, 2766, 12.71, 35.36, 131.04, 5
2909, 2755, 12.92, 35.37, 131.90, 6
2912, 2759, 12.97, 35.24, 129.49, 7
2909, 2755, 13.02, 35.17, 129.49, 8
2911, 2760, 13.14, 35.01, 129.06, 9
2908, 2756, 13.11, 34.84, 129.97, 10
2908, 2754, 12.76, 36.64, 128.20, 1
2911, 2757, 12.88, 35.80, 133.88, 2
2908, 2754, 12.98, 35.40, 131.41, 3
2908, 2757, 13.14, 35.07, 131.10, 4
2905, 2756, 13.17, 34.81, 131.41, 5
2907, 2753, 13.19, 34.70, 129.64, 6
2904, 2753, 13.22, 34.41, 129.82, 7
2904, 2756, 13.29, 34.30, 129.55, 8
2904, 2749, 13.32, 34.24, 130.25, 9
2901, 2751, 13.35, 34.11, 129.82, 10
2902, 2752, 13.05, 36.52, 128.14, 1
2904, 2754, 13.15, 35.65, 134.06, 2
2901, 2749, 13.17, 35.01, 131.41, 3
2906, 2752, 13.32, 34.55, 130.89, 4
2901, 2747, 13.46, 34.32, 131.16, 5
2903, 2745, 13.45, 34.22, 129.49, 6
2903, 2746, 13.46, 33.92, 129.39, 7
2900, 2746, 13.49, 33.92, 129.73, 8
2898, 2747, 13.55, 33.67, 129.97, 9
2897, 2746, 13.59, 33.51, 130.25, 10
2903, 2753, 12.91, 36.34, 127.99, 1
2904, 2755, 13.02, 35.40, 134.95, 2
2903, 2750, 13.11, 35.08, 132.05, 3
2906, 2753, 13.22, 34.64, 131.84, 4
2903, 2752, 13.39, 34.32, 131.10, 5
2904, 2750, 13.35, 34.29, 129.58, 6
2904, 2745, 13.38, 34.22, 129.06, 7
2903, 2748, 13.49, 34.04, 132.08, 8
2900, 2749, 13.56, 33.94, 130.34, 9
2895, 2743, 13.50, 33.73, 130.13, 10
2905, 2754, 12.86, 36.37, 128.14, 1
2905, 2755, 12.92, 35.63, 134.06, 2
2909, 2753, 13.05, 35.27, 131.23, 3
2907, 2757, 13.14, 34.97, 131.16, 4
2908, 2756, 13.26, 34.93, 128.85, 5
2903, 2753, 13.35, 34.75, 128.94, 6
2903, 2751, 13.36, 34.70, 129.06, 7
2902, 2749, 13.45, 34.47, 132.08, 8
2902, 2749, 13.46, 34.36, 129.82, 9
2902, 2744, 13.55, 34.32, 130.25, 10
2904, 2753, 13.00, 36.51, 126.28, 1
2903, 2754, 13.08, 35.79, 134.95, 2
2903, 2749, 13.18, 35.44, 132.11, 3
2905, 2752, 13.29, 35.27, 132.23, 4
2900, 2752, 13.48, 34.96, 131.41, 5
2903, 2746, 13.49, 34.94, 129.82, 6
2901, 2748, 13.55, 34.69, 129.73, 7
2898, 2744, 13.60, 34.63, 129.97, 8
2895, 2744, 13.56, 34.57, 130.13, 9
2895, 2743, 13.73, 34.40, 130.25, 10
2897, 2744, 13.43, 36.64, 126.74, 1
2893, 2747, 13.48, 35.68, 134.70, 2
2897, 2743, 13.62, 35.14, 132.75, 3
2895, 2744, 13.83, 34.82, 132.63, 4
2890, 2742, 13.86, 34.59, 129.39, 5
2892, 2740, 13.88, 34.49, 128.45, 6
2889, 2732, 13.94, 34.30, 130.34, 7
2892, 2736, 13.94, 34.19, 130.34, 8
2888, 2733, 14.00, 34.15, 129.18, 9
2889, 2736, 14.07, 34.04, 129.18, 10
2871, 2714, 14.87, 36.50, 127.08, 1
2867, 2718, 14.97, 34.95, 134.49, 2
2864, 2719, 15.20, 33.98, 132.63, 3
2866, 2711, 15.34, 33.46, 131.41, 4
2865, 2715, 15.41, 33.12, 129.24, 5
2858, 2713, 15.59, 32.86, 130.04, 6
2861, 2710, 15.65, 32.69, 130.25, 7
2858, 2712, 15.69, 32.47, 129.27, 8
2857, 2707, 15.69, 32.30, 129.27, 9
2855, 2706, 15.86, 32.17, 129.33, 10
2790, 2645, 18.09, 36.57, 126.59, 1
2793, 2650, 18.23, 33.25, 134.37, 2
2793, 2646, 18.33, 31.51, 133.24, 3
2792, 2647, 18.40, 30.64, 132.63, 4
2790, 2643, 18.51, 30.16, 130.58, 5
2788, 2640, 18.57, 29.74, 130.25, 6
2785, 2642, 18.54, 29.31, 130.34, 7
2788, 2644, 18.71, 29.00, 129.33, 8
2787, 2639, 18.75, 28.54, 130.46, 9
2787, 2641, 18.87, 28.34, 129.64, 10
2771, 2633, 19.08, 35.88, 126.37, 1
2776, 2633, 19.11, 32.17, 132.42, 2
2773, 2631, 19.32, 30.72, 134.06, 3
2771, 2629, 19.49, 29.91, 132.08, 4
2771, 2629, 19.52, 29.29, 130.13, 5
2770, 2624, 19.60, 28.92, 130.58, 6
2765, 2626, 19.60, 28.54, 129.33, 7
2767, 2624, 19.70, 28.18, 130.58, 8
2762, 2624, 19.77, 27.79, 129.76, 9
2763, 2623, 19.84, 27.70, 129.97, 10
2727, 2587, 21.07, 35.50, 126.01, 1
2728, 2587, 21.24, 30.71, 134.61, 2
2731, 2588, 21.38, 28.94, 134.22, 3
2727, 2588, 21.52, 28.14, 132.63, 4
2726, 2582, 21.68, 27.61, 129.55, 5
2722, 2584, 21.59, 27.14, 130.34, 6
2718, 2582, 21.69, 26.69, 130.25, 7
2727, 2581, 21.66, 26.32, 129.58, 8
2726, 2576, 21.80, 26.14, 130.55, 9
2722, 2577, 21.80, 26.00, 129.67, 10
2711, 2566, 22.11, 34.98, 125.79, 1
2711, 2570, 22.24, 30.32, 133.24, 2
2710, 2565, 22.30, 28.74, 133.70, 3
2705, 2571, 22.44, 27.72, 132.11, 4
2703, 2569, 22.51, 27.13, 129.91, 5
2700, 2566, 22.51, 26.56, 130.43, 6
2705, 2564, 22.71, 26.12, 129.55, 7
2700, 2561, 22.66, 25.70, 129.82, 8
2699, 2562, 22.78, 25.48, 130.71, 9
2696, 2560, 22.82, 25.03, 129.91, 10
2690, 2549, 23.03, 34.58, 126.01, 1
2689, 2552, 23.10, 29.06, 134.37, 2
2688, 2549, 23.23, 27.43, 134.64, 3
2690, 2549, 23.33, 26.68, 133.15, 4
2687, 2547, 23.41, 26.10, 129.97, 5
2680, 2545, 23.40, 25.63, 130.58, 6
2685, 2542, 23.57, 25.09, 130.83, 7
2679, 2546, 23.61, 24.84, 130.04, 8
2681, 2541, 23.68, 24.41, 129.91, 9
2677, 2540, 23.67, 24.22, 129.91, 10
2671, 2526, 23.85, 34.12, 126.10, 1
2674, 2533, 24.05, 28.36, 133.76, 2
2668, 2527, 24.09, 26.65, 133.76, 3
2668, 2533, 24.23, 25.95, 131.90, 4
2668, 2528, 24.37, 25.28, 129.91, 5
2662, 2527, 24.44, 24.71, 130.13, 6
2660, 2527, 24.46, 24.23, 130.43, 7
2664, 2527, 24.53, 23.96, 130.43, 8
2664, 2525, 24.57, 23.53, 129.33, 9
2659, 2525, 24.62, 23.32, 130.58, 10
2654, 2521, 24.57, 33.71, 126.31, 1
2654, 2518, 24.60, 27.97, 134.70, 2
2654, 2521, 24.85, 26.29, 134.70, 3
2653, 2519, 24.84, 25.42, 132.14, 4
2655, 2512, 24.87, 24.93, 131.74, 5
2651, 2516, 25.01, 24.43, 130.25, 6
2651, 2514, 25.05, 24.07, 130.49, 7
2652, 2511, 25.05, 23.81, 130.65, 8
2647, 2506, 25.18, 23.53, 129.67, 9
2646, 2508, 25.21, 23.35, 129.76, 10
2655, 2521, 24.62, 33.48, 126.68, 1
2656, 2518, 24.63, 28.15, 134.70, 2
2651, 2517, 24.75, 26.55, 133.76, 3
2661, 2515, 24.83, 25.92, 132.32, 4
2655, 2514, 24.83, 25.11, 130.25, 5
2650, 2515, 25.02, 24.68, 129.76, 6
2649, 2509, 25.10, 24.40, 129.67, 7
2650, 2511, 25.08, 24.07, 130.71, 8
2645, 2511, 25.11, 23.66, 129.97, 9
2647, 2511, 25.21, 23.49, 129.97, 10
2636, 2492, 25.83, 33.19, 126.74, 1
2629, 2494, 25.88, 27.56, 134.80, 2
2632, 2496, 26.05, 26.23, 134.06, 3
2636, 2490, 26.21, 25.52, 132.05, 4
2632, 2493, 26.23, 24.82, 129.67, 5
2626, 2489, 26.20, 24.49, 130.25, 6
2625, 2486, 26.39, 24.21, 130.13, 7
2626, 2484, 26.42, 23.88, 130.25, 8
2623, 2481, 26.55, 23.56, 130.34, 9
2621, 2484, 26.53, 23.25, 129.55, 10
2593, 2465, 27.33, 33.07, 126.56, 1
2597, 2463, 27.38, 27.31, 134.70, 2
2597, 2463, 27.55, 25.70, 133.88, 3
2598, 2459, 27.59, 25.07, 131.10, 4
2598, 2464, 27.78, 24.41, 130.89, 5
2596, 2459, 27.75, 23.95, 130.46, 6
2594, 2457, 27.93, 23.53, 130.25, 7
2593, 2458, 27.91, 23.04, 129.00, 8
2593, 2456, 27.99, 22.78, 130.65, 9
2588, 2456, 28.10, 22.47, 130.89, 10
2573, 2439, 28.60, 32.83, 127.44, 1
2577, 2440, 28.64, 26.71, 134.28, 2
2571, 2437, 28.87, 25.47, 132.87, 3
2573, 2436, 28.95, 24.71, 132.11, 4
2568, 2434, 29.08, 23.98, 130.04, 5
2567, 2435, 29.08, 23.43, 130.46, 6
2568, 2435, 29.12, 22.97, 130.34, 7
2570, 2434, 29.29, 22.68, 129.58, 8
2560, 2434, 29.37, 22.32, 129.82, 9
2563, 2430, 29.36, 22.01, 129.91, 10
2549, 2417, 29.50, 32.56, 127.99, 1
2553, 2418, 29.58, 26.36, 134.55, 2
2559, 2419, 29.75, 24.96, 132.75, 3
2553, 2417, 29.87, 24.07, 132.23, 4
2550, 2416, 29.98, 23.56, 129.97, 5
2547, 2412, 30.01, 23.13, 130.55, 6
2549, 2418, 30.04, 22.81, 129.67, 7
2544, 2414, 30.09, 22.24, 129.67, 8
2545, 2409, 30.18, 22.04, 129.67, 9
2542, 2413, 30.23, 21.82, 129.76, 10
2549, 2409, 29.75, 32.34, 127.84, 1
2544, 2413, 29.77, 26.15, 134.22, 2
2549, 2414, 29.88, 24.87, 132.97, 3
2544, 2411, 30.08, 24.11, 131.99, 4
2543, 2412, 30.15, 23.54, 130.89, 5
2544, 2408, 30.18, 22.94, 130.34, 6
2541, 2406, 30.16, 22.57, 130.34, 7
2539, 2410, 30.21, 22.30, 130.43, 8
2543, 2407, 30.26, 22.06, 130.43, 9
2539, 2406, 30.28, 21.84, 130.58, 10
2564, 2430, 28.69, 31.93, 128.36, 1
2563, 2433, 28.81, 26.74, 133.03, 2
2573, 2431, 28.82, 25.50, 133.09, 3
2569, 2432, 28.98, 24.82, 131.38, 4
2565, 2428, 29.06, 24.28, 130.65, 5
2562, 2428, 29.15, 23.88, 130.43, 6
2560, 2437, 29.17, 23.61, 130.43, 7
2565, 2427, 29.25, 23.26, 130.55, 8
2558, 2431, 29.30, 23.01, 130.65, 9
2561, 2426, 29.32, 22.78, 129.97, 10
2582, 2451, 27.89, 31.83, 127.14, 1
2584, 2446, 27.93, 27.13, 132.69, 2
2585, 2446, 28.04, 26.07, 133.15, 3
2581, 2449, 28.17, 25.37, 131.53, 4
2581, 2445, 28.20, 24.97, 131.16, 5
2581, 2446, 28.26, 24.53, 130.58, 6
2581, 2446, 28.33, 24.21, 129.24, 7
2580, 2441, 28.40, 23.85, 129.15, 8
2581, 2447, 28.48, 23.70, 129.24, 9
2582, 2444, 28.39, 23.49, 130.55, 10
2587, 2450, 27.82, 31.98, 126.43, 1
2587, 2452, 27.92, 27.19, 132.84, 2
2590, 2449, 27.93, 25.93, 133.76, 3
2585, 2448, 28.09, 25.29, 131.59, 4
2583, 2454, 28.17, 24.81, 131.04, 5
2587, 2450, 28.14, 24.42, 130.58, 6
2585, 2448, 28.33, 24.11, 130.46, 7
2579, 2449, 28.33, 23.99, 130.65, 8
2582, 2445, 28.31, 23.74, 130.65, 9
2581, 2445, 28.37, 23.26, 130.58, 10
2580, 2447, 28.00, 31.65, 126.92, 1
2584, 2449, 28.13, 28.54, 133.09, 2
2583, 2448, 28.28, 27.94, 133.61, 3
2583, 2449, 28.36, 27.37, 131.04, 4
2583, 2448, 28.40, 27.03, 130.65, 5
2582, 2449, 28.41, 26.88, 129.91, 6
2579, 2445, 28.54, 26.43, 130.04, 7
2575, 2443, 28.60, 26.31, 130.04, 8
2572, 2444, 28.77, 26.09, 129.91, 9
2576, 2443, 28.72, 26.08, 129.91, 10
2586, 2443, 28.09, 32.08, 126.86, 1
2583, 2448, 28.22, 29.08, 132.90, 2
2580, 2448, 28.31, 28.35, 133.33, 3
2582, 2450, 28.50, 27.98, 130.89, 4
2580, 2448, 28.60, 27.56, 130.46, 5
2575, 2442, 28.60, 27.35, 130.46, 6
2573, 2443, 28.62, 26.86, 129.67, 7
2578, 2445, 28.60, 26.75, 129.82, 8
2575, 2436, 28.71, 26.42, 130.55, 9
2573, 2440, 28.82, 26.32, 129.82, 10
2588, 2453, 27.78, 32.16, 126.74, 1
2585, 2454, 27.92, 28.93, 132.23, 2
2585, 2455, 28.02, 28.15, 133.09, 3
2587, 2449, 28.10, 27.41, 131.59, 4
2586, 2449, 28.23, 27.10, 131.23, 5
2581, 2450, 28.27, 26.80, 130.65, 6
2579, 2447, 28.20, 26.50, 129.97, 7
2582, 2453, 28.37, 26.48, 129.97, 8
2582, 2443, 28.37, 26.23, 129.97, 9
2580, 2448, 28.39, 26.18, 130.04, 10
2608, 2467, 26.82, 32.07, 127.56, 1
2609, 2470, 26.94, 29.63, 134.55, 2
2603, 2470, 26.99, 28.86, 133.33, 3
2605, 2469, 27.14, 28.52, 132.05, 4
2602, 2466, 27.17, 28.30, 131.68, 5
2602, 2470, 27.24, 27.92, 129.33, 6
2601, 2464, 27.30, 27.76, 129.73, 7
2606, 2463, 27.37, 27.71, 129.91, 8
2602, 2462, 27.48, 27.69, 129.82, 9
2597, 2463, 27.44, 27.57, 131.38, 10
2642, 2499, 25.29, 32.30, 126.95, 1
2641, 2501, 25.30, 30.60, 134.06, 2
2640, 2501, 25.40, 30.05, 132.69, 3
2637, 2496, 25.48, 29.88, 132.57, 4
2636, 2498, 25.59, 29.50, 129.97, 5
2638, 2501, 25.57, 29.50, 130.34, 6
2636, 2500, 25.70, 29.44, 130.58, 7
2636, 2495, 25.70, 29.37, 129.76, 8
2632, 2494, 25.75, 29.12, 129.64, 9
2632, 2494, 25.76, 29.15, 129.97, 10
2674, 2536, 23.47, 32.43, 127.14, 1
2680, 2535, 23.57, 32.12, 134.22, 2
2675, 2540, 23.68, 32.14, 132.48, 3
2675, 2532, 23.74, 31.93, 132.05, 4
2679, 2538, 23.84, 31.91, 130.55, 5
2670, 2537, 23.79, 31.76, 129.91, 6
2676, 2535, 23.82, 31.70, 130.16, 7
2677, 2533, 23.88, 31.72, 130.13, 8
2670, 2535, 23.89, 31.54, 129.97, 9
2672, 2531, 23.95, 31.55, 130.34, 10
2706, 2560, 22.10, 32.85, 126.98, 1
2710, 2563, 22.18, 33.95, 134.25, 2
2705, 2566, 22.21, 34.42, 134.00, 3
2701, 2566, 22.41, 34.61, 133.09, 4
2707, 2562, 22.44, 34.65, 130.34, 5
2705, 2563, 22.48, 34.76, 130.04, 6
2698, 2560, 22.50, 34.76, 130.34, 7
2701, 2558, 22.57, 34.98, 130.16, 8
2699, 2559, 22.65, 34.88, 130.34, 9
2700, 2564, 22.64, 34.99, 130.58, 10
2730, 2587, 20.96, 33.66, 126.83, 1
2733, 2590, 21.07, 35.93, 134.95, 2
2726, 2583, 21.20, 36.83, 133.51, 3
2726, 2586, 21.31, 37.05, 133.33, 4
2730, 2587, 21.32, 37.40, 130.65, 5
2728, 2586, 21.46, 37.71, 130.74, 6
2721, 2586, 21.52, 37.80, 130.16, 7
2727, 2584, 21.48, 37.92, 129.97, 8
2723, 2587, 21.51, 37.90, 130.13, 9
2727, 2583, 21.45, 38.03, 130.34, 10
2749, 2604, 20.14, 34.45, 126.37, 1
2745, 2602, 20.32, 37.69, 134.61, 2
2746, 2601, 20.38, 39.12, 133.12, 3
2747, 2600, 20.46, 39.67, 132.57, 4
2742, 2600, 20.50, 39.89, 131.41, 5
2746, 2603, 20.65, 40.11, 129.58, 6
2743, 2602, 20.67, 40.43, 129.67, 7
2740, 2601, 20.65, 40.62, 130.89, 8
2740, 2598, 20.63, 40.72, 130.13, 9
2739, 2596, 20.72, 41.05, 129.91, 10
2823, 2676, 16.24, 35.39, 126.98, 1
2825, 2681, 16.40, 40.21, 133.82, 2
2827, 2672, 16.37, 42.77, 132.90, 3
2823, 2674, 16.44, 43.80, 131.84, 4
2826, 2680, 16.50, 44.52, 129.12, 5
2821, 2676, 16.51, 45.07, 129.97, 6
2822, 2679, 16.54, 45.66, 130.25, 7
2824, 2675, 16.57, 46.08, 129.18, 8
2825, 2678, 16.57, 46.42, 130.34, 9
2826, 2678, 16.67, 46.77, 130.71, 10
2900, 2749, 13.02, 36.85, 127.14, 1
2902, 2751, 12.98, 42.26, 134.28, 2
2895, 2750, 13.15, 45.83, 132.42, 3
2895, 2747, 13.28, 47.37, 131.56, 4
2900, 2749, 13.28, 48.42, 131.23, 5
2894, 2749, 13.28, 49.03, 129.73, 6
2898, 2746, 13.30, 49.91, 129.12, 7
2895, 2746, 13.36, 50.42, 129.91, 8
2896, 2746, 13.43, 50.95, 129.97, 9
2894, 2745, 13.42, 51.41, 130.13, 10
2941, 2792, 11.05, 38.62, 127.59, 1
2941, 2791, 11.20, 43.96, 134.74, 2
2945, 2795, 11.27, 48.04, 134.95, 3
2943, 2794, 11.44, 49.90, 131.96, 4
2935, 2789, 11.47, 51.17, 131.16, 5
2940, 2791, 11.40, 52.10, 130.65, 6
2938, 2792, 11.58, 52.96, 128.17, 7
2936, 2789, 11.58, 53.67, 131.04, 8
2940, 2786, 11.54, 54.17, 131.62, 9
2936, 2789, 11.73, 54.77, 129.27, 10
2967, 2817, 10.02, 40.71, 127.20, 1
2963, 2821, 10.17, 45.81, 134.55, 2
2965, 2819, 10.26, 50.15, 131.53, 3
2959, 2812, 10.33, 52.15, 131.38, 4
2958, 2814, 10.41, 53.44, 130.83, 5
2958, 2806, 10.47, 54.57, 129.58, 6
2958, 2810, 10.55, 55.26, 130.04, 7
2959, 2812, 10.54, 56.13, 130.34, 8
2960, 2807, 10.63, 56.76, 128.02, 9
2958, 2807, 10.68, 57.29, 130.89, 10
2976, 2831, 9.54, 42.67, 127.32, 1
2972, 2829, 9.57, 47.14, 132.84, 2
2976, 2834, 9.77, 51.42, 133.94, 3
2973, 2828, 9.85, 53.26, 132.97, 4
2971, 2831, 9.85, 54.55, 131.23, 5
2970, 2826, 9.89, 55.54, 130.46, 6
2971, 2825, 9.95, 56.45, 130.65, 7
2970, 2824, 9.99, 57.10, 129.91, 8
2967, 2824, 10.07, 57.85, 129.91, 9
2966, 2824, 10.14, 58.41, 129.97, 10
2990, 2836, 9.20, 44.17, 126.98, 1
2976, 2835, 9.41, 48.80, 134.03, 2
2973, 2833, 9.40, 52.98, 133.54, 3
2975, 2833, 9.55, 55.06, 131.10, 4
2978, 2835, 9.59, 56.48, 131.50, 5
2972, 2829, 9.65, 57.49, 130.65, 6
2974, 2831, 9.79, 58.49, 129.76, 7
2970, 2830, 9.74, 59.39, 129.76, 8
2966, 2836, 9.79, 60.10, 129.67, 9
2970, 2829, 9.75, 60.72, 129.97, 10
2985, 2836, 9.29, 46.03, 126.37, 1
2978, 2837, 9.29, 50.19, 134.25, 2
2978, 2835, 9.45, 54.25, 133.42, 3
2972, 2834, 9.58, 56.43, 131.10, 4
2976, 2833, 9.72, 57.87, 129.91, 5
2970, 2831, 9.61, 59.16, 130.55, 6
2971, 2828, 9.74, 60.05, 129.33, 7
2969, 2832, 9.78, 60.90, 129.55, 8
2968, 2828, 9.82, 61.53, 129.55, 9
2968, 2829, 9.92, 61.93, 131.10, 10
2987, 2837, 9.09, 47.54, 127.20, 1
2980, 2837, 9.17, 51.12, 134.28, 2
2978, 2835, 9.29, 55.15, 131.10, 3
2978, 2835, 9.38, 57.14, 130.89, 4
2977, 2836, 9.41, 58.55, 131.10, 5
2975, 2835, 9.47, 59.57, 130.65, 6
2980, 2835, 9.54, 60.52, 130.98, 7
2975, 2832, 9.66, 61.37, 129.67, 8
2978, 2834, 9.58, 61.89, 129.76, 9
2976, 2836, 9.78, 62.44, 129.58, 10
2993, 2842, 8.94, 48.66, 126.19, 1
2984, 2838, 9.14, 52.28, 134.49, 2
2984, 2841, 9.12, 55.54, 133.54, 3
2980, 2837, 9.24, 57.36, 131.10, 4
2982, 2835, 9.38, 58.60, 131.41, 5
2981, 2837, 9.51, 59.47, 130.49, 6
2974, 2833, 9.54, 60.18, 129.76, 7
2978, 2833, 9.52, 60.83, 129.55, 8
2976, 2835, 9.51, 61.43, 131.10, 9
2976, 2833, 9.55, 61.85, 129.91, 10
2999, 2847, 8.43, 49.49, 126.83, 1
2996, 2847, 8.56, 52.52, 134.28, 2
2997, 2849, 8.55, 55.71, 130.83, 3
2997, 2848, 8.72, 57.38, 132.78, 4
2993, 2845, 8.83, 58.34, 129.97, 5
2993, 2852, 8.83, 59.31, 130.25, 6
2988, 2847, 8.90, 59.98, 129.24, 7
2987, 2849, 8.89, 60.65, 130.55, 8
2993, 2844, 8.99, 61.19, 129.76, 9
2986, 2847, 9.02, 61.77, 130.98, 10
3007, 2852, 8.21, 50.10, 126.37, 1
2997, 2852, 8.33, 53.16, 133.76, 2
2999, 2855, 8.43, 56.62, 132.87, 3
2997, 2856, 8.51, 58.50, 132.48, 4
2995, 2855, 8.59, 59.82, 130.58, 5
2998, 2850, 8.68, 60.63, 130.25, 6
2993, 2856, 8.72, 61.45, 130.34, 7
2994, 2851, 8.75, 62.24, 130.34, 8
2988, 2847, 8.92, 62.79, 129.12, 9
2994, 2846, 8.86, 63.31, 130.71, 10
3006, 2856, 8.11, 51.01, 127.41, 1
2999, 2857, 8.33, 54.04, 134.95, 2
3003, 2856, 8.38, 57.10, 133.54, 3
2998, 2850, 8.48, 58.86, 132.23, 4
2998, 2854, 8.54, 59.86, 130.25, 5
2997, 2856, 8.71, 60.84, 129.33, 6
3000, 2851, 8.66, 61.52, 129.73, 7
2989, 2852, 8.71, 62.11, 130.16, 8
2997, 2846, 8.76, 62.62, 130.16, 9
2992, 2852, 8.90, 63.19, 130.34, 10
3008, 2854, 8.04, 51.77, 127.47, 1
2999, 2860, 8.21, 54.67, 134.06, 2
3003, 2856, 8.23, 57.96, 132.87, 3
2998, 2855, 8.38, 59.71, 132.48, 4
2995, 2854, 8.49, 60.83, 130.89, 5
2999, 2858, 8.62, 61.82, 129.49, 6
2997, 2858, 8.69, 62.69, 129.64, 7
2992, 2854, 8.58, 63.26, 129.97, 8
2996, 2852, 8.61, 63.97, 130.46, 9
2990, 2851, 8.76, 64.44, 129.33, 10
3008, 2856, 8.11, 52.66, 127.08, 1
3004, 2857, 8.17, 55.54, 134.95, 2
3001, 2860, 8.34, 58.49, 130.49, 3
2999, 2858, 8.41, 60.12, 132.11, 4
3001, 2856, 8.41, 61.13, 130.49, 5
3000, 2856, 8.52, 62.04, 130.65, 6
3000, 2856, 8.56, 62.85, 129.91, 7
2999, 2855, 8.66, 63.49, 129.67, 8
2989, 2854, 8.75, 63.97, 129.97, 9
2997, 2850, 8.76, 64.54, 129.97, 10
3008, 2864, 7.94, 53.32, 127.08, 1
3007, 2861, 8.01, 55.95, 134.22, 2
3003, 2864, 8.23, 58.86, 130.65, 3
3000, 2862, 8.21, 60.39, 132.39, 4
3003, 2862, 8.28, 61.38, 130.34, 5
3000, 2861, 8.38, 62.24, 130.46, 6
3003, 2859, 8.37, 62.93, 129.27, 7
3001, 2857, 8.49, 63.60, 129.33, 8
3000, 2854, 8.49, 64.00, 129.73, 9
2999, 2853, 8.55, 64.42, 130.16, 10
3021, 2871, 7.49, 53.75, 126.86, 1
3017, 2870, 7.55, 56.19, 134.95, 2
3017, 2880, 7.61, 58.74, 134.98, 3
3016, 2875, 7.78, 60.04, 131.44, 4
3018, 2873, 7.70, 61.10, 129.49, 5
3016, 2866, 7.75, 61.89, 130.49, 6
3012, 2869, 7.92, 62.42, 130.58, 7
3014, 2869, 7.86, 62.91, 129.67, 8
3015, 2866, 7.99, 63.51, 129.49, 9
3013, 2868, 8.04, 63.92, 129.91, 10
3037, 2887, 6.82, 54.18, 127.14, 1
3027, 2885, 6.93, 56.37, 134.06, 2
3029, 2884, 7.03, 58.93, 132.78, 3
3027, 2882, 7.11, 60.32, 132.90, 4
3025, 2880, 7.22, 61.15, 130.83, 5
3030, 2883, 7.34, 62.04, 129.76, 6
3027, 2882, 7.37, 62.65, 131.04, 7
3021, 2877, 7.38, 63.25, 129.82, 8
3022, 2885, 7.45, 63.75, 130.34, 9
3023, 2876, 7.45, 64.10, 130.34, 10
3046, 2893, 6.29, 54.40, 126.98, 1
3041, 2897, 6.48, 56.66, 134.03, 2
3044, 2890, 6.59, 59.10, 132.75, 3
3039, 2902, 6.76, 60.38, 132.51, 4
3036, 2892, 6.79, 61.39, 129.12, 5
3034, 2893, 6.82, 62.13, 130.83, 6
3038, 2891, 6.87, 62.68, 129.97, 7
3036, 2892, 6.86, 63.28, 130.04, 8
3027, 2889, 6.87, 63.85, 130.34, 9
3032, 2890, 6.96, 64.13, 130.34, 10
3055, 2902, 5.96, 54.92, 126.74, 1
3049, 2905, 6.03, 57.04, 134.37, 2
3050, 2904, 6.15, 59.35, 131.62, 3
3049, 2904, 6.25, 60.62, 130.89, 4
3044, 2905, 6.26, 61.55, 128.85, 5
3047, 2903, 6.34, 62.36, 130.58, 6
3046, 2901, 6.39, 62.89, 131.04, 7
3048, 2900, 6.44, 63.41, 129.76, 8
3041, 2898, 6.52, 63.94, 129.91, 9
3044, 2897, 6.51, 64.33, 129.91, 10
3064, 2913, 5.46, 55.27, 126.92, 1
3060, 2914, 5.70, 57.31, 134.61, 2
3059, 2915, 5.77, 59.56, 131.59, 3
3058, 2921, 5.89, 60.86, 131.04, 4
3056, 2914, 5.87, 61.65, 129.76, 5
3057, 2915, 5.96, 62.50, 130.34, 6
3057, 2908, 6.03, 63.12, 130.65, 7
3058, 2905, 6.13, 63.65, 129.67, 8
3054, 2907, 6.07, 64.03, 129.55, 9
3051, 2905, 6.13, 64.45, 129.55, 10
3075, 2924, 5.17, 55.55, 126.19, 1
3063, 2923, 5.32, 57.48, 134.06, 2
3063, 2923, 5.46, 59.71, 132.39, 3
3066, 2920, 5.48, 60.93, 132.23, 4
3063, 2919, 5.53, 61.93, 129.55, 5
3065, 2917, 5.67, 62.62, 130.25, 6
3062, 2915, 5.66, 63.18, 130.25, 7
3059, 2917, 5.76, 63.75, 129.46, 8
3056, 2919, 5.76, 64.18, 129.46, 9
3056, 2915, 5.87, 64.51, 129.46, 10
3044, 2899, 6.46, 55.48, 127.32, 1
3036, 2900, 6.78, 58.16, 132.97, 2
3034, 2894, 6.86, 60.99, 132.97, 3
3032, 2894, 6.97, 62.75, 132.05, 4
3031, 2894, 7.06, 63.85, 130.74, 5
3032, 2892, 7.14, 64.80, 129.91, 6
3031, 2889, 7.34, 65.60, 130.34, 7
3026, 2884, 7.38, 66.21, 130.43, 8
3022, 2890, 7.51, 66.84, 129.64, 9
3023, 2885, 7.54, 67.40, 129.76, 10
2928, 2780, 12.01, 56.51, 126.50, 1
2928, 2779, 12.16, 58.96, 134.55, 2
2921, 2783, 12.25, 60.25, 132.90, 3
2921, 2779, 12.54, 60.78, 131.53, 4
2918, 2777, 12.73, 61.17, 130.34, 5
2919, 2773, 12.76, 60.99, 130.58, 6
2917, 2775, 12.74, 60.63, 130.04, 7
2915, 2768, 13.02, 60.28, 130.04, 8
2911, 2764, 13.07, 60.17, 130.04, 9
2908, 2763, 13.15, 59.96, 130.04, 10
2808, 2676, 16.57, 55.06, 126.16, 1
2816, 2670, 16.72, 53.11, 133.58, 2
2830, 2671, 16.83, 50.47, 133.94, 3
2830, 2669, 16.79, 48.86, 131.44, 4
2824, 2665, 16.90, 47.78, 130.46, 5
2830, 2667, 16.93, 46.97, 130.46, 6
2828, 2687, 16.99, 46.15, 129.91, 7
2811, 2666, 17.02, 45.46, 130.04, 8
2812, 2665, 17.03, 44.83, 130.13, 9
2807, 2668, 17.06, 44.06, 130.25, 10
2896, 2744, 13.08, 51.12, 126.86, 1
2897, 2750, 13.12, 49.75, 134.22, 2
2897, 2750, 13.19, 48.15, 133.61, 3
2901, 2747, 13.34, 47.25, 131.59, 4
2899, 2744, 13.39, 46.74, 130.55, 5
2901, 2745, 13.36, 46.23, 130.65, 6
2896, 2746, 13.48, 45.80, 131.10, 7
2894, 2748, 13.29, 45.18, 129.27, 8
2893, 2746, 13.49, 44.99, 129.24, 9
2893, 2748, 13.49, 44.77, 129.33, 10
2940, 2788, 11.31, 49.19, 126.37, 1
2943, 2789, 11.29, 48.81, 133.88, 2
2944, 2783, 11.44, 48.16, 132.48, 3
2938, 2788, 11.61, 47.67, 131.74, 4
2939, 2790, 11.67, 47.37, 130.74, 5
2935, 2788, 11.64, 46.96, 128.85, 6
2936, 2787, 11.81, 46.78, 128.94, 7
2937, 2785, 11.70, 46.56, 129.15, 8
2933, 2783, 11.80, 46.43, 129.33, 9
2936, 2784, 11.85, 46.35, 129.91, 10
2950, 2796, 10.98, 48.41, 126.22, 1
2952, 2794, 11.09, 48.05, 132.97, 2
2949, 2798, 11.15, 47.35, 131.90, 3
2947, 2793, 11.41, 47.04, 131.68, 4
2945, 2795, 11.34, 46.73, 130.71, 5
2947, 2791, 11.41, 46.57, 128.85, 6
2948, 2795, 11.50, 46.23, 128.85, 7
2943, 2788, 11.47, 46.09, 128.85, 8
2941, 2792, 11.54, 45.75, 129.12, 9
2943, 2792, 11.58, 45.47, 129.00, 10
2938, 2789, 11.56, 47.79, 126.65, 1
2938, 2786, 11.64, 47.08, 134.25, 2
2938, 2787, 11.70, 46.08, 132.90, 3
2937, 2788, 11.89, 45.52, 132.48, 4
2939, 2784, 11.94, 45.05, 129.06, 5
2936, 2786, 11.94, 44.86, 129.18, 6
2934, 2785, 12.05, 44.69, 129.24, 7
2929, 2782, 12.19, 44.50, 129.97, 8
2932, 2778, 12.16, 44.45, 130.04, 9
2931, 2779, 12.19, 44.18, 129.46, 10
2918, 2765, 12.71, 46.99, 126.37, 1
2910, 2764, 12.74, 45.48, 134.70, 2
2913, 2764, 12.88, 43.96, 133.24, 3
2911, 2770, 12.94, 43.37, 131.99, 4
2911, 2762, 13.08, 42.82, 130.89, 5
2910, 2761, 13.15, 42.22, 131.38, 6
2905, 2759, 13.22, 41.84, 129.49, 7
2906, 2758, 13.26, 41.50, 129.82, 8
2905, 2757, 13.36, 41.07, 129.27, 9
2906, 2759, 13.34, 40.75, 129.82, 10
2880, 2749, 13.66, 46.12, 126.59, 1
2892, 2740, 13.73, 43.78, 134.98, 2
2894, 2743, 13.84, 41.73, 132.87, 3
2889, 2738, 13.94, 40.63, 132.05, 4
2890, 2741, 14.04, 40.04, 131.38, 5
2890, 2738, 14.14, 39.49, 129.97, 6
2886, 2733, 14.22, 39.00, 130.13, 7
2886, 2733, 14.25, 38.64, 130.25, 8
2887, 2733, 14.29, 38.39, 130.13, 9
2882, 2735, 14.34, 37.91, 130.13, 10
2884, 2735, 14.10, 45.07, 126.98, 1
2882, 2731, 14.21, 42.60, 134.80, 2
2883, 2730, 14.38, 40.54, 132.63, 3
2879, 2731, 14.55, 39.29, 131.44, 4
2881, 2728, 14.62, 38.41, 131.62, 5
2880, 2729, 14.68, 37.68, 130.16, 6
2879, 2726, 14.75, 36.96, 129.97, 7
2881, 2726, 14.72, 36.39, 130.25, 8
2870, 2727, 14.78, 35.99, 130.34, 9
2874, 2721, 14.91, 35.78, 129.58, 10
2884, 2734, 13.80, 44.16, 127.41, 1
2881, 2732, 13.84, 41.65, 134.46, 2
2883, 2734, 14.11, 40.07, 132.35, 3
2881, 2734, 14.10, 39.22, 132.32, 4
2880, 2732, 14.08, 38.53, 129.64, 5
2882, 2732, 14.22, 38.05, 130.25, 6
2885, 2730, 14.21, 37.85, 130.49, 7
2883, 2731, 14.34, 37.61, 130.58, 8
2877, 2732, 14.34, 37.08, 130.89, 9
2880, 2730, 14.35, 36.77, 129.55, 10
2908, 2757, 12.68, 43.50, 127.32, 1
2908, 2755, 12.76, 41.84, 134.49, 2
2907, 2759, 12.87, 40.44, 131.99, 3
2914, 2757, 12.97, 39.84, 132.51, 4
2906, 2759, 13.05, 39.47, 129.49, 5
2911, 2754, 13.17, 39.26, 129.58, 6
2904, 2758, 13.14, 39.04, 129.97, 7
2909, 2755, 13.18, 38.61, 130.25, 8
2905, 2756, 13.22, 38.53, 129.39, 9
2905, 2756, 13.30, 38.20, 130.34, 10
2907, 2754, 12.63, 43.25, 127.35, 1
2911, 2758, 12.73, 41.88, 134.37, 2
2911, 2755, 12.88, 40.63, 131.99, 3
2909, 2757, 13.00, 40.02, 131.53, 4
2909, 2762, 13.07, 39.78, 131.81, 5
2908, 2756, 13.14, 39.23, 130.04, 6
2909, 2757, 13.08, 39.06, 130.34, 7
2907, 2757, 13.15, 38.99, 130.43, 8
2904, 2757, 13.15, 38.72, 129.18, 9
2909, 2752, 13.29, 38.47, 129.49, 10
2917, 2765, 12.42, 42.88, 126.37, 1
2919, 2765, 12.47, 40.94, 134.25, 2
2924, 2765, 12.63, 39.33, 131.99, 3
2921, 2761, 12.76, 38.56, 131.41, 4
2916, 2769, 12.84, 38.16, 129.15, 5
2913, 2766, 12.90, 37.66, 129.49, 6
2916, 2761, 12.92, 37.37, 130.16, 7
2912, 2756, 12.98, 36.98, 130.25, 8
2908, 2758, 13.02, 36.72, 130.16, 9
2912, 2756, 12.97, 36.68, 129.15, 10
2905, 2757, 13.07, 42.43, 127.35, 1
2909, 2751, 13.26, 40.18, 134.64, 2
2906, 2756, 13.28, 38.51, 132.42, 3
2905, 2756, 13.42, 37.66, 131.68, 4
2903, 2748, 13.46, 36.90, 129.73, 5
2907, 2752, 13.46, 36.50, 129.58, 6
2903, 2754, 13.60, 36.29, 130.46, 7
2904, 2752, 13.57, 36.09, 130.65, 8
2896, 2750, 13.72, 35.88, 129.64, 9
2898, 2746, 13.78, 35.67, 129.49, 10
2880, 2732, 14.17, 42.02, 126.95, 1
2885, 2732, 14.25, 37.95, 134.49, 2
2877, 2730, 14.51, 35.47, 133.09, 3
2879, 2723, 14.56, 34.22, 132.32, 4
2877, 2730, 14.63, 33.47, 129.15, 5
2880, 2725, 14.68, 33.01, 130.71, 6
2879, 2723, 14.75, 32.35, 129.91, 7
2873, 2725, 14.80, 32.01, 130.25, 8
2873, 2723, 14.89, 31.45, 129.97, 9
2877, 2722, 14.94, 31.10, 130.25, 10
2873, 2726, 14.42, 40.99, 127.35, 1
2874, 2723, 14.49, 37.86, 134.49, 2
2870, 2725, 14.68, 35.95, 133.03, 3
2874, 2724, 14.83, 35.38, 131.23, 4
2874, 2722, 14.90, 34.81, 130.25, 5
2871, 2720, 14.94, 34.37, 130.16, 6
2871, 2722, 15.00, 33.87, 130.13, 7
2867, 2720, 15.06, 33.62, 130.58, 8
2870, 2713, 15.04, 33.46, 130.83, 9
2868, 2717, 15.10, 33.10, 129.76, 10
2861, 2712, 15.18, 40.58, 127.35, 1
2858, 2711, 15.21, 37.83, 132.75, 2
2859, 2710, 15.47, 36.22, 130.89, 3
2860, 2711, 15.51, 35.42, 132.87, 4
2855, 2709, 15.58, 34.73, 131.10, 5
2858, 2704, 15.62, 34.15, 130.43, 6
2857, 2704, 15.88, 33.78, 130.34, 7
2853, 2707, 15.75, 33.36, 130.55, 8
2854, 2704, 15.86, 33.16, 130.65, 9
2847, 2702, 15.89, 32.71, 130.58, 10
2846, 2699, 15.47, 40.33, 127.20, 1
2855, 2701, 15.58, 37.36, 133.88, 2
2853, 2704, 15.66, 35.72, 133.09, 3
2853, 2702, 15.92, 35.05, 132.23, 4
2847, 2699, 15.86, 34.60, 130.49, 5
2846, 2700, 15.95, 34.36, 129.67, 6
2850, 2699, 15.99, 33.59, 129.97, 7
2847, 2697, 16.02, 33.13, 130.25, 8
2842, 2700, 16.07, 32.92, 130.43, 9
2843, 2698, 16.02, 32.60, 129.15, 10
2857, 2706, 14.87, 40.01, 126.22, 1
2863, 2720, 14.90, 35.57, 134.80, 2
2864, 2709, 15.07, 33.04, 132.97, 3
2861, 2713, 15.21, 32.03, 132.23, 4
2863, 2709, 15.20, 31.16, 130.34, 5
2858, 2709, 15.30, 30.55, 130.55, 6
2857, 2711, 15.31, 29.98, 130.89, 7
2863, 2711, 15.44, 29.72, 129.73, 8
2861, 2712, 15.39, 29.38, 129.97, 9
2863, 2707, 15.35, 28.81, 129.82, 10
2886, 2732, 13.81, 38.87, 126.19, 1
2885, 2737, 13.97, 35.56, 134.95, 2
2890, 2737, 14.05, 33.48, 131.84, 3
2890, 2732, 14.10, 32.68, 133.03, 4
2884, 2732, 14.21, 32.05, 131.23, 5
2881, 2732, 14.25, 31.67, 130.13, 6
2885, 2733, 14.25, 31.17, 130.49, 7
2883, 2733, 14.29, 30.91, 129.12, 8
2883, 2731, 14.28, 30.53, 130.34, 9
2885, 2725, 14.32, 30.47, 130.65, 10
2905, 2753, 12.94, 38.58, 126.19, 1
2907, 2753, 13.05, 34.34, 133.15, 2
2909, 2747, 13.17, 31.67, 131.81, 3
2905, 2750, 13.22, 30.54, 131.41, 4
2904, 2754, 13.30, 29.69, 130.13, 5
2899, 2755, 13.43, 28.81, 129.91, 6
2903, 2748, 13.45, 28.25, 129.82, 7
2908, 2750, 13.48, 27.68, 129.82, 8
2904, 2749, 13.52, 27.24, 129.73, 9
2903, 2749, 13.48, 27.00, 129.91, 10
2920, 2767, 12.42, 37.60, 126.28, 1
2915, 2763, 12.67, 34.17, 134.16, 2
2919, 2763, 12.73, 31.85, 131.99, 3
2917, 2768, 12.91, 30.73, 131.81, 4
2918, 2759, 13.04, 30.06, 129.82, 5
2917, 2761, 13.02, 29.46, 129.27, 6
2909, 2759, 13.08, 29.03, 129.27, 7
2911, 2760, 13.04, 28.52, 129.73, 8
2916, 2761, 13.05, 28.32, 130.04, 9
2909, 2758, 13.17, 27.88, 130.04, 10
2918, 2766, 12.47, 37.28, 126.28, 1
2926, 2765, 12.47, 34.20, 134.37, 2
2919, 2767, 12.71, 32.32, 133.24, 3
2914, 2764, 12.77, 31.45, 132.63, 4
2914, 2763, 12.87, 30.92, 130.49, 5
2913, 2762, 12.92, 30.38, 129.33, 6
2913, 2761, 12.91, 30.03, 129.49, 7
2911, 2755, 12.94, 29.69, 129.49, 8
2915, 2762, 13.01, 29.38, 129.49, 9
2908, 2760, 13.09, 28.94, 129.58, 10
2924, 2776, 12.16, 37.16, 128.14, 1
2925, 2771, 12.24, 34.16, 134.49, 2
2923, 2772, 12.44, 32.14, 132.11, 3
2920, 2772, 12.52, 31.09, 130.83, 4
2921, 2768, 12.59, 30.61, 129.97, 5
2924, 2769, 12.63, 30.10, 129.49, 6
2920, 2766, 12.60, 29.63, 129.67, 7
2920, 2767, 12.66, 29.16, 131.04, 8
2916, 2765, 12.71, 28.85, 129.82, 9
2919, 2769, 12.73, 28.67, 129.91, 10
2941, 2784, 11.43, 36.93, 126.65, 1
2940, 2792, 11.50, 34.18, 134.00, 2
2939, 2789, 11.60, 32.61, 132.14, 3
2943, 2784, 11.63, 31.74, 131.84, 4
2944, 2781, 11.80, 30.97, 129.91, 5
2943, 2790, 11.89, 30.67, 129.27, 6
2939, 2783, 11.80, 30.15, 129.46, 7
2936, 2784, 11.80, 29.85, 129.33, 8
2937, 2785, 11.91, 29.73, 131.04, 9
2934, 2785, 11.96, 29.40, 129.97, 10
2967, 2810, 10.17, 36.53, 126.37, 1
2965, 2815, 10.30, 34.76, 133.61, 2
2969, 2812, 10.41, 33.47, 134.03, 3
2964, 2813, 10.43, 32.99, 132.23, 4
2967, 2810, 10.60, 32.64, 128.85, 5
2963, 2813, 10.57, 32.28, 129.46, 6
2961, 2812, 10.71, 31.93, 129.58, 7
2964, 2809, 10.68, 31.67, 129.55, 8
2963, 2806, 10.68, 31.58, 130.25, 9
2960, 2808, 10.71, 31.41, 129.00, 10
2993, 2835, 9.13, 36.60, 127.20, 1
2988, 2839, 9.21, 35.29, 133.54, 2
2987, 2838, 9.38, 34.39, 132.75, 3
2988, 2838, 9.50, 33.77, 131.10, 4
2988, 2832, 9.55, 33.62, 130.25, 5
2990, 2834, 9.61, 33.30, 130.74, 6
2983, 2834, 9.63, 33.01, 131.50, 7
2985, 2829, 9.68, 32.85, 131.50, 8
2981, 2831, 9.68, 32.84, 129.15, 9
2986, 2829, 9.71, 32.63, 128.66, 10
3010, 2853, 8.28, 36.72, 126.98, 1
3011, 2856, 8.34, 35.75, 134.80, 2
3013, 2857, 8.52, 35.13, 131.23, 3
3009, 2858, 8.55, 34.77, 131.04, 4
3010, 2852, 8.64, 34.49, 131.16, 5
3004, 2853, 8.64, 34.33, 130.43, 6
3004, 2856, 8.80, 34.16, 128.17, 7
3006, 2858, 8.79, 34.02, 130.49, 8
3006, 2851, 8.76, 33.97, 128.17, 9
3004, 2849, 8.96, 33.73, 130.98, 10
3027, 2861, 7.68, 37.04, 127.20, 1
3018, 2871, 7.86, 36.39, 134.95, 2
3022, 2866, 8.01, 35.67, 134.95, 3
3019, 2861, 8.04, 35.43, 130.74, 4
3018, 2865, 8.11, 35.12, 130.49, 5
3019, 2864, 8.10, 35.06, 129.67, 6
3013, 2860, 8.21, 34.97, 129.67, 7
3014, 2860, 8.40, 34.95, 130.13, 8
3017, 2859, 8.37, 34.96, 130.43, 9
3019, 2861, 8.41, 34.79, 128.14, 10
3026, 2876, 7.47, 37.26, 127.08, 1
3025, 2876, 7.58, 36.83, 134.00, 2
3028, 2874, 7.68, 36.60, 131.10, 3
3032, 2873, 7.83, 36.41, 131.50, 4
3026, 2870, 7.80, 36.24, 130.65, 5
3022, 2871, 7.89, 36.04, 129.67, 6
3026, 2869, 7.97, 35.88, 130.04, 7
3025, 2869, 8.07, 35.87, 130.04, 8
3020, 2873, 8.04, 35.81, 130.16, 9
3020, 2870, 8.17, 35.84, 130.46, 10
3033, 2880, 7.24, 37.60, 127.20, 1
3034, 2878, 7.37, 37.46, 133.94, 2
3032, 2884, 7.39, 37.35, 131.99, 3
3033, 2876, 7.54, 37.25, 129.97, 4
3033, 2886, 7.58, 37.17, 131.41, 5
3031, 2876, 7.68, 36.96, 130.65, 6
3034, 2871, 7.69, 37.13, 129.91, 7
3027, 2871, 7.86, 37.01, 129.91, 8
3029, 2873, 7.82, 37.02, 129.97, 9
3028, 2875, 7.85, 36.99, 129.91, 10
3044, 2885, 6.78, 37.88, 126.50, 1
3045, 2889, 6.86, 38.08, 133.42, 2
3039, 2891, 7.07, 38.39, 131.23, 3
3044, 2889, 7.18, 38.32, 130.74, 4
3039, 2885, 7.18, 38.33, 130.65, 5
3042, 2884, 7.21, 38.46, 129.97, 6
3039, 2890, 7.38, 38.51, 130.34, 7
3039, 2889, 7.27, 38.61, 130.34, 8
3038, 2886, 7.42, 38.51, 129.27, 9
3040, 2884, 7.47, 38.53, 129.46, 10
3050, 2896, 6.46, 38.46, 127.44, 1
3047, 2898, 6.52, 38.86, 134.86, 2
3048, 2897, 6.63, 39.23, 131.62, 3
3048, 2891, 6.66, 39.49, 130.65, 4
3047, 2896, 6.71, 39.55, 130.74, 5
3045, 2891, 6.93, 39.67, 130.04, 6
3046, 2891, 6.90, 39.77, 130.34, 7
3043, 2892, 6.97, 39.77, 129.18, 8
3046, 2889, 6.89, 39.90, 130.71, 9
3043, 2896, 7.03, 39.95, 129.64, 10
3056, 2910, 5.87, 38.91, 126.86, 1
3062, 2906, 6.00, 39.58, 134.25, 2
3065, 2906, 6.20, 40.34, 131.10, 3
3055, 2909, 6.21, 40.60, 132.63, 4
3061, 2904, 6.29, 40.91, 130.65, 5
3059, 2903, 6.36, 40.98, 129.49, 6
3061, 2900, 6.42, 41.19, 129.58, 7
3062, 2898, 6.46, 41.49, 130.13, 8
3058, 2906, 6.46, 41.47, 130.04, 9
3058, 2900, 6.51, 41.55, 130.25, 10
3073, 2916, 5.52, 39.38, 128.30, 1
3071, 2911, 5.63, 40.16, 133.70, 2
3071, 2912, 5.77, 41.15, 131.38, 3
3068, 2914, 5.81, 41.53, 132.97, 4
3068, 2915, 5.90, 41.80, 130.46, 5
3068, 2909, 5.96, 41.91, 129.46, 6
3069, 2914, 6.04, 42.05, 129.55, 7
3064, 2912, 6.10, 42.21, 130.98, 8
3067, 2912, 6.00, 42.25, 130.16, 9
3062, 2910, 6.21, 42.42, 129.97, 10
3074, 2919, 5.31, 39.84, 128.30, 1
3075, 2922, 5.35, 41.00, 134.28, 2
3071, 2921, 5.53, 41.98, 130.98, 3
3072, 2918, 5.74, 42.40, 132.63, 4
3071, 2916, 5.71, 42.59, 130.55, 5
3069, 2919, 5.92, 43.04, 130.65, 6
3073, 2913, 5.81, 43.09, 129.76, 7
3066, 2914, 5.97, 43.27, 129.55, 8
3068, 2912, 6.04, 43.42, 129.91, 9
3066, 2916, 5.97, 43.40, 129.97, 10
3077, 2926, 5.14, 40.41, 127.75, 1
3074, 2925, 5.18, 41.48, 134.25, 2
3080, 2926, 5.41, 42.40, 134.95, 3
3078, 2924, 5.43, 42.85, 131.90, 4
3073, 2925, 5.62, 43.12, 129.91, 5
3073, 2922, 5.58, 43.39, 130.34, 6
3076, 2921, 5.65, 43.66, 130.43, 7
3072, 2918, 5.70, 43.71, 129.55, 8
3075, 2918, 5.85, 43.98, 129.67, 9
3074, 2916, 5.70, 44.04, 129.97, 10
3089, 2935, 4.84, 40.78, 128.30, 1
3083, 2931, 4.80, 41.90, 134.64, 2
3084, 2936, 4.93, 42.96, 132.51, 3
3086, 2931, 5.10, 43.58, 131.90, 4
3084, 2932, 5.08, 43.82, 130.89, 5
3084, 2927, 5.18, 44.06, 130.98, 6
3085, 2928, 5.24, 44.27, 129.97, 7
3083, 2929, 5.21, 44.43, 129.91, 8
3082, 2928, 5.41, 44.64, 130.34, 9
3079, 2925, 5.31, 44.74, 129.33, 10
3089, 2936, 4.70, 41.23, 128.14, 1
3086, 2935, 4.77, 42.36, 134.00, 2
3085, 2937, 4.88, 43.49, 132.63, 3
3087, 2934, 4.95, 43.96, 131.68, 4
3084, 2936, 5.10, 44.41, 130.71, 5
3088, 2931, 5.11, 44.59, 131.23, 6
3087, 2935, 5.12, 44.81, 129.91, 7
3082, 2931, 5.21, 44.91, 129.97, 8
3084, 2929, 5.24, 45.07, 130.34, 9
3084, 2929, 5.31, 45.15, 130.55, 10
3088, 2938, 4.69, 41.56, 128.30, 1
3092, 2930, 4.83, 42.62, 132.75, 2
3080, 2935, 4.97, 43.69, 133.64, 3
3088, 2935, 4.95, 44.22, 131.26, 4
3083, 2935, 5.11, 44.54, 130.65, 5
3083, 2933, 5.10, 44.71, 129.58, 6
3083, 2934, 5.21, 44.92, 129.67, 7
3083, 2928, 5.32, 45.10, 130.34, 8
3084, 2929, 5.35, 45.28, 130.43, 9
3081, 2927, 5.29, 45.46, 129.24, 10
3092, 2937, 4.74, 41.95, 127.93, 1
3088, 2935, 4.84, 42.96, 133.82, 2
3087, 2934, 5.00, 43.94, 132.75, 3
3089, 2934, 5.08, 44.51, 132.23, 4
3086, 2935, 5.14, 44.88, 130.71, 5
3084, 2929, 5.10, 44.98, 129.91, 6
3082, 2928, 5.21, 45.18, 129.97, 7
3084, 2926, 5.31, 45.42, 130.13, 8
3080, 2926, 5.24, 45.59, 130.13, 9
3079, 2928, 5.31, 45.62, 130.43, 10
3095, 2938, 4.49, 42.00, 127.72, 1
3096, 2941, 4.55, 43.16, 134.98, 2
3096, 2937, 4.66, 44.37, 132.75, 3
3091, 2940, 4.80, 44.92, 132.05, 4
3089, 2940, 4.83, 45.33, 130.65, 5
3089, 2940, 4.91, 45.55, 129.49, 6
3091, 2937, 5.00, 45.63, 129.91, 7
3090, 2933, 5.02, 45.81, 130.13, 8
3086, 2934, 5.04, 46.00, 130.04, 9
3085, 2934, 4.94, 46.18, 130.34, 10
3104, 2946, 4.25, 42.51, 127.72, 1
3101, 2946, 4.29, 43.52, 134.03, 2
3099, 2946, 4.42, 44.83, 132.75, 3
3098, 2943, 4.48, 45.52, 131.90, 4
3098, 2942, 4.62, 45.95, 130.65, 5
3093, 2943, 4.57, 46.17, 129.49, 6
3093, 2940, 4.80, 46.45, 129.67, 7
3090, 2942, 4.74, 46.74, 129.91, 8
3098, 2945, 4.81, 46.96, 131.41, 9
3094, 2935, 4.80, 47.17, 130.16, 10
3110, 2953, 3.62, 42.71, 127.99, 1
3111, 2958, 3.76, 44.01, 134.37, 2
3108, 2958, 3.87, 45.70, 133.33, 3
3113, 2957, 4.02, 46.42, 131.62, 4
3113, 2959, 4.04, 46.96, 129.55, 5
3106, 2956, 4.04, 47.37, 130.25, 6
3110, 2951, 4.14, 47.77, 130.25, 7
3107, 2953, 4.28, 48.06, 129.06, 8
3105, 2950, 4.28, 48.18, 130.55, 9
3107, 2947, 4.36, 48.48, 130.89, 10
3117, 2968, 3.23, 43.16, 127.20, 1
3115, 2966, 3.35, 44.60, 134.06, 2
3122, 2967, 3.45, 46.36, 134.06, 3
3116, 2968, 3.60, 47.23, 132.23, 4
3122, 2969, 3.66, 47.87, 131.26, 5
3117, 2965, 3.77, 48.47, 129.67, 6
3118, 2961, 3.74, 48.75, 132.08, 7
3117, 2961, 3.84, 49.11, 130.13, 8
3114, 2957, 3.77, 49.27, 129.91, 9
3113, 2958, 3.84, 49.55, 130.34, 10
3125, 2969, 3.05, 43.70, 127.35, 1
3126, 2967, 3.26, 44.99, 134.22, 2
3125, 2965, 3.28, 46.90, 134.22, 3
3125, 2970, 3.33, 47.73, 132.23, 4
3123, 2970, 3.53, 48.33, 131.53, 5
3121, 2970, 3.55, 48.73, 129.67, 6
3124, 2966, 3.59, 49.11, 129.76, 7
3121, 2963, 3.53, 49.31, 129.91, 8
3116, 2967, 3.65, 49.71, 132.32, 9
3120, 2967, 3.69, 49.83, 130.34, 10
3139, 2980, 2.79, 44.06, 127.20, 1
3133, 2975, 2.88, 45.46, 134.37, 2
3132, 2978, 3.01, 47.32, 134.28, 3
3134, 2975, 3.12, 48.29, 131.41, 4
3131, 2972, 3.23, 49.04, 128.85, 5
3128, 2975, 3.26, 49.44, 129.27, 6
3127, 2975, 3.29, 49.92, 129.33, 7
3128, 2976, 3.42, 50.20, 129.97, 8
3127, 2973, 3.39, 50.45, 130.13, 9
3125, 2974, 3.36, 50.73, 130.25, 10
3090, 2942, 5.11, 44.19, 127.59, 1
3097, 2937, 5.32, 45.53, 132.75, 2
3087, 2932, 5.42, 46.76, 134.86, 3
3087, 2934, 5.59, 47.14, 132.84, 4
3079, 2929, 5.67, 47.38, 130.58, 5
3082, 2925, 5.86, 47.50, 129.73, 6
3081, 2925, 5.97, 47.60, 129.97, 7
3076, 2924, 6.03, 47.51, 130.46, 8
3074, 2915, 6.18, 47.54, 130.65, 9
3072, 2923, 6.28, 47.53, 129.73, 10
2929, 2778, 12.32, 44.33, 126.43, 1
2928, 2780, 12.47, 42.90, 134.49, 2
2930, 2774, 12.73, 41.03, 131.59, 3
2923, 2776, 12.83, 40.29, 132.32, 4
2925, 2767, 13.04, 39.47, 131.10, 5
2917, 2771, 13.17, 38.96, 130.16, 6
2918, 2765, 13.22, 38.62, 129.27, 7
2914, 2767, 13.32, 38.09, 130.49, 8
2913, 2761, 13.53, 37.69, 130.58, 9
2909, 2758, 13.55, 37.24, 129.33, 10
2783, 2637, 18.66, 43.22, 125.55, 1
2785, 2640, 18.72, 37.24, 132.51, 2
2786, 2640, 18.75, 34.65, 131.99, 3
2783, 2640, 18.86, 33.27, 132.08, 4
2780, 2636, 18.93, 32.39, 129.97, 5
2780, 2638, 18.93, 31.51, 130.25, 6
2781, 2633, 19.06, 30.78, 130.34, 7
2782, 2639, 19.01, 30.17, 130.58, 8
2778, 2634, 19.02, 29.53, 129.64, 9
2781, 2635, 19.11, 29.32, 129.91, 10
2856, 2711, 15.03, 40.37, 126.74, 1
2858, 2707, 15.04, 36.70, 134.86, 2
2858, 2710, 15.09, 34.60, 133.76, 3
2862, 2707, 15.18, 33.77, 131.53, 4
2860, 2712, 15.26, 33.34, 131.53, 5
2859, 2709, 15.26, 32.79, 129.73, 6
2857, 2711, 15.31, 32.20, 129.97, 7
2857, 2710, 15.23, 32.00, 130.16, 8
2856, 2708, 15.34, 31.68, 130.34, 9
2858, 2710, 15.33, 31.35, 130.34, 10
2917, 2762, 12.52, 39.09, 126.74, 1
2915, 2765, 12.54, 36.87, 134.61, 2
2913, 2768, 12.70, 35.36, 133.33, 3
2918, 2761, 12.73, 34.76, 132.84, 4
2916, 2765, 12.73, 34.36, 130.74, 5
2916, 2760, 12.79, 33.98, 129.91, 6
2912, 2765, 12.87, 33.69, 130.04, 7
2913, 2761, 12.98, 33.49, 130.16, 8
2915, 2759, 12.95, 33.14, 130.04, 9
2913, 2764, 13.01, 32.88, 130.25, 10
2941, 2785, 11.43, 38.54, 126.92, 1
2936, 2786, 11.50, 37.12, 134.49, 2
2936, 2787, 11.67, 36.07, 133.51, 3
2940, 2788, 11.71, 35.39, 130.74, 4
2940, 2783, 11.78, 34.87, 130.49, 5
2940, 2781, 11.89, 34.60, 129.73, 6
2936, 2783, 11.88, 34.24, 129.97, 7
2937, 2783, 12.01, 34.03, 129.97, 8
2934, 2783, 12.02, 33.91, 130.25, 9
2935, 2783, 12.02, 33.75, 130.55, 10
2942, 2790, 11.43, 38.57, 126.83, 1
2945, 2788, 11.49, 36.82, 134.25, 2
2939, 2792, 11.61, 35.64, 133.21, 3
2941, 2787, 11.77, 35.22, 132.90, 4
2944, 2785, 11.78, 34.82, 130.58, 5
2942, 2786, 11.82, 34.58, 129.73, 6
2938, 2783, 11.84, 34.28, 130.25, 7
2935, 2784, 11.99, 34.09, 129.97, 8
2939, 2784, 12.02, 33.91, 130.04, 9
2933, 2783, 12.01, 33.67, 130.16, 10
2933, 2780, 11.76, 38.25, 126.65, 1
2939, 2776, 11.80, 36.53, 133.88, 2
2933, 2778, 12.02, 35.24, 132.87, 3
2933, 2778, 12.11, 34.79, 132.63, 4
2931, 2780, 12.18, 34.22, 130.74, 5
2932, 2779, 12.22, 34.01, 129.58, 6
2934, 2777, 12.26, 33.78, 129.67, 7
2927, 2772, 12.33, 33.47, 129.91, 8
2931, 2776, 12.37, 33.38, 129.97, 9
2929, 2776, 12.36, 33.16, 130.16, 10
2923, 2769, 12.47, 38.29, 126.50, 1
2924, 2767, 12.54, 35.74, 133.24, 2
2920, 2769, 12.62, 33.93, 131.56, 3
2921, 2768, 12.73, 33.32, 132.90, 4
2919, 2767, 12.84, 32.80, 130.74, 5
2918, 2763, 12.92, 32.42, 129.67, 6
2916, 2766, 12.94, 32.00, 130.04, 7
2916, 2763, 12.92, 31.56, 130.04, 8
2913, 2758, 13.14, 31.24, 130.16, 9
2912, 2762, 13.08, 30.97, 130.16, 10
2905, 2752, 13.17, 37.82, 126.50, 1
2904, 2754, 13.17, 35.29, 134.98, 2
2906, 2751, 13.34, 33.83, 133.33, 3
2905, 2757, 13.43, 33.21, 133.12, 4
2902, 2748, 13.56, 32.73, 130.89, 5
2901, 2750, 13.53, 32.37, 130.34, 6
2903, 2750, 13.67, 32.11, 130.43, 7
2899, 2748, 13.74, 31.65, 130.65, 8
2902, 2749, 13.77, 31.38, 129.49, 9
2898, 2748, 13.76, 31.00, 129.64, 10
2899, 2743, 13.59, 37.56, 127.08, 1
2897, 2743, 13.52, 34.74, 133.15, 2
2892, 2747, 13.81, 33.10, 131.74, 3
2897, 2741, 13.91, 32.53, 131.62, 4
2893, 2743, 13.97, 31.94, 130.46, 5
2894, 2745, 14.00, 31.61, 130.74, 6
2894, 2744, 14.00, 31.36, 131.04, 7
2892, 2739, 14.18, 31.00, 129.91, 8
2892, 2733, 14.28, 30.72, 129.97, 9
2885, 2739, 14.21, 30.49, 129.97, 10
2879, 2735, 13.93, 37.32, 126.31, 1
2889, 2742, 14.01, 34.08, 132.87, 2
2886, 2732, 14.24, 32.35, 132.23, 3
2889, 2737, 14.21, 31.37, 131.44, 4
2884, 2735, 14.42, 30.73, 130.25, 5
2881, 2734, 14.52, 30.53, 130.74, 6
2879, 2733, 14.49, 30.24, 129.97, 7
2880, 2730, 14.53, 30.21, 129.97, 8
2881, 2730, 14.53, 29.82, 130.16, 9
2877, 2727, 14.61, 29.95, 130.16, 10
2878, 2725, 14.24, 36.92, 126.31, 1
2880, 2728, 14.42, 33.39, 133.12, 2
2879, 2728, 14.55, 31.43, 131.74, 3
2874, 2728, 14.72, 30.49, 131.26, 4
2879, 2721, 14.75, 29.84, 130.34, 5
2871, 2721, 14.69, 29.41, 130.65, 6
2877, 2721, 14.80, 28.99, 130.13, 7
2872, 2725, 14.89, 28.83, 130.16, 8
2872, 2720, 14.89, 28.63, 130.34, 9
2874, 2719, 14.97, 28.38, 128.02, 10
2876, 2731, 14.32, 36.51, 126.56, 1
2881, 2723, 14.41, 33.79, 133.15, 2
2875, 2728, 14.49, 32.23, 131.62, 3
2875, 2726, 14.62, 31.60, 131.26, 4
2875, 2728, 14.70, 31.02, 130.58, 5
2876, 2727, 14.76, 30.59, 129.67, 6
2874, 2728, 14.84, 30.52, 130.13, 7
2867, 2724, 14.82, 30.16, 130.13, 8
2870, 2721, 14.96, 29.85, 130.25, 9
2871, 2721, 14.94, 29.58, 130.25, 10
2880, 2729, 14.28, 36.39, 126.43, 1
2876, 2730, 14.38, 33.89, 134.98, 2
2882, 2726, 14.52, 32.56, 131.74, 3
2878, 2729, 14.65, 32.05, 131.23, 4
2876, 2727, 14.73, 31.54, 130.43, 5
2878, 2726, 14.82, 31.04, 130.58, 6
2876, 2729, 14.82, 30.67, 129.91, 7
2871, 2726, 14.83, 30.52, 130.16, 8
2876, 2717, 14.91, 30.23, 130.34, 9
2876, 2721, 14.96, 29.63, 130.65, 10
2868, 2721, 14.58, 36.37, 126.65, 1
2874, 2722, 14.69, 34.24, 134.37, 2
2878, 2725, 14.72, 33.26, 132.63, 3
2874, 2717, 15.00, 32.60, 130.65, 4
2875, 2717, 15.04, 32.12, 130.89, 5
2868, 2722, 15.18, 31.74, 129.97, 6
2870, 2716, 15.15, 31.28, 130.34, 7
2869, 2715, 15.17, 31.01, 130.34, 8
2866, 2718, 15.31, 30.83, 128.30, 9
2863, 2718, 15.30, 30.67, 130.83, 10
2872, 2725, 14.46, 36.43, 126.74, 1
2871, 2726, 14.58, 34.43, 134.49, 2
2877, 2721, 14.80, 33.31, 131.16, 3
2875, 2722, 14.80, 32.83, 131.53, 4
2877, 2721, 14.97, 32.51, 130.58, 5
2872, 2724, 14.87, 32.40, 129.82, 6
2870, 2719, 15.07, 32.10, 130.34, 7
2869, 2719, 15.11, 32.02, 130.34, 8
2867, 2722, 15.11, 31.80, 130.34, 9
2864, 2718, 15.13, 31.71, 130.89, 10
2856, 2717, 15.30, 36.59, 126.43, 1
2861, 2709, 15.42, 34.30, 134.55, 2
2859, 2711, 15.45, 33.06, 133.64, 3
2855, 2712, 15.58, 32.50, 131.68, 4
2854, 2708, 15.68, 32.16, 130.65, 5
2858, 2710, 15.76, 31.81, 129.91, 6
2857, 2702, 15.76, 31.48, 130.16, 7
2854, 2703, 15.92, 31.26, 130.43, 8
2849, 2704, 15.85, 30.88, 127.99, 9
2852, 2703, 15.95, 30.83, 130.43, 10
2854, 2704, 15.34, 36.53, 126.22, 1
2855, 2705, 15.47, 35.00, 133.21, 2
2856, 2705, 15.56, 34.31, 133.27, 3
2856, 2705, 15.59, 33.96, 130.58, 4
2854, 2702, 15.81, 33.68, 130.49, 5
2854, 2704, 15.81, 33.33, 130.83, 6
2851, 2702, 15.79, 33.14, 129.91, 7
2853, 2703, 15.88, 32.94, 130.16, 8
2849, 2699, 15.97, 32.96, 130.16, 9
2851, 2701, 15.95, 32.92, 130.25, 10
2851, 2705, 15.72, 36.67, 126.22, 1
2848, 2705, 15.83, 35.47, 134.06, 2
2846, 2703, 15.93, 34.99, 133.33, 3
2851, 2696, 16.09, 34.77, 133.21, 4
2846, 2700, 16.14, 34.45, 130.49, 5
2849, 2693, 16.14, 34.27, 130.65, 6
2844, 2701, 16.25, 34.06, 129.91, 7
2845, 2692, 16.33, 33.90, 129.91, 8
2847, 2696, 16.37, 33.89, 129.76, 9
2841, 2696, 16.33, 33.82, 129.91, 10
2825, 2684, 16.55, 36.97, 126.22, 1
2830, 2679, 16.69, 35.95, 134.80, 2
2830, 2680, 16.93, 35.41, 132.69, 3
2826, 2680, 16.93, 35.03, 131.50, 4
2825, 2680, 16.96, 34.87, 130.16, 5
2826, 2680, 17.06, 34.81, 131.10, 6
2827, 2676, 17.06, 34.57, 130.71, 7
2822, 2678, 17.23, 34.64, 130.13, 8
2822, 2676, 17.29, 34.54, 130.13, 9
2821, 2676, 17.29, 34.52, 129.97, 10
