953, 1138, 21.80, 39.65, 129.33, 1
940, 1153, 21.97, 33.88, 125.95, 2
936, 1151, 22.07, 31.65, 126.68, 3
954, 1136, 22.20, 31.18, 126.43, 4
941, 1131, 22.19, 30.77, 126.43, 5
934, 1151, 22.33, 30.68, 125.31, 6
930, 1154, 22.29, 30.88, 124.54, 7
948, 1142, 22.44, 30.45, 127.38, 8
932, 1134, 22.40, 30.15, 126.59, 9
949, 1129, 22.43, 30.34, 123.81, 10
968, 1164, 19.44, 34.35, 122.04, 1
959, 1156, 19.38, 32.12, 129.36, 2
969, 1172, 19.64, 31.50, 125.15, 3
954, 1184, 19.71, 31.46, 124.91, 4
968, 1156, 19.74, 31.08, 126.07, 5
960, 1161, 19.81, 30.86, 125.31, 6
961, 1172, 19.61, 30.85, 125.43, 7
958, 1160, 19.74, 30.54, 125.79, 8
972, 1169, 19.77, 30.50, 126.01, 9
958, 1156, 19.85, 30.18, 126.01, 10
987, 1194, 16.32, 33.42, 124.08, 1
998, 1209, 16.47, 33.00, 129.79, 2
1000, 1214, 16.59, 32.28, 126.37, 3
988, 1197, 16.59, 32.19, 125.06, 4
1005, 1212, 16.76, 32.03, 124.66, 5
990, 1195, 16.71, 31.86, 125.18, 6
1007, 1195, 16.73, 31.76, 125.55, 7
999, 1216, 16.80, 31.63, 124.24, 8
1005, 1212, 16.78, 31.51, 125.46, 9
985, 1213, 16.64, 31.47, 124.66, 10
1031, 1251, 13.34, 33.96, 122.50, 1
1036, 1252, 13.50, 34.00, 128.91, 2
1026, 1236, 13.56, 33.58, 129.49, 3
1017, 1252, 13.74, 33.44, 126.31, 4
1023, 1256, 13.80, 33.19, 126.01, 5
1039, 1252, 13.79, 33.22, 124.97, 6
1035, 1255, 13.98, 33.17, 125.21, 7
1019, 1237, 13.93, 33.13, 125.18, 8
1037, 1235, 13.94, 33.22, 125.37, 9
1032, 1237, 14.03, 33.00, 122.89, 10
1049, 1266, 12.43, 34.85, 122.50, 1
1046, 1261, 12.63, 34.99, 129.24, 2
1048, 1248, 12.81, 34.67, 127.26, 3
1033, 1250, 12.97, 34.51, 126.80, 4
1031, 1250, 13.02, 34.56, 124.66, 5
1049, 1267, 13.15, 34.19, 125.55, 6
1046, 1249, 13.18, 34.16, 124.66, 7
1051, 1260, 13.32, 33.98, 125.79, 8
1029, 1249, 13.23, 33.98, 125.85, 9
1031, 1247, 13.36, 33.93, 124.51, 10
1029, 1249, 12.50, 34.76, 122.34, 1
1032, 1256, 12.60, 34.78, 129.03, 2
1031, 1250, 12.84, 34.48, 129.55, 3
1048, 1266, 12.91, 34.33, 125.92, 4
1046, 1268, 13.01, 34.03, 124.66, 5
1045, 1264, 13.11, 34.14, 125.55, 6
1037, 1254, 13.17, 34.09, 125.79, 7
1041, 1248, 13.22, 33.88, 124.66, 8
1045, 1263, 13.26, 34.03, 126.07, 9
1034, 1243, 13.35, 33.55, 124.79, 10
1031, 1248, 14.00, 33.32, 122.50, 1
1036, 1231, 14.21, 32.64, 127.75, 2
1035, 1234, 14.21, 32.25, 128.27, 3
1033, 1236, 14.47, 31.94, 127.56, 4
1015, 1235, 14.64, 32.04, 125.73, 5
1017, 1244, 14.75, 31.82, 126.01, 6
1029, 1245, 14.79, 31.87, 126.68, 7
1018, 1236, 14.75, 31.65, 126.46, 8
1032, 1236, 14.92, 31.41, 124.08, 9
1019, 1229, 14.95, 31.29, 123.54, 10
967, 1174, 19.26, 31.65, 125.21, 1
962, 1188, 19.38, 30.51, 128.78, 2
971, 1171, 19.68, 30.32, 126.07, 3
966, 1172, 19.85, 29.94, 125.46, 4
965, 1188, 19.88, 29.93, 125.55, 5
979, 1186, 19.95, 29.58, 126.22, 6
980, 1185, 20.08, 29.44, 124.11, 7
980, 1163, 20.05, 29.37, 123.87, 8
977, 1182, 20.15, 29.25, 123.87, 9
972, 1179, 20.23, 29.26, 123.87, 10
953, 1153, 20.39, 31.12, 122.50, 1
966, 1168, 20.62, 29.91, 127.81, 2
949, 1155, 20.73, 29.41, 126.43, 3
952, 1170, 20.83, 29.25, 125.06, 4
962, 1153, 20.91, 28.87, 126.31, 5
949, 1154, 20.95, 28.73, 124.82, 6
952, 1151, 21.01, 28.70, 124.08, 7
950, 1174, 21.04, 28.50, 124.82, 8
953, 1151, 21.10, 28.43, 127.41, 9
951, 1154, 21.20, 28.29, 124.97, 10
983, 1183, 18.24, 30.81, 122.04, 1
980, 1176, 18.31, 30.07, 127.56, 2
980, 1187, 18.48, 29.69, 126.68, 3
982, 1187, 18.62, 29.67, 124.66, 4
971, 1170, 18.58, 29.32, 125.73, 5
967, 1172, 18.73, 29.30, 126.01, 6
984, 1188, 18.80, 29.10, 124.97, 7
982, 1184, 18.79, 28.99, 124.97, 8
969, 1174, 18.79, 28.87, 124.79, 9
967, 1186, 18.82, 28.62, 125.15, 10
989, 1196, 16.73, 29.82, 122.31, 1
1002, 1217, 16.84, 29.24, 129.85, 2
988, 1211, 16.91, 28.69, 127.90, 3
1000, 1212, 17.21, 28.63, 127.23, 4
992, 1196, 17.15, 28.86, 123.96, 5
986, 1213, 17.13, 28.22, 124.51, 6
988, 1210, 17.28, 27.89, 124.66, 7
1003, 1194, 17.29, 27.88, 124.97, 8
1002, 1211, 17.32, 27.71, 126.31, 9
986, 1199, 17.31, 27.66, 124.97, 10
1017, 1225, 14.49, 30.16, 122.77, 1
1024, 1238, 14.69, 30.52, 129.97, 2
1013, 1221, 15.00, 30.06, 128.14, 3
1004, 1238, 15.03, 29.94, 127.11, 4
1008, 1220, 15.14, 30.00, 125.46, 5
1008, 1236, 15.17, 29.94, 123.78, 6
1023, 1218, 15.26, 29.98, 123.78, 7
1012, 1222, 15.31, 29.82, 123.87, 8
1022, 1215, 15.33, 29.81, 123.47, 9
1008, 1218, 15.40, 29.77, 126.31, 10
1025, 1244, 14.66, 30.64, 122.34, 1
1007, 1226, 14.75, 29.64, 129.88, 2
1028, 1239, 14.86, 28.93, 128.08, 3
1025, 1240, 14.96, 28.71, 126.98, 4
1009, 1224, 15.00, 28.59, 125.46, 5
1025, 1239, 15.13, 28.40, 123.47, 6
1008, 1238, 15.11, 28.26, 126.01, 7
1010, 1222, 15.22, 28.23, 126.68, 8
1012, 1234, 15.22, 28.04, 124.24, 9
1007, 1225, 15.37, 27.90, 126.68, 10
1020, 1229, 15.17, 30.96, 122.99, 1
1020, 1222, 15.34, 30.01, 128.69, 2
1006, 1231, 15.48, 29.56, 128.30, 3
1007, 1217, 15.67, 29.36, 125.79, 4
1008, 1229, 15.65, 29.02, 123.78, 5
1002, 1228, 15.89, 28.96, 124.08, 6
1018, 1229, 15.98, 28.78, 124.21, 7
1019, 1228, 15.86, 28.69, 124.79, 8
1017, 1227, 16.05, 28.56, 125.15, 9
1019, 1224, 16.16, 28.31, 124.82, 10
1011, 1231, 14.28, 30.93, 122.19, 1
1026, 1237, 14.45, 30.12, 129.88, 2
1026, 1239, 14.64, 29.63, 127.99, 3
1011, 1225, 14.72, 29.34, 126.80, 4
1023, 1238, 14.69, 29.27, 125.43, 5
1013, 1226, 14.72, 29.06, 125.67, 6
1027, 1220, 14.74, 28.76, 126.40, 7
1026, 1239, 14.79, 28.59, 126.28, 8
1027, 1225, 14.83, 28.68, 126.28, 9
1010, 1224, 14.87, 28.45, 123.87, 10
1027, 1246, 12.92, 30.70, 122.31, 1
1042, 1238, 13.19, 30.28, 129.36, 2
1036, 1258, 13.25, 29.88, 128.91, 3
1024, 1238, 13.39, 29.55, 126.92, 4
1025, 1243, 13.42, 29.39, 124.82, 5
1026, 1243, 13.41, 29.30, 124.36, 6
1039, 1258, 13.53, 29.02, 124.36, 7
1031, 1240, 13.46, 28.89, 125.46, 8
1041, 1253, 13.66, 28.83, 124.79, 9
1038, 1240, 13.56, 28.69, 125.95, 10
1054, 1277, 10.73, 30.90, 121.64, 1
1050, 1274, 10.96, 31.06, 128.85, 2
1053, 1272, 11.16, 30.62, 127.93, 3
1051, 1276, 11.26, 30.52, 126.92, 4
1064, 1285, 11.26, 30.36, 126.01, 5
1067, 1271, 11.26, 30.47, 124.42, 6
1054, 1271, 11.41, 30.36, 124.05, 7
1054, 1276, 11.35, 30.09, 123.96, 8
1051, 1273, 11.44, 30.14, 126.92, 9
1054, 1275, 11.33, 29.87, 124.66, 10
1076, 1299, 9.46, 31.38, 122.38, 1
1082, 1306, 9.57, 31.93, 128.81, 2
1083, 1305, 9.70, 31.47, 127.90, 3
1082, 1309, 9.91, 31.40, 126.01, 4
1066, 1296, 9.87, 31.19, 125.79, 5
1079, 1304, 9.97, 31.16, 125.31, 6
1077, 1288, 10.08, 31.05, 125.31, 7
1076, 1287, 10.10, 31.02, 125.43, 8
1069, 1293, 10.21, 31.04, 126.01, 9
1078, 1307, 10.11, 31.14, 123.35, 10
1078, 1303, 8.57, 31.86, 122.04, 1
1073, 1303, 8.77, 32.56, 129.03, 2
1076, 1300, 8.90, 32.56, 128.30, 3
1090, 1316, 9.02, 32.27, 124.51, 4
1078, 1301, 9.07, 32.13, 124.51, 5
1078, 1305, 9.18, 31.98, 125.31, 6
1080, 1307, 9.26, 32.04, 125.46, 7
1091, 1321, 9.22, 31.98, 124.36, 8
1076, 1305, 9.35, 31.84, 124.36, 9
1094, 1319, 9.41, 31.86, 124.36, 10
1098, 1323, 8.10, 32.33, 121.64, 1
1083, 1311, 8.22, 32.89, 128.85, 2
1083, 1310, 8.59, 32.90, 125.43, 3
1101, 1329, 8.60, 32.78, 124.97, 4
1083, 1309, 8.75, 32.69, 125.95, 5
1083, 1309, 8.73, 32.40, 125.21, 6
1082, 1311, 8.75, 32.32, 125.09, 7
1083, 1309, 8.82, 32.47, 125.21, 8
1078, 1308, 8.97, 32.33, 125.55, 9
1093, 1321, 8.91, 32.41, 124.79, 10
1088, 1313, 7.85, 32.64, 121.58, 1
1097, 1325, 7.95, 33.37, 128.81, 2
1104, 1329, 8.12, 33.48, 125.43, 3
1100, 1329, 8.29, 33.30, 127.29, 4
1084, 1312, 8.39, 33.27, 125.15, 5
1082, 1311, 8.46, 33.19, 125.21, 6
1090, 1327, 8.53, 33.19, 125.21, 7
1087, 1309, 8.47, 33.21, 124.24, 8
1081, 1326, 8.50, 33.13, 125.43, 9
1095, 1322, 8.54, 33.06, 124.73, 10
1103, 1331, 7.41, 33.14, 121.03, 1
1095, 1315, 7.61, 33.84, 128.69, 2
1090, 1316, 7.70, 34.08, 125.18, 3
1087, 1319, 7.82, 34.07, 127.26, 4
1106, 1335, 8.02, 33.86, 126.01, 5
1090, 1333, 8.05, 33.85, 124.97, 6
1092, 1320, 8.13, 33.87, 125.06, 7
1088, 1320, 8.21, 33.90, 125.18, 8
1091, 1319, 8.16, 34.03, 124.24, 9
1086, 1318, 8.22, 33.90, 124.42, 10
1096, 1326, 7.17, 33.46, 121.22, 1
1106, 1338, 7.34, 34.37, 128.72, 2
1103, 1340, 7.55, 34.54, 125.34, 3
1108, 1339, 7.60, 34.43, 127.38, 4
1093, 1315, 7.70, 34.43, 124.88, 5
1098, 1323, 7.80, 34.30, 125.18, 6
1102, 1331, 7.78, 34.35, 124.85, 7
1105, 1337, 7.92, 34.41, 124.91, 8
1101, 1344, 7.91, 34.47, 125.55, 9
1109, 1331, 8.02, 34.43, 124.08, 10
1109, 1340, 6.67, 33.72, 122.68, 1
1097, 1328, 6.93, 34.82, 129.24, 2
1112, 1341, 7.09, 35.24, 129.12, 3
1114, 1347, 7.22, 35.09, 126.68, 4
1112, 1327, 7.27, 35.14, 125.15, 5
1097, 1330, 7.27, 35.18, 124.11, 6
1110, 1344, 7.35, 35.22, 125.79, 7
1095, 1327, 7.38, 35.16, 125.06, 8
1111, 1343, 7.51, 35.08, 125.06, 9
1093, 1325, 7.53, 35.24, 125.06, 10
1103, 1335, 6.44, 34.15, 122.34, 1
1116, 1348, 6.65, 35.45, 129.21, 2
1110, 1330, 6.92, 35.73, 129.03, 3
1099, 1348, 6.98, 35.65, 125.79, 4
1118, 1346, 7.03, 35.66, 125.09, 5
1117, 1348, 7.12, 35.55, 125.18, 6
1102, 1334, 7.12, 35.72, 125.34, 7
1114, 1346, 7.17, 35.58, 124.24, 8
1111, 1347, 7.24, 35.63, 125.37, 9
1101, 1334, 7.24, 35.60, 126.04, 10
1102, 1340, 6.17, 34.52, 122.01, 1
1120, 1352, 6.37, 35.78, 129.94, 2
1117, 1349, 6.49, 36.08, 129.70, 3
1104, 1334, 6.59, 35.99, 127.11, 4
1118, 1354, 6.65, 35.96, 124.57, 5
1106, 1336, 6.73, 36.17, 125.09, 6
1106, 1335, 6.93, 36.18, 125.21, 7
1110, 1334, 6.96, 36.12, 125.55, 8
1112, 1341, 7.00, 36.20, 125.79, 9
1103, 1333, 6.89, 36.05, 124.57, 10
1111, 1344, 5.70, 34.92, 121.64, 1
1124, 1356, 5.85, 36.17, 128.69, 2
1127, 1356, 6.02, 36.55, 129.58, 3
1110, 1360, 6.23, 36.59, 126.37, 4
1110, 1344, 6.18, 36.53, 126.37, 5
1108, 1344, 6.37, 36.58, 124.88, 6
1109, 1337, 6.31, 36.67, 125.06, 7
1124, 1352, 6.51, 36.63, 125.15, 8
1116, 1355, 6.45, 36.71, 125.15, 9
1112, 1339, 6.48, 36.71, 125.31, 10
1127, 1361, 5.43, 35.28, 122.04, 1
1129, 1358, 5.58, 36.61, 128.23, 2
1131, 1360, 5.77, 37.04, 129.09, 3
1127, 1357, 5.85, 37.03, 126.04, 4
1112, 1349, 6.02, 36.98, 123.78, 5
1112, 1362, 5.99, 37.24, 123.87, 6
1125, 1358, 6.06, 37.04, 123.87, 7
1128, 1357, 6.07, 37.17, 123.96, 8
1127, 1359, 6.17, 37.16, 124.85, 9
1125, 1358, 6.20, 37.12, 124.54, 10
1130, 1363, 5.22, 35.52, 121.58, 1
1114, 1346, 5.32, 36.94, 129.58, 2
1118, 1350, 5.41, 37.45, 129.33, 3
1130, 1361, 5.63, 37.47, 125.21, 4
1121, 1346, 5.76, 37.59, 125.43, 5
1113, 1345, 5.82, 37.56, 123.87, 6
1129, 1362, 5.79, 37.47, 124.05, 7
1117, 1348, 5.89, 37.54, 123.96, 8
1112, 1350, 5.90, 37.58, 124.21, 9
1126, 1361, 5.93, 37.69, 126.98, 10
1116, 1353, 4.95, 35.70, 121.58, 1
1131, 1359, 5.07, 37.25, 129.52, 2
1117, 1370, 5.35, 37.79, 128.33, 3
1119, 1353, 5.43, 37.83, 125.34, 4
1130, 1366, 5.56, 37.76, 125.67, 5
1118, 1345, 5.58, 37.99, 123.63, 6
1119, 1353, 5.76, 38.05, 123.72, 7
1124, 1365, 5.67, 38.08, 126.07, 8
1128, 1364, 5.70, 38.09, 124.42, 9
1127, 1365, 5.80, 38.10, 123.96, 10
1131, 1367, 4.91, 36.09, 121.58, 1
1117, 1372, 5.07, 37.49, 129.58, 2
1122, 1350, 5.32, 37.95, 128.33, 3
1116, 1353, 5.41, 38.17, 125.43, 4
1132, 1371, 5.45, 38.11, 125.79, 5
1117, 1350, 5.55, 38.11, 123.72, 6
1134, 1363, 5.59, 38.10, 123.87, 7
1135, 1361, 5.63, 38.10, 123.87, 8
1119, 1347, 5.67, 38.12, 124.05, 9
1128, 1364, 5.77, 38.22, 126.92, 10
1125, 1360, 4.60, 36.15, 122.50, 1
1123, 1356, 4.80, 37.60, 129.79, 2
1125, 1353, 4.93, 38.19, 129.39, 3
1139, 1369, 4.94, 38.18, 125.21, 4
1140, 1370, 5.17, 38.23, 125.79, 5
1140, 1370, 5.24, 38.46, 123.63, 6
1138, 1374, 5.32, 38.51, 123.87, 7
1136, 1371, 5.28, 38.57, 123.87, 8
1125, 1355, 5.27, 38.63, 123.96, 9
1122, 1353, 5.42, 38.65, 124.11, 10
1136, 1374, 4.32, 36.27, 121.03, 1
1129, 1364, 4.36, 37.87, 129.79, 2
1146, 1377, 4.59, 38.70, 129.12, 3
1141, 1372, 4.79, 38.68, 126.68, 4
1140, 1377, 4.83, 38.74, 125.46, 5
1141, 1374, 4.83, 38.84, 123.44, 6
1128, 1362, 4.87, 38.83, 125.79, 7
1138, 1376, 4.94, 38.91, 126.68, 8
1126, 1359, 4.95, 38.97, 124.21, 9
1130, 1359, 5.00, 39.01, 123.63, 10
1131, 1361, 3.87, 36.60, 120.42, 1
1147, 1387, 4.09, 38.09, 129.36, 2
1131, 1369, 4.31, 38.91, 128.57, 3
1146, 1380, 4.33, 39.05, 125.55, 4
1132, 1365, 4.42, 39.12, 126.22, 5
1143, 1379, 4.55, 39.22, 125.43, 6
1139, 1380, 4.60, 39.27, 123.32, 7
1132, 1371, 4.59, 39.30, 125.67, 8
1141, 1378, 4.73, 39.49, 123.50, 9
1127, 1362, 4.74, 39.40, 125.85, 10
1148, 1383, 3.78, 36.92, 121.43, 1
1134, 1366, 4.00, 38.54, 129.52, 2
1138, 1369, 4.12, 39.48, 128.69, 3
1149, 1383, 4.16, 39.48, 124.66, 4
1143, 1380, 4.31, 39.64, 126.22, 5
1133, 1365, 4.45, 39.81, 125.43, 6
1146, 1367, 4.45, 39.86, 123.23, 7
1129, 1366, 4.51, 39.92, 125.79, 8
1139, 1381, 4.56, 40.02, 123.50, 9
1130, 1365, 4.60, 39.96, 123.72, 10
1133, 1365, 4.00, 37.32, 120.85, 1
1132, 1366, 4.13, 38.93, 129.58, 2
1144, 1377, 4.43, 39.76, 128.85, 3
1142, 1379, 4.46, 39.92, 125.79, 4
1142, 1381, 4.60, 40.05, 125.55, 5
1130, 1368, 4.74, 40.31, 125.85, 6
1144, 1378, 4.74, 40.21, 126.59, 7
1130, 1365, 4.91, 40.54, 124.66, 8
1130, 1365, 4.94, 40.39, 124.57, 9
1132, 1361, 5.07, 40.57, 124.21, 10
1107, 1334, 7.81, 37.98, 122.19, 1
1109, 1334, 8.16, 38.66, 129.52, 2
1094, 1321, 8.29, 38.78, 128.75, 3
1103, 1321, 8.50, 38.80, 125.95, 4
1105, 1334, 8.64, 38.69, 125.92, 5
1087, 1324, 8.74, 38.79, 126.80, 6
1102, 1332, 8.98, 38.76, 124.57, 7
1089, 1316, 9.12, 38.68, 124.57, 8
1097, 1329, 9.07, 38.64, 123.96, 9
1099, 1329, 9.23, 38.67, 124.08, 10
1030, 1247, 13.36, 37.76, 123.44, 1
1049, 1251, 13.60, 36.49, 129.88, 2
1048, 1263, 13.73, 35.97, 128.57, 3
1049, 1259, 14.04, 35.73, 126.68, 4
1029, 1246, 14.13, 35.60, 125.18, 5
1027, 1246, 14.24, 35.42, 125.46, 6
1039, 1245, 14.27, 35.15, 124.24, 7
1027, 1257, 14.49, 34.97, 125.37, 8
1039, 1257, 14.51, 34.82, 125.73, 9
1026, 1259, 14.68, 34.80, 124.88, 10
981, 1183, 18.50, 36.42, 122.22, 1
988, 1197, 18.73, 33.87, 129.36, 2
974, 1195, 19.01, 33.40, 127.38, 3
976, 1179, 19.23, 33.02, 127.93, 4
973, 1185, 19.30, 32.71, 126.37, 5
988, 1191, 19.44, 32.52, 125.09, 6
974, 1176, 19.54, 32.30, 124.08, 7
985, 1176, 19.75, 31.94, 125.43, 8
969, 1194, 19.68, 31.75, 125.79, 9
969, 1191, 19.75, 31.72, 124.66, 10
941, 1137, 23.16, 34.90, 122.89, 1
943, 1122, 23.33, 31.59, 129.49, 2
927, 1123, 23.61, 31.00, 128.78, 3
922, 1138, 23.76, 30.54, 125.79, 4
924, 1134, 23.85, 30.26, 126.68, 5
923, 1132, 24.01, 29.96, 125.31, 6
925, 1117, 24.15, 29.81, 125.46, 7
926, 1116, 24.18, 29.47, 123.81, 8
929, 1132, 24.26, 29.16, 125.18, 9
938, 1117, 24.39, 29.03, 125.18, 10
900, 1094, 27.13, 33.45, 120.33, 1
887, 1089, 27.33, 29.75, 129.94, 2
888, 1088, 27.60, 29.04, 125.46, 3
889, 1071, 27.69, 28.75, 126.43, 4
879, 1089, 27.89, 28.23, 125.37, 5
899, 1089, 27.91, 27.95, 124.97, 6
893, 1088, 28.11, 27.61, 125.46, 7
882, 1067, 28.20, 27.64, 123.99, 8
887, 1073, 28.35, 27.26, 125.55, 9
882, 1066, 28.34, 27.00, 124.21, 10
851, 1030, 30.66, 31.73, 121.89, 1
863, 1045, 30.84, 27.47, 129.36, 2
864, 1050, 31.01, 27.12, 126.68, 3
860, 1025, 31.10, 26.51, 126.80, 4
860, 1028, 31.25, 26.14, 125.37, 5
861, 1028, 31.32, 26.14, 125.67, 6
860, 1045, 31.44, 25.98, 124.33, 7
846, 1041, 31.48, 25.61, 124.33, 8
846, 1042, 31.58, 25.63, 125.67, 9
845, 1025, 31.56, 25.53, 124.57, 10
970, 1170, 20.37, 27.63, 127.11, 1
973, 1149, 20.67, 25.86, 121.70, 2
972, 1144, 20.74, 24.94, 125.43, 3
956, 1156, 20.76, 24.58, 125.55, 4
967, 1169, 20.98, 24.37, 123.17, 5
973, 1151, 21.10, 23.53, 125.09, 6
979, 1160, 20.98, 22.46, 125.21, 7
971, 1162, 20.93, 21.32, 126.43, 1
987, 1171, 20.83, 21.50, 123.11, 2
981, 1153, 20.95, 21.61, 124.97, 3
980, 1155, 21.01, 21.73, 124.57, 4
968, 1156, 21.02, 21.75, 124.57, 5
966, 1155, 21.11, 22.11, 124.85, 6
962, 1157, 21.20, 22.01, 124.11, 7
965, 1160, 21.37, 22.22, 125.73, 8
977, 1172, 21.37, 22.27, 124.91, 9
978, 1168, 21.51, 22.11, 124.97, 10
897, 1091, 27.90, 22.36, 122.92, 1
908, 1093, 28.11, 20.65, 129.52, 2
893, 1072, 28.31, 20.38, 127.99, 3
890, 1072, 28.52, 20.27, 127.29, 4
905, 1069, 28.68, 20.10, 125.95, 5
912, 1074, 28.78, 20.13, 124.73, 6
904, 1067, 28.92, 19.71, 125.37, 7
896, 1068, 28.93, 19.66, 125.55, 8
904, 1084, 29.05, 19.47, 123.54, 9
906, 1065, 29.24, 19.47, 125.85, 10