2300, 2729, 25.41, 24.72, 124.57, 1
2310, 2743, 25.68, 24.82, 129.39, 2
2307, 2741, 25.78, 23.37, 123.63, 3
910, 1087, 26.03, 23.33, 128.08, 1
919, 1081, 26.26, 23.16, 125.34, 2
912, 1081, 26.50, 23.27, 126.46, 3
917, 1075, 26.48, 22.48, 120.85, 4
912, 1080, 26.58, 22.22, 126.07, 5
897, 1078, 26.61, 22.25, 125.73, 6
914, 1092, 26.75, 22.90, 126.43, 7
913, 1089, 26.78, 23.08, 126.68, 8
913, 1073, 26.88, 22.67, 126.59, 9
897, 1075, 26.95, 22.23, 121.46, 10
882, 1058, 27.15, 25.09, 122.74, 1
900, 1063, 27.35, 23.83, 129.12, 2
899, 1081, 27.46, 24.06, 127.23, 3
897, 1078, 27.49, 24.11, 125.61, 4
899, 1072, 27.63, 23.98, 125.95, 5
888, 1074, 27.69, 23.92, 127.38, 6
896, 1070, 27.77, 23.71, 124.57, 7
893, 1075, 27.89, 23.40, 124.57, 8
896, 1075, 27.87, 22.97, 127.04, 9
899, 1056, 27.97, 22.56, 124.85, 10
894, 1069, 27.42, 25.26, 120.33, 1
883, 1053, 27.56, 24.89, 128.91, 2
895, 1072, 27.70, 23.95, 127.50, 3
877, 1068, 27.90, 24.04, 125.61, 4
877, 1070, 27.94, 23.70, 123.78, 5
895, 1068, 28.11, 23.17, 124.08, 6
880, 1050, 28.08, 23.14, 127.38, 7
880, 1067, 28.08, 23.50, 125.61, 8
897, 1071, 28.12, 23.17, 125.37, 9
893, 1053, 28.21, 23.33, 125.18, 10
888, 1061, 26.92, 25.04, 120.12, 1
883, 1057, 27.04, 24.41, 128.75, 2
886, 1058, 27.18, 24.19, 127.41, 3
888, 1078, 27.33, 23.77, 125.55, 4
887, 1063, 27.48, 23.72, 125.95, 5
897, 1070, 27.60, 23.29, 124.66, 6
897, 1071, 27.54, 23.21, 123.78, 7
884, 1060, 27.62, 23.25, 123.78, 8
896, 1064, 27.57, 23.25, 127.38, 9
898, 1074, 27.54, 23.11, 125.15, 10
897, 1072, 25.81, 25.00, 121.67, 1
895, 1072, 25.89, 25.55, 129.49, 2
900, 1076, 26.19, 25.11, 127.81, 3
895, 1091, 26.24, 24.86, 125.67, 4
897, 1090, 26.48, 24.59, 125.37, 5
913, 1088, 26.34, 24.59, 125.92, 6
897, 1087, 26.54, 24.37, 126.68, 7
895, 1074, 26.55, 24.35, 126.68, 8
898, 1074, 26.57, 24.83, 123.87, 9
896, 1071, 26.60, 24.88, 123.50, 10
902, 1084, 24.90, 25.34, 121.03, 1
911, 1100, 25.04, 26.18, 129.24, 2
906, 1102, 25.24, 26.24, 127.47, 3
918, 1097, 25.21, 26.12, 125.18, 4
905, 1097, 25.35, 25.86, 125.92, 5
904, 1079, 25.34, 26.10, 125.37, 6
904, 1084, 25.47, 26.23, 125.37, 7
918, 1079, 25.52, 26.14, 126.04, 8
905, 1099, 25.55, 26.10, 126.07, 9
903, 1081, 25.68, 25.85, 123.23, 10
931, 1098, 23.25, 25.71, 120.27, 1
936, 1117, 23.37, 27.48, 128.72, 2
935, 1117, 23.49, 27.44, 127.50, 3
921, 1100, 23.67, 27.39, 124.73, 4
922, 1104, 23.67, 27.42, 125.06, 5
936, 1122, 23.76, 27.69, 124.73, 6
936, 1109, 23.85, 27.67, 124.66, 7
918, 1103, 23.83, 27.67, 124.91, 8
937, 1104, 23.84, 27.81, 125.06, 9
934, 1103, 23.84, 27.87, 125.95, 10
936, 1119, 21.52, 26.20, 120.12, 1
947, 1120, 21.75, 29.02, 128.57, 2
950, 1138, 21.93, 29.24, 128.14, 3
949, 1116, 21.95, 29.51, 126.22, 4
952, 1118, 22.01, 29.53, 125.95, 5
941, 1120, 22.10, 29.59, 124.82, 6
955, 1137, 22.14, 29.81, 125.18, 7
950, 1118, 22.13, 30.08, 125.34, 8
938, 1139, 22.17, 30.09, 125.37, 9
936, 1126, 22.16, 30.05, 125.61, 10
964, 1152, 20.33, 26.96, 120.09, 1
948, 1152, 20.49, 30.63, 128.91, 2
966, 1137, 20.71, 30.99, 127.11, 3
966, 1151, 20.73, 31.17, 126.74, 4
964, 1151, 20.83, 31.34, 124.85, 5
950, 1136, 20.95, 31.50, 125.43, 6
949, 1154, 20.94, 31.65, 125.67, 7
964, 1153, 21.00, 31.87, 126.01, 8
963, 1135, 20.97, 32.01, 124.66, 9
967, 1152, 21.07, 32.15, 126.07, 10
975, 1160, 19.72, 27.73, 121.89, 1
973, 1162, 19.86, 31.95, 128.91, 2
974, 1161, 19.96, 32.58, 129.03, 3
960, 1159, 20.12, 32.69, 126.68, 4
962, 1139, 20.12, 32.86, 124.57, 5
973, 1146, 20.29, 32.99, 125.06, 6
962, 1144, 20.29, 33.16, 125.15, 7
971, 1159, 20.29, 33.28, 125.43, 8
972, 1157, 20.36, 33.29, 124.42, 9
973, 1163, 20.43, 33.60, 124.21, 10
974, 1167, 18.99, 28.45, 121.15, 1
966, 1152, 19.12, 32.82, 127.93, 2
967, 1154, 19.30, 33.41, 127.29, 3
982, 1150, 19.41, 33.67, 126.01, 4
962, 1171, 19.47, 33.90, 126.01, 5
967, 1168, 19.58, 34.06, 127.96, 6
962, 1153, 19.64, 34.36, 124.85, 7
962, 1165, 19.58, 34.54, 124.88, 8
965, 1152, 19.75, 34.72, 124.85, 9
980, 1172, 19.70, 34.96, 126.46, 10
981, 1168, 18.34, 29.22, 122.41, 1
988, 1175, 18.54, 33.67, 127.75, 2
968, 1160, 18.82, 34.55, 127.11, 3
987, 1175, 18.89, 34.63, 125.21, 4
971, 1159, 19.01, 34.81, 126.28, 5
985, 1170, 19.05, 35.07, 127.26, 6
970, 1158, 19.06, 35.33, 125.09, 7
981, 1172, 19.10, 35.60, 124.97, 8
974, 1157, 19.16, 35.76, 123.87, 9
981, 1172, 19.19, 35.94, 125.43, 10
975, 1164, 17.83, 29.96, 121.58, 1
988, 1181, 17.96, 34.66, 128.27, 2
978, 1164, 18.20, 35.52, 129.12, 3
986, 1182, 18.35, 35.61, 126.07, 4
988, 1179, 18.41, 35.87, 126.31, 5
976, 1166, 18.44, 36.10, 124.51, 6
985, 1163, 18.45, 36.43, 126.98, 7
986, 1180, 18.58, 36.49, 124.42, 8
975, 1161, 18.61, 36.79, 124.51, 9
986, 1166, 18.55, 36.87, 123.99, 10
992, 1182, 17.65, 30.80, 120.12, 1
992, 1169, 17.90, 33.49, 129.79, 2
978, 1168, 17.97, 33.63, 126.80, 3
978, 1166, 18.17, 33.78, 126.80, 4
978, 1170, 18.24, 33.75, 127.11, 5
977, 1169, 18.30, 33.84, 123.87, 6
987, 1177, 18.31, 33.80, 123.81, 7
976, 1165, 18.43, 33.89, 127.38, 8
990, 1176, 18.45, 33.88, 124.79, 9
993, 1164, 18.45, 34.01, 124.11, 10
1001, 1197, 16.13, 30.76, 120.54, 1
989, 1187, 16.26, 32.70, 129.79, 2
1003, 1197, 16.45, 32.69, 128.72, 3
994, 1179, 16.46, 32.77, 126.19, 4
1006, 1201, 16.62, 32.82, 125.37, 5
992, 1184, 16.62, 32.95, 125.79, 6
1005, 1198, 16.64, 33.05, 126.28, 7
1001, 1204, 16.74, 33.09, 124.36, 8
989, 1184, 16.67, 33.22, 123.63, 9
995, 1185, 16.78, 33.24, 123.99, 10
1014, 1210, 14.35, 30.39, 122.19, 1
1009, 1204, 14.48, 32.90, 129.88, 2
1014, 1208, 14.68, 33.35, 128.23, 3
1012, 1208, 14.71, 33.39, 127.56, 4
1025, 1225, 14.87, 33.27, 125.15, 5
1024, 1218, 14.96, 33.56, 125.43, 6
1027, 1217, 14.93, 33.62, 126.59, 7
1023, 1220, 15.02, 33.87, 121.86, 8
1010, 1207, 15.03, 34.05, 126.46, 9
1011, 1204, 15.05, 34.12, 124.54, 10
1040, 1233, 13.43, 30.60, 121.09, 1
1034, 1233, 13.59, 33.57, 128.23, 2
1024, 1240, 13.80, 34.04, 127.93, 3
1033, 1232, 13.86, 33.92, 126.80, 4
1036, 1233, 13.87, 34.28, 125.73, 5
1024, 1222, 14.01, 34.17, 121.77, 6
1021, 1223, 14.04, 34.43, 124.42, 7
1026, 1212, 14.11, 34.50, 126.19, 8
1021, 1221, 14.06, 34.58, 125.79, 9
1034, 1236, 14.16, 34.60, 124.97, 10
1044, 1251, 12.43, 30.91, 122.68, 1
1054, 1238, 12.67, 34.23, 129.09, 2
1038, 1231, 12.81, 35.09, 127.93, 3
1050, 1246, 12.98, 35.23, 125.34, 4
1046, 1245, 13.01, 35.41, 121.77, 5
1052, 1233, 13.05, 35.40, 126.28, 6
1028, 1233, 13.17, 35.63, 123.29, 7
1032, 1232, 13.15, 35.74, 123.96, 8
1032, 1235, 13.17, 35.81, 125.79, 9
1036, 1229, 13.23, 35.93, 122.99, 10
1050, 1246, 12.20, 31.39, 121.03, 1
1036, 1238, 12.36, 34.91, 129.49, 2
1052, 1252, 12.51, 35.69, 127.99, 3
1049, 1251, 12.64, 36.02, 123.99, 4
1036, 1234, 12.77, 36.11, 126.22, 5
1040, 1237, 12.78, 36.12, 124.05, 6
1037, 1235, 12.81, 36.54, 124.73, 7
1049, 1246, 12.94, 36.49, 128.33, 8
1045, 1250, 12.88, 36.62, 122.68, 9
1038, 1236, 13.01, 36.83, 124.79, 10
1047, 1238, 11.92, 32.65, 120.33, 1
1053, 1256, 12.00, 35.64, 129.94, 2
1051, 1256, 12.23, 36.39, 127.29, 3
1050, 1255, 12.39, 36.64, 126.07, 4
1042, 1238, 12.43, 36.84, 125.06, 5
1050, 1249, 12.54, 36.94, 126.89, 6
1042, 1242, 12.64, 37.08, 125.43, 7
1041, 1239, 12.53, 37.18, 124.42, 8
1038, 1238, 12.64, 37.38, 128.75, 9
1051, 1252, 12.68, 37.55, 125.15, 10
1052, 1251, 11.81, 32.63, 120.54, 1
1042, 1238, 11.95, 35.59, 129.97, 2
1046, 1259, 12.18, 36.47, 127.66, 3
1057, 1253, 12.26, 36.67, 126.19, 4
1054, 1251, 12.39, 36.97, 126.04, 5
1042, 1241, 12.41, 37.01, 124.97, 6
1041, 1236, 12.47, 37.28, 125.43, 7
1036, 1239, 12.51, 37.49, 122.92, 8
1049, 1264, 12.57, 37.75, 124.54, 9
1050, 1250, 12.60, 37.78, 124.88, 10
1058, 1261, 11.57, 32.80, 120.18, 1
1057, 1255, 11.74, 35.79, 129.79, 2
1060, 1258, 11.78, 36.80, 127.38, 3
1040, 1252, 12.03, 37.12, 125.06, 4
1043, 1243, 12.05, 37.19, 125.55, 5
1049, 1244, 12.10, 37.44, 127.50, 6
1046, 1245, 12.28, 37.58, 127.50, 7
1041, 1240, 12.20, 37.71, 125.37, 8
1043, 1243, 12.23, 37.94, 127.17, 9
1041, 1242, 12.40, 38.03, 128.75, 10
1048, 1251, 11.30, 33.23, 121.22, 1
1059, 1263, 11.40, 36.51, 127.50, 2
1058, 1267, 11.64, 37.47, 127.47, 3
1046, 1260, 11.71, 37.84, 126.01, 4
1061, 1259, 11.75, 38.09, 126.01, 5
1057, 1259, 11.85, 38.35, 124.54, 6
1048, 1249, 11.91, 38.41, 126.46, 7
1061, 1258, 12.08, 38.56, 129.55, 8
1056, 1262, 11.99, 38.67, 124.24, 9
1058, 1260, 12.12, 38.65, 125.06, 10
1065, 1265, 11.09, 33.77, 122.34, 1
1046, 1249, 11.26, 36.98, 127.75, 2
1064, 1265, 11.44, 37.78, 127.99, 3
1060, 1267, 11.53, 37.99, 126.40, 4
1060, 1266, 11.69, 38.32, 126.40, 5
1047, 1270, 11.67, 38.44, 124.73, 6
1047, 1250, 11.84, 38.82, 126.92, 7
1060, 1263, 11.91, 39.14, 124.54, 8
1057, 1264, 11.91, 39.07, 121.58, 9
1058, 1245, 11.95, 39.39, 124.05, 10
1064, 1271, 10.84, 34.38, 122.22, 1
1064, 1273, 10.96, 37.37, 127.93, 2
1066, 1250, 11.13, 38.51, 127.93, 3
1051, 1258, 11.21, 38.64, 126.46, 4
1051, 1250, 11.37, 38.94, 126.37, 5
1061, 1270, 11.44, 39.13, 124.82, 6
1058, 1257, 11.40, 39.34, 125.06, 7
1047, 1255, 11.53, 39.31, 125.31, 8
1065, 1268, 11.57, 39.71, 127.04, 9
1052, 1253, 11.62, 39.79, 125.46, 10
1070, 1277, 10.62, 35.25, 120.97, 1
1057, 1253, 10.83, 38.12, 128.23, 2
1068, 1277, 10.90, 39.24, 127.99, 3
1056, 1256, 11.09, 39.56, 126.19, 4
1069, 1272, 11.11, 39.66, 124.21, 5
1064, 1274, 11.13, 39.75, 126.37, 6
1053, 1259, 11.27, 40.08, 129.79, 7
1053, 1257, 11.27, 40.24, 124.42, 8
1068, 1255, 11.34, 40.34, 124.97, 9
1067, 1269, 11.38, 40.48, 125.06, 10
1056, 1260, 10.63, 35.08, 122.38, 1
1054, 1278, 10.71, 38.21, 128.11, 2
1060, 1259, 11.00, 39.49, 128.33, 3
1055, 1257, 11.11, 39.88, 126.74, 4
1058, 1255, 11.17, 40.13, 123.17, 5
1063, 1271, 11.26, 40.32, 124.42, 6
1065, 1274, 11.31, 40.51, 124.97, 7
1062, 1257, 11.30, 40.71, 125.18, 8
1053, 1257, 11.31, 40.88, 124.97, 9
1063, 1273, 11.53, 40.94, 127.69, 10
1056, 1254, 10.84, 35.56, 121.37, 1
1050, 1252, 10.99, 38.62, 126.92, 2
1065, 1271, 11.10, 39.76, 127.69, 3
1065, 1270, 11.30, 40.09, 125.46, 4
1051, 1257, 11.35, 40.27, 124.42, 5
1065, 1271, 11.50, 40.68, 124.51, 6
1062, 1267, 11.51, 40.75, 124.97, 7
1050, 1256, 11.58, 40.87, 125.15, 8
1063, 1272, 11.62, 40.92, 125.43, 9
1065, 1269, 11.71, 41.12, 125.43, 10
1052, 1246, 11.17, 35.94, 120.15, 1
1060, 1264, 11.38, 38.95, 128.33, 2
1049, 1246, 11.55, 39.85, 126.80, 3
1058, 1267, 11.71, 40.14, 126.28, 4
1049, 1249, 11.78, 40.36, 125.06, 5
1050, 1246, 11.85, 40.69, 125.15, 6
1046, 1250, 11.85, 40.66, 125.31, 7
1058, 1249, 11.93, 40.95, 127.50, 8
1059, 1263, 12.06, 41.10, 125.15, 9
1044, 1245, 12.03, 41.26, 125.55, 10
1055, 1262, 11.71, 36.00, 120.64, 1
1036, 1245, 11.92, 38.95, 127.50, 2
1044, 1243, 12.08, 39.97, 129.03, 3
1052, 1254, 12.19, 40.20, 125.85, 4
1044, 1242, 12.22, 40.52, 125.37, 5
1038, 1245, 12.35, 40.66, 125.37, 6
1042, 1247, 12.39, 40.85, 120.09, 7
1044, 1249, 12.60, 41.10, 124.88, 8
1050, 1256, 12.56, 41.17, 124.57, 9
1059, 1250, 12.63, 41.28, 125.15, 10
1043, 1234, 12.12, 36.91, 120.97, 1
1051, 1253, 12.22, 39.55, 127.47, 2
1050, 1255, 12.41, 40.32, 129.85, 3
1035, 1236, 12.50, 40.35, 126.80, 4
1049, 1252, 12.61, 40.57, 126.01, 5
1040, 1243, 12.68, 40.62, 125.21, 6
1052, 1255, 12.78, 40.77, 126.59, 7
1037, 1252, 12.90, 41.04, 125.15, 8
1050, 1252, 12.94, 41.09, 124.24, 9
1035, 1239, 12.92, 41.21, 124.42, 10
1046, 1246, 12.35, 36.74, 121.31, 1
1047, 1233, 12.57, 39.40, 126.04, 2
1030, 1251, 12.74, 40.11, 126.68, 3
1048, 1234, 12.91, 40.31, 125.37, 4
1045, 1247, 12.95, 40.48, 124.82, 5
1046, 1244, 13.05, 40.74, 125.31, 6
1040, 1231, 13.11, 40.94, 125.31, 7
1034, 1233, 13.22, 41.16, 125.15, 8
1032, 1229, 13.21, 41.10, 124.54, 9
1043, 1245, 13.28, 41.28, 126.07, 10
1035, 1225, 13.04, 36.86, 121.03, 1
1041, 1242, 13.21, 38.95, 128.45, 2
1026, 1228, 13.36, 39.64, 127.17, 3
1042, 1222, 13.60, 40.09, 124.42, 4
1033, 1223, 13.52, 40.15, 125.37, 5
1037, 1240, 13.65, 40.31, 125.73, 6
1040, 1222, 13.76, 40.62, 124.97, 7
1040, 1223, 13.86, 40.88, 125.21, 8
1041, 1239, 13.87, 40.99, 125.18, 9
1036, 1237, 13.90, 41.09, 125.43, 10
1030, 1232, 13.53, 37.12, 121.58, 1
1031, 1234, 13.76, 39.23, 127.11, 2
1034, 1217, 14.00, 39.82, 126.89, 3
1030, 1232, 14.11, 40.14, 125.43, 4
1017, 1234, 14.27, 40.19, 124.91, 5
1023, 1218, 14.35, 40.47, 125.31, 6
1031, 1230, 14.44, 40.56, 125.46, 7
1036, 1228, 14.39, 40.52, 123.05, 8
1032, 1217, 14.47, 40.59, 125.37, 9
1024, 1216, 14.52, 40.78, 123.32, 10
1036, 1226, 14.10, 36.89, 120.06, 1
1030, 1230, 14.29, 39.14, 128.97, 2
1028, 1226, 14.44, 39.74, 127.38, 3
1016, 1210, 14.62, 39.89, 124.73, 4
1015, 1210, 14.71, 40.08, 126.01, 5
1025, 1212, 14.74, 40.19, 126.68, 6
1015, 1208, 14.86, 40.39, 124.24, 7
1025, 1227, 14.82, 40.53, 123.63, 8
1029, 1221, 14.86, 40.52, 123.81, 9
1016, 1207, 14.96, 40.65, 123.63, 10
1013, 1206, 14.39, 36.96, 120.12, 1
1025, 1225, 14.53, 38.78, 129.49, 2
1015, 1205, 14.75, 39.11, 126.59, 3
1023, 1216, 14.93, 39.33, 124.85, 4
1015, 1205, 14.92, 39.49, 126.01, 5
1028, 1219, 14.93, 39.60, 126.74, 6
1024, 1224, 15.06, 40.05, 124.33, 7
1025, 1221, 15.16, 40.16, 124.11, 8
1008, 1209, 15.17, 40.29, 124.79, 9
1005, 1205, 15.14, 40.27, 124.11, 10
1028, 1223, 14.25, 37.56, 120.06, 1
1013, 1208, 14.39, 39.66, 129.36, 2
1028, 1222, 14.65, 39.99, 127.56, 3
1026, 1208, 14.74, 40.24, 124.73, 4
1030, 1222, 14.74, 40.24, 125.79, 5
1029, 1224, 14.87, 40.28, 123.54, 6
1027, 1221, 14.85, 40.40, 123.63, 7
1014, 1203, 14.96, 40.71, 126.01, 8
1029, 1227, 15.03, 40.97, 124.33, 9
1015, 1210, 15.00, 40.95, 123.81, 10
1022, 1216, 14.83, 37.25, 122.04, 1
1022, 1200, 15.05, 39.48, 128.45, 2
1019, 1217, 15.14, 39.93, 127.66, 3
1022, 1205, 15.23, 39.89, 126.43, 4
1010, 1204, 15.37, 40.00, 124.97, 5
1011, 1206, 15.38, 40.02, 127.11, 6
1019, 1215, 15.46, 39.97, 125.18, 7
1005, 1204, 15.58, 40.18, 124.73, 8
1011, 1203, 15.65, 40.34, 125.18, 9
1020, 1212, 15.72, 40.64, 125.18, 10
1001, 1193, 15.29, 37.25, 121.46, 1
1012, 1209, 15.51, 39.20, 128.23, 2
1000, 1195, 15.67, 39.38, 125.79, 3
1002, 1211, 15.81, 39.47, 126.40, 4
1017, 1194, 15.89, 39.76, 125.21, 5
998, 1195, 15.94, 40.10, 125.46, 6
1018, 1200, 15.96, 40.17, 126.01, 7
1014, 1208, 16.11, 40.19, 124.82, 8
1002, 1213, 16.15, 40.23, 124.73, 9
1007, 1210, 16.19, 40.25, 126.01, 10
1013, 1203, 15.81, 37.60, 120.15, 1
996, 1202, 15.91, 39.34, 128.45, 2
1016, 1189, 16.15, 39.27, 126.28, 3
1005, 1210, 16.22, 39.15, 126.74, 4
997, 1205, 16.39, 39.43, 125.43, 5
999, 1193, 16.40, 39.69, 125.79, 6
998, 1207, 16.53, 39.72, 124.82, 7
1001, 1190, 16.50, 39.88, 124.91, 8
1012, 1188, 16.70, 39.95, 124.73, 9
990, 1206, 16.68, 40.03, 124.91, 10
1006, 1202, 16.36, 37.20, 120.97, 1
1005, 1197, 16.50, 39.18, 129.67, 2
1006, 1193, 16.80, 39.69, 126.68, 3
993, 1185, 16.73, 39.66, 125.18, 4
992, 1183, 16.92, 39.49, 125.79, 5
990, 1185, 17.03, 39.38, 124.91, 6
990, 1185, 17.03, 39.39, 125.18, 7
1007, 1183, 17.05, 39.54, 125.31, 8
1005, 1193, 17.25, 39.67, 125.73, 9
994, 1181, 17.21, 39.83, 126.01, 10
998, 1195, 16.46, 37.11, 120.97, 1
991, 1176, 16.63, 38.76, 128.45, 2
1012, 1197, 16.73, 39.19, 125.79, 3
993, 1185, 16.90, 38.91, 125.55, 4
991, 1179, 16.92, 38.82, 124.79, 5
1003, 1197, 17.10, 38.81, 125.31, 6
1004, 1194, 17.17, 38.87, 125.37, 7
992, 1184, 17.11, 38.85, 125.46, 8
1004, 1194, 17.22, 38.82, 124.73, 9
1005, 1191, 17.19, 39.10, 124.54, 10
1006, 1195, 16.45, 36.86, 120.97, 1
1003, 1197, 16.56, 38.46, 129.70, 2
992, 1182, 16.74, 38.88, 125.85, 3
1001, 1193, 16.92, 39.08, 124.85, 4
992, 1199, 17.01, 39.31, 126.07, 5
1006, 1181, 17.08, 39.37, 125.18, 6
990, 1181, 17.01, 39.46, 125.31, 7
991, 1183, 17.19, 39.60, 123.96, 8
991, 1182, 17.25, 39.75, 125.55, 9
1001, 1193, 17.29, 39.63, 124.66, 10
992, 1181, 16.60, 36.93, 120.15, 1
997, 1193, 16.80, 38.97, 127.66, 2
1001, 1192, 17.03, 39.28, 127.66, 3
984, 1191, 17.10, 39.15, 125.55, 4
1003, 1192, 17.18, 39.03, 125.46, 5
1005, 1190, 17.26, 39.29, 125.55, 6
1005, 1194, 17.32, 39.19, 124.11, 7
986, 1177, 17.31, 39.15, 124.33, 8
985, 1190, 17.48, 39.22, 124.33, 9
984, 1196, 17.52, 39.39, 124.66, 10
1008, 1184, 16.09, 37.10, 120.70, 1
1008, 1199, 16.25, 39.21, 126.92, 2
994, 1187, 16.37, 39.26, 125.79, 3
991, 1192, 16.49, 39.22, 124.57, 4
994, 1188, 16.60, 39.37, 125.73, 5
996, 1185, 16.60, 39.36, 126.31, 6
1007, 1201, 16.74, 39.54, 124.73, 7
993, 1185, 16.76, 39.63, 124.91, 8
1005, 1201, 16.83, 39.73, 125.18, 9
1002, 1197, 16.83, 39.72, 124.97, 10
1002, 1196, 15.16, 37.44, 120.09, 1
1006, 1197, 15.27, 39.67, 129.39, 2
1006, 1199, 15.44, 40.13, 127.66, 3
1015, 1218, 15.57, 40.36, 126.80, 4
1004, 1196, 15.65, 40.26, 124.51, 5
1014, 1215, 15.61, 40.23, 125.09, 6
1019, 1212, 15.69, 40.49, 125.09, 7
1002, 1190, 15.71, 40.59, 125.34, 8
1006, 1197, 15.81, 40.73, 124.33, 9
1004, 1193, 15.78, 40.69, 124.24, 10
1026, 1224, 14.14, 37.73, 120.33, 1
1030, 1225, 14.28, 40.22, 129.12, 2
1024, 1226, 14.51, 40.75, 128.91, 3
1012, 1223, 14.64, 40.82, 126.92, 4
1024, 1213, 14.75, 40.81, 125.73, 5
1017, 1211, 14.76, 41.10, 126.80, 6
1031, 1216, 14.85, 41.19, 124.33, 7
1027, 1224, 14.82, 41.19, 123.81, 8
1026, 1224, 14.78, 41.30, 123.81, 9
1028, 1204, 14.93, 41.50, 123.99, 10
1026, 1220, 13.08, 38.59, 121.46, 1
1040, 1238, 13.25, 41.01, 129.58, 2
1025, 1224, 13.39, 41.65, 126.01, 3
1027, 1237, 13.50, 41.86, 125.73, 4
1033, 1238, 13.49, 41.90, 126.01, 5
1039, 1236, 13.63, 42.03, 125.34, 6
1035, 1237, 13.65, 42.17, 125.34, 7
1039, 1238, 13.73, 42.31, 125.43, 8
1026, 1221, 13.77, 42.40, 126.04, 9
1025, 1223, 13.79, 42.62, 123.23, 10
1045, 1246, 12.22, 38.57, 122.22, 1
1032, 1236, 12.39, 41.43, 129.67, 2
1035, 1234, 12.61, 42.30, 126.04, 3
1048, 1248, 12.80, 42.61, 125.55, 4
1035, 1248, 12.83, 42.57, 125.85, 5
1046, 1232, 12.87, 42.64, 124.97, 6
1036, 1246, 12.86, 42.74, 124.97, 7
1032, 1236, 12.88, 42.92, 124.97, 8
1046, 1245, 12.94, 43.21, 125.06, 9
1032, 1231, 13.11, 43.33, 125.15, 10
1053, 1259, 11.74, 39.52, 120.33, 1
1039, 1252, 11.93, 42.16, 129.12, 2
1040, 1242, 12.09, 42.99, 128.81, 3
1051, 1253, 12.22, 43.02, 124.88, 4
1039, 1242, 12.29, 43.05, 126.43, 5
1061, 1261, 12.32, 43.29, 125.09, 6
1036, 1241, 12.41, 43.50, 125.18, 7
1039, 1241, 12.47, 43.60, 124.54, 8
1040, 1254, 12.50, 43.78, 124.54, 9
1042, 1235, 12.44, 43.77, 124.57, 10
1056, 1262, 11.23, 40.00, 120.85, 1
1042, 1250, 11.24, 42.56, 127.90, 2
1049, 1266, 11.48, 43.45, 127.99, 3
1052, 1249, 11.65, 43.76, 125.15, 4
1048, 1250, 11.71, 44.12, 125.92, 5
1063, 1261, 11.75, 44.25, 125.15, 6
1063, 1248, 11.72, 44.37, 125.06, 7
1050, 1250, 11.88, 44.45, 125.31, 8
1061, 1265, 11.84, 44.74, 125.15, 9
1051, 1264, 11.82, 44.79, 125.15, 10
1053, 1259, 10.71, 40.37, 122.44, 1
1058, 1254, 10.95, 42.86, 129.03, 2
1064, 1269, 11.13, 44.01, 128.11, 3
1056, 1253, 11.20, 44.39, 125.06, 4
1068, 1271, 11.31, 44.56, 126.19, 5
1064, 1270, 11.31, 44.77, 125.37, 6
1055, 1255, 11.48, 44.94, 124.36, 7
1054, 1252, 11.44, 45.17, 124.42, 8
1049, 1252, 11.55, 45.26, 124.36, 9
1048, 1253, 11.53, 45.51, 124.42, 10
1056, 1256, 10.71, 40.52, 120.97, 1
1070, 1269, 10.86, 43.31, 129.55, 2
1055, 1255, 10.98, 44.79, 128.23, 3
1055, 1254, 11.11, 45.01, 125.61, 4
1066, 1259, 11.30, 45.42, 125.31, 5
1051, 1252, 11.33, 45.73, 125.61, 6
1065, 1272, 11.34, 45.94, 126.01, 7
1052, 1252, 11.51, 46.10, 124.97, 8
1066, 1268, 11.57, 46.21, 124.79, 9
1069, 1253, 11.60, 46.23, 124.82, 10
1070, 1268, 10.71, 41.02, 120.97, 1
1054, 1272, 10.82, 44.36, 129.49, 2
1068, 1270, 10.93, 45.98, 126.28, 3
1066, 1256, 11.14, 46.39, 125.61, 4
1053, 1256, 11.10, 46.85, 125.31, 5
1067, 1269, 11.23, 47.13, 124.51, 6
1054, 1269, 11.37, 47.34, 126.01, 7
1049, 1250, 11.41, 46.75, 124.66, 8
1048, 1253, 11.42, 44.88, 126.01, 9
1069, 1253, 11.48, 43.76, 124.79, 10
1070, 1272, 10.41, 42.39, 120.85, 1
1069, 1274, 10.47, 42.96, 127.11, 2
1060, 1273, 10.69, 42.64, 126.22, 3
1060, 1261, 10.84, 42.49, 124.91, 4
1059, 1260, 10.99, 42.38, 126.22, 5
1074, 1273, 10.95, 42.32, 125.21, 6
1057, 1255, 11.06, 42.23, 125.34, 7
1070, 1273, 11.16, 42.12, 125.79, 8
1069, 1269, 11.17, 42.08, 124.82, 9
1069, 1274, 11.24, 42.08, 124.79, 10
1072, 1276, 10.27, 43.65, 120.15, 1
1063, 1264, 10.37, 44.54, 128.81, 2
1058, 1258, 10.48, 44.71, 129.24, 3
1071, 1275, 10.66, 44.64, 127.38, 4
1057, 1263, 10.73, 44.59, 124.97, 5
1072, 1271, 10.78, 44.52, 125.21, 6
1073, 1281, 10.84, 44.48, 125.43, 7
1064, 1266, 10.95, 44.52, 125.34, 8
1059, 1259, 10.90, 44.55, 124.24, 9
1070, 1278, 10.99, 44.47, 124.24, 10
1072, 1276, 10.15, 47.20, 120.33, 1
1056, 1262, 10.27, 48.39, 128.91, 2
1063, 1260, 10.47, 49.03, 126.19, 3
1075, 1277, 10.59, 49.02, 124.88, 4
1060, 1265, 10.76, 49.00, 126.40, 5
1061, 1264, 10.78, 49.08, 125.67, 6
1068, 1276, 10.89, 49.06, 125.92, 7
1075, 1276, 10.90, 49.21, 124.85, 8
1069, 1261, 11.02, 49.10, 124.85, 9
1071, 1278, 10.99, 49.14, 124.57, 10
1077, 1276, 10.24, 50.28, 120.79, 1
1070, 1274, 10.48, 51.26, 129.36, 2
1071, 1274, 10.59, 51.83, 129.97, 3
1061, 1262, 10.72, 52.02, 127.99, 4
1059, 1259, 10.75, 51.80, 125.79, 5
1074, 1277, 10.86, 51.99, 124.97, 6
1072, 1271, 10.89, 51.94, 124.91, 7
1068, 1274, 10.98, 51.85, 125.37, 8
1073, 1277, 11.10, 51.87, 125.37, 9
1061, 1263, 11.09, 51.97, 125.34, 10
1075, 1278, 10.05, 57.42, 120.33, 1
1062, 1261, 10.24, 67.83, 129.49, 2
1073, 1274, 10.49, 71.80, 129.49, 3
1072, 1281, 10.49, 73.06, 129.70, 4
1070, 1273, 10.71, 74.07, 129.88, 5
1070, 1275, 10.71, 74.85, 129.97, 6
1058, 1257, 10.76, 75.44, 124.91, 7
1070, 1277, 10.90, 75.78, 125.15, 8
1058, 1262, 10.84, 76.27, 123.35, 9
1069, 1274, 10.92, 76.64, 125.67, 10
1068, 1269, 9.94, 76.69, 120.54, 1
1055, 1247, 10.12, 79.11, 129.58, 2
1069, 1269, 10.25, 81.07, 129.97, 3
1069, 1265, 10.35, 81.70, 129.12, 4
1070, 1271, 10.49, 81.91, 129.24, 5
1057, 1256, 10.45, 81.98, 129.24, 6
1055, 1252, 10.69, 82.23, 129.03, 7
1066, 1253, 10.59, 82.21, 126.50, 8
1065, 1267, 10.66, 82.31, 125.55, 9
1067, 1264, 10.78, 82.33, 126.31, 10
1063, 1268, 9.79, 82.66, 120.54, 1
1054, 1253, 9.87, 83.52, 129.03, 2
1069, 1265, 10.01, 84.77, 129.49, 3
1056, 1255, 10.25, 85.16, 128.45, 4
1056, 1252, 10.31, 85.25, 128.45, 5
1068, 1269, 10.34, 85.34, 128.45, 6
1054, 1255, 10.38, 85.35, 128.45, 7
1065, 1249, 10.40, 85.28, 127.23, 8
1070, 1267, 10.62, 85.31, 125.79, 9
1066, 1261, 10.52, 85.37, 126.50, 10
1067, 1269, 9.72, 85.77, 120.12, 1
1068, 1260, 9.94, 86.11, 128.97, 2
1069, 1272, 10.15, 86.90, 128.39, 3
1070, 1252, 10.20, 87.20, 127.90, 4
1057, 1253, 10.27, 87.47, 127.90, 5
1054, 1252, 10.34, 87.52, 127.96, 6
1058, 1252, 10.42, 87.49, 127.96, 7
1051, 1250, 10.52, 87.43, 127.81, 8
1056, 1246, 10.52, 87.54, 127.96, 9
1065, 1268, 10.58, 87.52, 123.87, 10
1067, 1265, 9.74, 87.93, 120.27, 1
1069, 1267, 9.98, 87.90, 128.78, 2
1061, 1263, 10.14, 88.54, 128.39, 3
1050, 1248, 10.32, 88.82, 127.23, 4
1069, 1267, 10.48, 88.92, 127.23, 5
1049, 1247, 10.45, 88.98, 127.11, 6
1062, 1273, 10.53, 88.87, 127.23, 7
1051, 1246, 10.62, 88.98, 127.38, 8
1069, 1263, 10.55, 88.89, 127.38, 9
1066, 1263, 10.69, 88.92, 127.38, 10
1050, 1246, 9.90, 89.81, 120.42, 1
1064, 1256, 10.07, 89.67, 128.45, 2
1050, 1245, 10.25, 90.04, 126.92, 3
1054, 1251, 10.31, 90.25, 127.11, 4
1065, 1260, 10.51, 90.26, 126.37, 5
1060, 1262, 10.52, 90.20, 126.92, 6
1061, 1259, 10.53, 90.16, 126.50, 7
1049, 1247, 10.59, 90.28, 126.68, 8
1045, 1261, 10.71, 90.28, 126.68, 9
1049, 1240, 10.72, 90.20, 126.74, 10
1046, 1243, 9.83, 91.35, 120.91, 1
1066, 1257, 9.93, 91.10, 129.58, 2
1049, 1264, 10.15, 91.29, 129.58, 3
1064, 1260, 10.30, 91.35, 126.43, 4
1047, 1242, 10.41, 91.53, 125.85, 5
1063, 1258, 10.42, 91.68, 125.85, 6
1048, 1238, 10.59, 91.78, 125.79, 7
1065, 1261, 10.51, 91.83, 125.85, 8
1050, 1259, 10.58, 91.86, 125.79, 9
1050, 1239, 10.63, 91.96, 126.07, 10
1061, 1252, 9.87, 92.27, 121.03, 1
1052, 1261, 10.00, 92.02, 128.72, 2
1062, 1257, 10.17, 92.12, 129.49, 3
1065, 1252, 10.34, 92.23, 126.37, 4
1049, 1239, 10.45, 92.43, 125.18, 5
1057, 1242, 10.47, 92.52, 125.37, 6
1060, 1258, 10.59, 92.61, 125.37, 7
1045, 1239, 10.61, 92.70, 125.55, 8
1059, 1239, 10.68, 92.66, 125.37, 9
1049, 1255, 10.71, 92.66, 125.55, 10
1045, 1240, 9.98, 93.11, 121.03, 1
1044, 1240, 10.08, 92.83, 129.12, 2
1062, 1253, 10.30, 92.98, 126.92, 3
1060, 1248, 10.45, 93.08, 127.38, 4
1045, 1238, 10.55, 93.14, 125.61, 5
1057, 1253, 10.56, 93.18, 124.57, 6
1045, 1237, 10.63, 93.19, 124.57, 7
1044, 1240, 10.71, 93.17, 126.74, 8
1057, 1253, 10.83, 93.35, 125.15, 9
1045, 1248, 10.90, 93.28, 125.15, 10
1047, 1238, 10.04, 93.97, 122.56, 1
1058, 1253, 10.24, 93.66, 129.58, 2
1045, 1244, 10.38, 93.53, 127.56, 3
1040, 1238, 10.51, 93.64, 125.09, 4
1061, 1248, 10.53, 93.67, 126.07, 5
1046, 1253, 10.72, 93.77, 124.57, 6
1041, 1232, 10.68, 93.81, 124.36, 7
1046, 1236, 10.78, 93.77, 124.97, 8
1057, 1233, 10.76, 93.84, 124.97, 9
1041, 1235, 10.92, 93.97, 125.21, 10
1043, 1237, 10.03, 94.43, 122.50, 1
1041, 1244, 10.20, 94.14, 128.14, 2
1056, 1250, 10.42, 94.06, 127.50, 3
1042, 1237, 10.56, 94.05, 126.19, 4
1044, 1232, 10.65, 94.14, 126.37, 5
1040, 1235, 10.72, 94.14, 124.66, 6
1054, 1235, 10.68, 94.14, 127.17, 7
1043, 1238, 10.83, 94.22, 125.43, 8
1043, 1234, 10.86, 94.17, 125.21, 9
1056, 1247, 10.93, 94.26, 125.21, 10
1059, 1242, 10.03, 94.81, 122.04, 1
1059, 1249, 10.20, 94.57, 128.45, 2
1059, 1234, 10.44, 94.47, 127.96, 3
1042, 1252, 10.48, 94.45, 126.31, 4
1060, 1245, 10.55, 94.53, 124.08, 5
1059, 1235, 10.65, 94.51, 124.21, 6
1057, 1245, 10.69, 94.59, 124.79, 7
1055, 1244, 10.75, 94.49, 124.97, 8
1060, 1246, 10.75, 94.66, 125.21, 9
1055, 1245, 10.84, 94.56, 125.21, 10
1058, 1246, 9.91, 95.09, 121.98, 1
1041, 1230, 10.11, 94.71, 128.81, 2
1058, 1251, 10.25, 94.62, 125.61, 3
1058, 1230, 10.45, 94.62, 126.22, 4
1042, 1248, 10.49, 94.68, 126.37, 5
1059, 1244, 10.59, 94.67, 124.66, 6
1040, 1230, 10.56, 94.74, 124.85, 7
1042, 1245, 10.71, 94.64, 124.97, 8
1058, 1234, 10.79, 94.69, 124.97, 9
1056, 1244, 10.80, 94.71, 125.09, 10
1053, 1243, 10.35, 95.11, 122.31, 1
1057, 1242, 10.68, 94.79, 128.45, 2
1055, 1240, 10.71, 94.64, 127.23, 3
1041, 1231, 10.98, 94.69, 125.79, 4
1051, 1242, 10.93, 94.72, 124.73, 5
1051, 1229, 11.03, 94.68, 125.46, 6
1048, 1227, 11.11, 94.69, 125.73, 7
1033, 1234, 11.26, 94.64, 125.43, 8
1038, 1239, 11.20, 94.51, 124.97, 9
1031, 1230, 11.33, 94.59, 125.79, 10
1036, 1223, 11.69, 94.82, 121.43, 1
1039, 1230, 11.89, 94.46, 129.85, 2
1040, 1225, 12.03, 94.35, 128.69, 3
1025, 1211, 12.20, 94.26, 126.68, 4
1028, 1224, 12.39, 94.47, 124.42, 5
1039, 1223, 12.36, 94.34, 124.79, 6
1024, 1223, 12.46, 94.35, 125.18, 7
1036, 1206, 12.63, 94.36, 125.15, 8
1035, 1224, 12.73, 94.39, 124.05, 9
1034, 1223, 12.68, 94.35, 125.43, 10
1015, 1190, 14.29, 93.92, 121.95, 1
1012, 1199, 14.49, 93.43, 129.85, 2
994, 1179, 14.79, 93.30, 127.90, 3
1015, 1194, 14.97, 93.28, 126.28, 4
997, 1174, 15.19, 93.32, 125.92, 5
1007, 1174, 15.27, 93.32, 124.08, 6
994, 1192, 15.38, 93.28, 124.08, 7
994, 1192, 15.54, 93.43, 125.55, 8
1007, 1188, 15.57, 93.33, 126.07, 9
1002, 1172, 15.72, 93.35, 124.54, 10
958, 1117, 19.86, 93.05, 122.04, 1
960, 1134, 20.08, 92.61, 127.50, 2
939, 1131, 20.33, 92.38, 129.49, 3
944, 1126, 20.50, 92.25, 125.55, 4
938, 1134, 20.63, 91.96, 126.01, 5
940, 1113, 20.80, 91.86, 124.97, 6
954, 1112, 20.95, 91.59, 125.21, 7
949, 1112, 20.93, 91.36, 125.15, 8
953, 1110, 21.08, 91.17, 125.21, 9
940, 1110, 21.21, 90.94, 124.73, 10
896, 1072, 25.40, 88.01, 121.03, 1
912, 1075, 25.68, 89.40, 128.81, 2
906, 1055, 25.88, 88.91, 128.91, 3
889, 1074, 26.09, 88.06, 125.95, 4
908, 1053, 26.24, 87.33, 125.46, 5
906, 1049, 26.44, 86.65, 125.67, 6
902, 1051, 26.60, 86.03, 125.95, 7
886, 1062, 26.63, 85.45, 125.95, 8
889, 1053, 26.83, 84.93, 124.42, 9
884, 1052, 26.97, 84.53, 124.24, 10
841, 1001, 31.21, 81.08, 121.15, 1
838, 1022, 31.46, 82.43, 127.90, 2
840, 1016, 31.64, 79.48, 129.33, 3
855, 1000, 31.76, 77.48, 125.92, 4
841, 1016, 32.10, 76.49, 125.67, 5
849, 998, 32.14, 75.75, 125.55, 6
850, 994, 32.28, 75.39, 125.37, 7
837, 1011, 32.33, 74.97, 123.78, 8
835, 1009, 32.53, 74.71, 125.73, 9
849, 1010, 32.50, 74.56, 125.95, 10
819, 957, 35.19, 70.49, 122.80, 1
806, 978, 35.33, 73.15, 127.99, 2
805, 977, 35.58, 70.05, 128.78, 3
806, 979, 35.67, 69.02, 126.68, 4
805, 975, 35.81, 68.26, 125.55, 5
819, 978, 35.97, 67.64, 123.96, 6
801, 959, 35.95, 67.07, 124.08, 7
816, 977, 36.08, 66.71, 124.33, 8
817, 960, 36.11, 66.30, 124.57, 9
810, 973, 36.15, 66.03, 124.82, 10
803, 958, 35.73, 60.18, 123.23, 1
813, 958, 35.80, 72.00, 128.14, 2
801, 955, 35.98, 70.42, 129.52, 3
800, 968, 36.18, 70.03, 126.28, 4
811, 954, 36.25, 69.89, 125.79, 5
811, 953, 36.39, 69.68, 124.85, 6
813, 956, 36.45, 69.39, 124.91, 7
812, 951, 36.49, 69.12, 125.79, 8
798, 970, 36.56, 68.68, 124.91, 9
812, 961, 36.63, 68.17, 125.06, 10
813, 970, 35.68, 54.78, 121.77, 1
816, 977, 35.87, 65.40, 128.78, 2
799, 975, 35.88, 63.18, 129.36, 3
821, 973, 36.04, 62.13, 125.37, 4
803, 976, 36.19, 60.98, 125.15, 5
797, 972, 36.16, 59.78, 125.18, 6
802, 970, 36.19, 56.18, 125.37, 7
800, 972, 36.32, 49.96, 125.31, 8
800, 966, 36.31, 48.16, 126.01, 9
816, 960, 36.45, 47.15, 126.28, 10
809, 965, 36.32, 47.28, 122.50, 1
813, 951, 36.50, 45.45, 128.97, 2
799, 972, 36.61, 44.56, 127.50, 3
800, 954, 36.87, 44.03, 126.89, 4
808, 956, 36.94, 43.57, 124.54, 5
794, 968, 36.94, 42.89, 124.82, 6
799, 953, 37.03, 42.65, 124.97, 7
797, 971, 37.17, 42.51, 124.97, 8
812, 954, 37.20, 42.22, 124.82, 9
811, 968, 37.30, 41.98, 124.97, 10
807, 949, 36.73, 44.14, 122.44, 1
795, 970, 36.94, 43.67, 127.93, 2
796, 969, 37.05, 42.92, 127.50, 3
803, 952, 37.21, 42.62, 126.68, 4
804, 950, 37.34, 42.19, 125.55, 5
793, 953, 37.45, 42.00, 124.91, 6
802, 950, 37.44, 41.69, 125.18, 7
794, 965, 37.48, 41.29, 125.06, 8
794, 961, 37.49, 41.28, 125.34, 9
794, 963, 37.60, 41.21, 125.61, 10
807, 943, 37.10, 44.71, 122.41, 1
796, 966, 37.20, 39.19, 127.04, 2
789, 967, 37.34, 38.23, 128.33, 3
811, 966, 37.60, 37.70, 125.92, 4
787, 946, 37.68, 37.08, 125.61, 5
804, 946, 37.65, 36.68, 125.31, 6
803, 966, 37.76, 36.27, 125.46, 7
789, 961, 37.88, 36.08, 125.92, 8
790, 949, 38.02, 35.51, 125.79, 9
790, 961, 37.92, 35.25, 126.59, 10
809, 971, 36.19, 41.45, 122.80, 1
808, 956, 36.31, 36.64, 128.45, 2
809, 955, 36.46, 36.11, 127.29, 3
815, 955, 36.57, 35.79, 126.68, 4
811, 971, 36.70, 35.68, 126.68, 5
797, 970, 36.84, 35.43, 126.80, 6
795, 967, 36.80, 35.35, 126.68, 7
813, 957, 36.94, 35.11, 126.68, 8
809, 954, 36.97, 35.18, 126.68, 9
802, 973, 37.00, 35.10, 126.80, 10
809, 984, 35.05, 43.45, 120.54, 1
809, 967, 35.21, 38.11, 129.33, 2
822, 970, 35.34, 37.50, 127.66, 3
810, 981, 35.40, 36.95, 127.04, 4
807, 984, 35.56, 36.52, 127.29, 5
822, 966, 35.60, 36.18, 127.26, 6
823, 972, 35.71, 35.84, 127.66, 7
809, 981, 35.74, 36.05, 127.66, 8
821, 979, 35.77, 35.66, 127.93, 9
822, 966, 35.74, 35.36, 126.98, 10
821, 1003, 33.39, 46.89, 121.77, 1
834, 985, 33.56, 42.24, 129.58, 2
822, 988, 33.66, 41.35, 128.45, 3
840, 987, 33.79, 40.82, 127.50, 4
840, 987, 33.77, 40.27, 127.69, 5
826, 1004, 33.96, 39.95, 127.69, 6
833, 988, 33.93, 39.53, 127.99, 7
834, 983, 33.97, 39.37, 127.90, 8
832, 985, 34.03, 39.09, 127.41, 9
824, 1001, 34.04, 38.82, 125.37, 10
846, 1023, 31.38, 50.94, 122.04, 1
853, 1002, 31.52, 45.28, 129.03, 2
836, 1006, 31.65, 44.35, 129.70, 3
839, 1024, 31.71, 43.72, 126.37, 4
843, 1019, 31.72, 43.06, 126.01, 5
838, 1023, 31.75, 42.76, 125.06, 6
840, 1013, 31.77, 42.34, 124.97, 7
840, 1020, 31.73, 42.29, 125.06, 8
842, 1020, 31.77, 41.95, 125.06, 9
842, 1004, 31.76, 41.78, 125.18, 10
900, 1071, 26.53, 55.74, 120.54, 1
901, 1062, 26.65, 51.40, 128.30, 2
901, 1076, 26.85, 50.10, 129.67, 3
907, 1073, 26.88, 49.59, 125.55, 4
886, 1079, 26.91, 49.12, 125.92, 5
904, 1058, 27.02, 48.92, 124.24, 6
900, 1077, 26.98, 48.55, 124.97, 7
906, 1062, 26.98, 48.26, 125.18, 8
899, 1068, 27.12, 47.95, 125.34, 9
903, 1060, 26.99, 47.81, 125.18, 10
910, 1086, 24.87, 61.53, 121.58, 1
921, 1089, 24.90, 57.07, 129.97, 2
908, 1097, 25.04, 55.53, 128.30, 3
911, 1097, 25.25, 54.64, 127.17, 4
922, 1083, 25.41, 54.13, 125.55, 5
919, 1097, 25.33, 53.69, 125.95, 6
905, 1082, 25.30, 53.27, 124.33, 7
921, 1087, 25.44, 52.95, 123.63, 8
902, 1083, 25.49, 52.70, 123.87, 9
915, 1096, 25.62, 52.51, 124.57, 10
909, 1084, 24.54, 63.47, 120.79, 1
905, 1103, 24.75, 57.32, 129.79, 2
922, 1085, 24.77, 55.61, 126.92, 3
918, 1096, 25.00, 54.92, 128.30, 4
923, 1088, 25.16, 54.30, 125.46, 5
919, 1100, 25.06, 53.69, 123.32, 6
923, 1101, 25.14, 53.29, 126.01, 7
908, 1088, 25.23, 52.98, 124.54, 8
909, 1100, 25.33, 52.62, 123.63, 9
923, 1104, 25.34, 52.32, 123.78, 10
923, 1091, 24.12, 63.80, 120.48, 1
924, 1098, 24.42, 57.07, 129.79, 2
911, 1089, 24.52, 55.40, 126.31, 3
925, 1106, 24.63, 54.74, 129.33, 4
924, 1091, 24.76, 54.19, 126.31, 5
911, 1087, 24.80, 53.51, 125.55, 6
927, 1104, 24.89, 53.18, 123.05, 7
913, 1091, 24.91, 52.85, 125.85, 8
911, 1089, 24.87, 52.40, 126.50, 9
909, 1090, 24.97, 52.23, 126.80, 10
923, 1097, 23.78, 64.36, 120.79, 1
914, 1111, 23.84, 57.99, 128.60, 2
933, 1109, 24.01, 56.22, 127.17, 3
932, 1111, 24.09, 55.38, 128.57, 4
925, 1111, 24.24, 54.49, 125.79, 5
919, 1094, 24.19, 54.00, 123.32, 6
915, 1100, 24.25, 53.51, 126.07, 7
916, 1107, 24.38, 53.15, 124.33, 8
918, 1096, 24.36, 52.81, 123.50, 9
930, 1108, 24.34, 52.65, 123.78, 10
946, 1113, 22.11, 64.26, 120.91, 1
929, 1127, 22.24, 58.37, 129.09, 2
932, 1109, 22.40, 56.68, 125.55, 3
932, 1114, 22.51, 55.84, 129.88, 4
931, 1117, 22.67, 55.14, 126.28, 5
943, 1112, 22.62, 54.67, 125.37, 6
945, 1128, 22.71, 54.56, 125.85, 7
934, 1113, 22.75, 54.37, 126.80, 8
931, 1126, 22.74, 54.24, 123.99, 9
932, 1115, 22.74, 53.96, 123.11, 10
966, 1144, 20.26, 65.28, 121.46, 1
946, 1135, 20.40, 60.72, 129.12, 2
953, 1133, 20.63, 58.95, 129.70, 3
964, 1150, 20.67, 57.91, 127.66, 4
944, 1136, 20.73, 57.51, 129.33, 5
953, 1156, 20.84, 56.96, 129.33, 6
951, 1136, 20.90, 56.54, 128.39, 7
953, 1137, 20.81, 56.27, 125.43, 8
948, 1134, 20.89, 56.08, 124.57, 9
960, 1150, 20.89, 55.98, 124.97, 10
981, 1168, 18.30, 67.03, 121.55, 1
982, 1158, 18.47, 63.61, 128.57, 2
976, 1159, 18.61, 62.17, 127.50, 3
985, 1156, 18.75, 61.28, 126.46, 4
985, 1172, 18.80, 60.74, 127.96, 5
970, 1156, 18.83, 60.34, 128.14, 6
977, 1154, 18.91, 59.82, 128.08, 7
969, 1156, 18.98, 59.60, 128.08, 8
984, 1157, 18.99, 59.22, 125.43, 9
980, 1157, 19.09, 59.03, 125.15, 10
998, 1184, 17.03, 68.58, 121.03, 1
995, 1186, 17.11, 65.76, 128.33, 2
983, 1189, 17.38, 64.05, 128.27, 3
993, 1188, 17.46, 63.15, 125.85, 4
997, 1175, 17.55, 62.57, 127.11, 5
983, 1191, 17.52, 62.20, 127.41, 6
988, 1172, 17.65, 61.86, 127.38, 7
976, 1173, 17.66, 61.43, 127.50, 8
994, 1185, 17.72, 60.92, 127.50, 9
986, 1173, 17.69, 60.61, 127.41, 10
990, 1183, 16.20, 70.29, 120.15, 1
1006, 1204, 16.29, 67.35, 128.45, 2
1004, 1201, 16.47, 65.74, 126.74, 3
1002, 1200, 16.50, 64.59, 125.61, 4
996, 1199, 16.66, 63.86, 126.07, 5
999, 1201, 16.67, 63.38, 126.50, 6
993, 1184, 16.70, 62.91, 126.68, 7
994, 1182, 16.83, 62.41, 126.68, 8
991, 1180, 16.77, 62.09, 126.98, 9
993, 1183, 16.87, 61.93, 126.74, 10
1012, 1186, 15.58, 71.31, 121.95, 1
1013, 1202, 15.72, 68.41, 128.45, 2
1006, 1208, 15.88, 66.77, 126.68, 3
998, 1192, 16.04, 65.60, 125.31, 4
998, 1191, 16.09, 64.83, 126.28, 5
999, 1191, 16.16, 64.26, 126.28, 6
1011, 1206, 16.17, 63.87, 126.28, 7
1019, 1203, 16.25, 63.50, 126.19, 8
1006, 1204, 16.29, 63.18, 126.19, 9
992, 1205, 16.23, 62.75, 126.28, 10
1007, 1196, 15.07, 71.73, 121.37, 1
1021, 1216, 15.14, 69.18, 129.09, 2
1014, 1214, 15.33, 67.60, 126.37, 3
1016, 1211, 15.43, 66.53, 127.41, 4
1004, 1194, 15.54, 65.94, 126.22, 5
1020, 1194, 15.65, 65.39, 125.31, 6
1019, 1211, 15.71, 64.95, 125.67, 7
1014, 1210, 15.72, 64.53, 125.67, 8
1017, 1212, 15.69, 64.36, 125.92, 9
1018, 1209, 15.68, 64.01, 125.67, 10
1008, 1204, 14.35, 72.43, 121.67, 1
1010, 1202, 14.59, 70.10, 129.03, 2
1021, 1211, 14.69, 68.61, 128.57, 3
1027, 1200, 14.89, 67.56, 126.74, 4
1009, 1208, 14.92, 66.93, 125.43, 5
1021, 1215, 15.00, 66.39, 125.79, 6
1022, 1216, 15.05, 65.91, 125.18, 7
1011, 1204, 15.10, 65.60, 125.06, 8
1010, 1202, 15.13, 65.28, 125.18, 9
1009, 1201, 15.26, 64.95, 125.43, 10
1018, 1207, 14.06, 73.31, 122.41, 1
1011, 1208, 14.13, 71.04, 128.45, 2
1016, 1211, 14.42, 69.79, 128.75, 3
1015, 1223, 14.49, 68.92, 127.17, 4
1015, 1206, 14.57, 68.24, 125.46, 5
1014, 1223, 14.61, 67.74, 124.91, 6
1017, 1208, 14.72, 67.40, 124.91, 7
1009, 1217, 14.78, 66.94, 126.28, 8
1015, 1222, 14.87, 66.66, 124.91, 9
1012, 1209, 14.89, 66.53, 125.06, 10
1014, 1208, 13.93, 74.41, 122.19, 1
1029, 1207, 14.03, 72.21, 128.91, 2
1028, 1223, 14.18, 70.99, 127.69, 3
1017, 1212, 14.37, 70.19, 126.59, 4
1019, 1220, 14.45, 69.54, 125.55, 5
1028, 1221, 14.53, 69.09, 124.57, 6
1016, 1207, 14.45, 68.60, 124.82, 7
1029, 1223, 14.49, 68.26, 125.31, 8
1026, 1209, 14.61, 67.78, 125.31, 9
1011, 1229, 14.71, 67.57, 125.73, 10
1032, 1228, 13.52, 74.76, 120.64, 1
1016, 1210, 13.67, 72.73, 128.91, 2
1021, 1220, 13.81, 71.68, 128.45, 3
1033, 1228, 13.94, 70.97, 127.11, 4
1032, 1230, 14.10, 70.35, 125.43, 5
1035, 1228, 14.23, 69.86, 124.42, 6
1034, 1226, 14.17, 69.49, 124.51, 7
1018, 1227, 14.34, 69.08, 124.36, 8
1030, 1230, 14.24, 68.55, 124.51, 9
1016, 1209, 14.37, 68.43, 124.97, 10
1016, 1219, 13.19, 75.15, 120.54, 1
1034, 1217, 13.48, 73.13, 129.67, 2
1023, 1229, 13.48, 71.96, 128.08, 3
1036, 1232, 13.70, 71.08, 125.34, 4
1023, 1214, 13.76, 70.41, 124.42, 5
1021, 1226, 13.83, 69.86, 125.55, 6
1034, 1231, 13.84, 69.54, 125.79, 7
1027, 1229, 13.93, 69.16, 124.82, 8
1024, 1216, 14.03, 68.83, 124.66, 9
1032, 1232, 13.98, 68.43, 124.91, 10
1028, 1223, 13.15, 75.52, 120.09, 1
1038, 1208, 13.25, 73.75, 129.49, 2
1034, 1230, 13.42, 72.65, 129.36, 3
1039, 1233, 13.48, 71.72, 125.31, 4
1035, 1236, 13.70, 70.98, 124.33, 5
1024, 1215, 13.70, 70.49, 125.43, 6
1025, 1234, 13.72, 70.05, 124.21, 7
1022, 1215, 13.74, 69.58, 124.21, 8
1023, 1220, 13.86, 69.30, 124.82, 9
1023, 1237, 13.98, 68.99, 124.42, 10
1029, 1234, 13.19, 76.23, 122.80, 1
1040, 1214, 13.32, 74.47, 129.79, 2
1033, 1215, 13.56, 73.53, 129.39, 3
1037, 1232, 13.72, 72.76, 125.43, 4
1036, 1228, 13.72, 72.03, 124.42, 5
1024, 1212, 13.81, 71.51, 125.61, 6
1024, 1216, 13.89, 71.02, 124.73, 7
1026, 1216, 13.86, 70.64, 124.82, 8
1026, 1213, 14.01, 70.26, 125.18, 9
1038, 1210, 14.08, 70.10, 125.31, 10
1022, 1215, 13.28, 76.94, 122.80, 1
1022, 1220, 13.42, 75.06, 128.30, 2
1037, 1220, 13.52, 74.02, 128.97, 3
1029, 1227, 13.76, 73.27, 126.40, 4
1032, 1234, 13.83, 72.64, 125.43, 5
1035, 1228, 13.90, 72.19, 125.61, 6
1038, 1213, 13.89, 71.83, 125.15, 7
1020, 1214, 13.94, 71.37, 124.97, 8
1019, 1231, 14.00, 70.94, 125.31, 9
1018, 1215, 14.14, 70.68, 125.21, 10
1019, 1210, 13.30, 77.25, 122.68, 1
1033, 1212, 13.43, 75.52, 129.67, 2
1024, 1222, 13.66, 74.54, 127.11, 3
1022, 1209, 13.73, 73.77, 124.66, 4
1035, 1215, 13.86, 73.02, 126.68, 5
1021, 1207, 13.89, 72.59, 124.82, 6
1021, 1228, 13.87, 71.96, 124.73, 7
1019, 1210, 14.04, 71.67, 125.31, 8
1021, 1229, 14.10, 71.38, 125.43, 9
1020, 1214, 14.20, 71.09, 126.07, 10
1023, 1210, 13.53, 77.89, 120.79, 1
1019, 1209, 13.65, 76.13, 129.49, 2
1033, 1225, 13.89, 75.01, 126.80, 3
1035, 1209, 14.07, 74.15, 127.29, 4
1017, 1225, 14.11, 73.61, 125.95, 5
1016, 1207, 14.17, 73.06, 125.43, 6
1029, 1224, 14.28, 72.47, 122.50, 7
1035, 1221, 14.34, 71.99, 125.06, 8
1015, 1210, 14.35, 71.64, 125.18, 9
1016, 1208, 14.41, 71.43, 122.50, 10
1014, 1205, 13.70, 78.23, 122.34, 1
1031, 1227, 13.90, 76.32, 129.03, 2
1028, 1207, 14.01, 75.27, 126.74, 3
1018, 1208, 14.16, 74.51, 125.06, 4
1016, 1214, 14.28, 73.75, 125.61, 5
1029, 1207, 14.35, 73.22, 124.82, 6
1027, 1203, 14.37, 72.71, 125.55, 7
1013, 1227, 14.34, 72.27, 125.43, 8
1018, 1205, 14.37, 71.75, 122.99, 9
1020, 1206, 14.53, 71.38, 125.55, 10
1017, 1210, 13.66, 78.26, 122.22, 1
1030, 1224, 13.80, 76.38, 129.55, 2
1018, 1209, 14.07, 75.39, 126.80, 3
1030, 1202, 14.10, 74.46, 125.15, 4
1016, 1216, 14.29, 73.74, 125.73, 5
1023, 1224, 14.27, 73.00, 124.82, 6
1019, 1208, 14.41, 72.48, 125.18, 7
1026, 1223, 14.28, 71.96, 125.37, 8
1017, 1225, 14.37, 71.74, 126.22, 9
1015, 1207, 14.39, 71.63, 126.22, 10
1030, 1227, 13.60, 78.27, 122.22, 1
1027, 1231, 13.67, 76.43, 129.94, 2
1032, 1208, 13.93, 75.33, 127.75, 3
1020, 1214, 14.14, 74.41, 125.21, 4
1013, 1225, 14.10, 73.65, 126.04, 5
1016, 1211, 14.23, 73.15, 125.21, 6
1026, 1223, 14.34, 72.60, 125.55, 7
1018, 1211, 14.31, 72.12, 125.67, 8
1031, 1217, 14.37, 71.66, 126.07, 9
1016, 1210, 14.38, 71.48, 126.22, 10
1014, 1212, 13.86, 78.69, 122.01, 1
1015, 1204, 13.87, 76.80, 129.79, 2
1030, 1222, 14.08, 75.83, 127.38, 3
1032, 1221, 14.25, 74.81, 124.97, 4
1029, 1224, 14.35, 74.13, 125.73, 5
1026, 1220, 14.51, 73.44, 124.97, 6
1015, 1208, 14.39, 72.79, 125.79, 7
1029, 1224, 14.58, 72.49, 126.46, 8
1030, 1218, 14.61, 72.15, 126.04, 9
1009, 1206, 14.64, 71.75, 126.46, 10
1024, 1221, 13.91, 78.66, 122.31, 1
1028, 1221, 14.16, 76.95, 128.85, 2
1014, 1214, 14.37, 75.91, 127.93, 3
1014, 1202, 14.51, 75.25, 126.68, 4
1013, 1205, 14.59, 74.45, 125.46, 5
1012, 1223, 14.68, 73.79, 123.54, 6
1021, 1217, 14.71, 73.26, 125.79, 7
1027, 1202, 14.68, 72.72, 126.46, 8
1026, 1207, 14.83, 72.53, 124.11, 9
1012, 1203, 14.89, 72.14, 123.54, 10
1006, 1196, 14.49, 78.87, 122.19, 1
1011, 1199, 14.66, 76.82, 129.49, 2
1005, 1207, 14.92, 75.47, 127.17, 3
1006, 1197, 14.96, 74.53, 126.46, 4
1008, 1199, 15.03, 73.66, 126.46, 5
1015, 1215, 15.10, 73.01, 123.72, 6
1019, 1208, 15.22, 72.36, 125.85, 7
1022, 1218, 15.34, 71.70, 124.54, 8
1009, 1191, 15.36, 71.29, 123.81, 9
1015, 1196, 15.36, 71.02, 123.96, 10
993, 1181, 16.88, 79.20, 120.97, 1
994, 1183, 17.08, 76.49, 129.03, 2
995, 1166, 17.28, 75.00, 128.45, 3
992, 1182, 17.36, 74.08, 126.89, 4
981, 1183, 17.56, 73.51, 125.85, 5
992, 1167, 17.57, 72.65, 124.36, 6
991, 1184, 17.63, 71.95, 124.36, 7
990, 1186, 17.68, 71.61, 124.66, 8
983, 1169, 17.75, 71.14, 124.36, 9
993, 1179, 17.84, 70.78, 126.43, 10
958, 1162, 18.93, 77.78, 121.03, 1
961, 1144, 19.14, 74.68, 129.70, 2
964, 1145, 19.46, 73.11, 128.30, 3
962, 1148, 19.61, 71.60, 125.79, 4
962, 1162, 19.72, 70.51, 125.73, 5
973, 1145, 19.94, 69.70, 124.91, 6
963, 1161, 20.01, 68.88, 125.09, 7
963, 1144, 20.18, 68.20, 124.97, 8
964, 1149, 20.26, 67.43, 125.31, 9
974, 1149, 20.40, 66.88, 125.21, 10
939, 1107, 22.00, 75.93, 122.22, 1
929, 1121, 22.10, 70.79, 126.07, 2
931, 1126, 22.33, 68.87, 129.79, 3
937, 1108, 22.38, 68.01, 124.97, 4
941, 1106, 22.52, 67.21, 125.61, 5
942, 1108, 22.62, 66.42, 124.97, 6
947, 1107, 22.58, 65.51, 125.43, 7
929, 1111, 22.72, 65.22, 125.46, 8
941, 1125, 22.81, 64.73, 125.61, 9
925, 1126, 22.68, 64.25, 124.79, 10
930, 1113, 21.72, 73.69, 121.58, 1
941, 1125, 21.85, 69.71, 127.90, 2
930, 1131, 22.10, 67.93, 128.14, 3
949, 1112, 22.25, 67.38, 127.50, 4
933, 1127, 22.25, 66.80, 125.37, 5
952, 1124, 22.36, 66.21, 124.97, 6
945, 1128, 22.47, 65.54, 125.06, 7
952, 1127, 22.38, 65.18, 125.06, 8
948, 1128, 22.59, 64.64, 125.18, 9
929, 1129, 22.59, 64.01, 125.34, 10
945, 1123, 21.72, 72.53, 121.89, 1
929, 1122, 21.86, 68.22, 127.96, 2
936, 1129, 22.03, 66.40, 128.45, 3
929, 1112, 22.24, 65.37, 125.95, 4
946, 1114, 22.29, 64.69, 125.79, 5
947, 1127, 22.34, 64.08, 125.18, 6
946, 1113, 22.47, 63.34, 125.31, 7
947, 1111, 22.50, 62.97, 125.31, 8
934, 1113, 22.55, 62.54, 123.63, 9
945, 1113, 22.54, 62.28, 125.67, 10
